Date	AHU23MixedAirTemp	MixedAirTempPredictionforContainerAHU23	
42461	nan	nan	
42461.0104166667	nan	nan	
42461.0208333333	nan	nan	
42461.03125	nan	nan	
42461.0416666667	nan	nan	
42461.0520833333	nan	nan	
42461.0625	nan	nan	
42461.0729166667	nan	nan	
42461.0833333333	nan	nan	
42461.09375	nan	nan	
42461.1041666667	nan	nan	
42461.1145833333	nan	nan	
42461.125	nan	nan	
42461.1354166667	nan	nan	
42461.1458333333	nan	nan	
42461.15625	nan	nan	
42461.1666666667	nan	nan	
42461.1770833333	nan	nan	
42461.1875	nan	nan	
42461.1979166667	nan	nan	
42461.2083333333	nan	nan	
42461.21875	nan	nan	
42461.2291666667	nan	nan	
42461.2395833333	nan	nan	
42461.25	nan	nan	
42461.2604166667	nan	nan	
42461.2708333333	nan	nan	
42461.28125	nan	nan	
42461.2916666667	nan	nan	
42461.3020833333	nan	nan	
42461.3125	nan	nan	
42461.3229166667	nan	nan	
42461.3333333333	71.79	71.0649998474121	
42461.34375	71.74	70.88	
42461.3541666667	71.92	70.9249990844727	
42461.3645833333	71.85	71.155	
42461.375	71.32	71.225	
42461.3854166667	72.19	71.32	
42461.3958333333	72.14	71.46	
42461.40625	72.02	71.465	
42461.4166666667	71.94	71.465	
42461.4270833333	71.79	71.465	
42461.4375	71.64	71.47	
42461.4479166667	71.54	71.47	
42461.4583333333	71.44	71.465	
42461.46875	71.47	71.465	
42461.4791666667	71.52	71.485	
42461.4895833333	71.56	71.49	
42461.5	71.64	71.49	
42461.5104166667	71.71	71.505	
42461.5208333333	71.74	71.5	
42461.53125	71.77	71.525	
42461.5416666667	71.81	71.525	
42461.5520833333	71.88	71.61	
42461.5625	71.94	71.595	
42461.5729166667	71.92	71.69	
42461.5833333333	71.91	71.69	
42461.59375	71.9	71.515	
42461.6041666667	71.96	71.42	
42461.6145833333	71.97	71.375	
42461.625	71.74	71.4	
42461.6354166667	71.81	71.4	
42461.6458333333	71.71	71.41	
42461.65625	71.71	71.43	
42461.6666666667	71.62	71.42	
42461.6770833333	71.91	71.41	
42461.6875	71.64	71.32	
42461.6979166667	71.68	71.32	
42461.7083333333	71.61	71.32	
42461.71875	71.52	71.33	
42461.7291666667	71.55	71.385	
42461.7395833333	71.61	71.44	
42461.75	nan	nan	
42461.7604166667	nan	nan	
42461.7708333333	nan	nan	
42461.78125	nan	nan	
42461.7916666667	nan	nan	
42461.8020833333	nan	nan	
42461.8125	nan	nan	
42461.8229166667	nan	nan	
42461.8333333333	nan	nan	
42461.84375	nan	nan	
42461.8541666667	nan	nan	
42461.8645833333	nan	nan	
42461.875	nan	nan	
42461.8854166667	nan	nan	
42461.8958333333	nan	nan	
42461.90625	nan	nan	
42461.9166666667	nan	nan	
42461.9270833333	nan	nan	
42461.9375	nan	nan	
42461.9479166667	nan	nan	
42461.9583333333	nan	nan	
42461.96875	nan	nan	
42461.9791666667	nan	nan	
42461.9895833333	nan	nan	
42462	nan	nan	
42462.0104166667	nan	nan	
42462.0208333333	nan	nan	
42462.03125	nan	nan	
42462.0416666667	nan	nan	
42462.0520833333	nan	nan	
42462.0625	nan	nan	
42462.0729166667	nan	nan	
42462.0833333333	nan	nan	
42462.09375	nan	nan	
42462.1041666667	nan	nan	
42462.1145833333	nan	nan	
42462.125	nan	nan	
42462.1354166667	nan	nan	
42462.1458333333	nan	nan	
42462.15625	nan	nan	
42462.1666666667	nan	nan	
42462.1770833333	nan	nan	
42462.1875	nan	nan	
42462.1979166667	nan	nan	
42462.2083333333	nan	nan	
42462.21875	nan	nan	
42462.2291666667	nan	nan	
42462.2395833333	nan	nan	
42462.25	nan	nan	
42462.2604166667	nan	nan	
42462.2708333333	nan	nan	
42462.28125	nan	nan	
42462.2916666667	nan	nan	
42462.3020833333	nan	nan	
42462.3125	nan	nan	
42462.3229166667	nan	nan	
42462.3333333333	nan	nan	
42462.34375	nan	nan	
42462.3541666667	nan	nan	
42462.3645833333	nan	nan	
42462.375	nan	nan	
42462.3854166667	nan	nan	
42462.3958333333	nan	nan	
42462.40625	nan	nan	
42462.4166666667	nan	nan	
42462.4270833333	nan	nan	
42462.4375	nan	nan	
42462.4479166667	nan	nan	
42462.4583333333	nan	nan	
42462.46875	nan	nan	
42462.4791666667	nan	nan	
42462.4895833333	nan	nan	
42462.5	nan	nan	
42462.5104166667	nan	nan	
42462.5208333333	nan	nan	
42462.53125	nan	nan	
42462.5416666667	nan	nan	
42462.5520833333	nan	nan	
42462.5625	nan	nan	
42462.5729166667	nan	nan	
42462.5833333333	nan	nan	
42462.59375	nan	nan	
42462.6041666667	nan	nan	
42462.6145833333	nan	nan	
42462.625	nan	nan	
42462.6354166667	nan	nan	
42462.6458333333	nan	nan	
42462.65625	nan	nan	
42462.6666666667	nan	nan	
42462.6770833333	nan	nan	
42462.6875	nan	nan	
42462.6979166667	nan	nan	
42462.7083333333	nan	nan	
42462.71875	nan	nan	
42462.7291666667	nan	nan	
42462.7395833333	nan	nan	
42462.75	nan	nan	
42462.7604166667	nan	nan	
42462.7708333333	nan	nan	
42462.78125	nan	nan	
42462.7916666667	nan	nan	
42462.8020833333	nan	nan	
42462.8125	nan	nan	
42462.8229166667	nan	nan	
42462.8333333333	nan	nan	
42462.84375	nan	nan	
42462.8541666667	nan	nan	
42462.8645833333	nan	nan	
42462.875	nan	nan	
42462.8854166667	nan	nan	
42462.8958333333	nan	nan	
42462.90625	nan	nan	
42462.9166666667	nan	nan	
42462.9270833333	nan	nan	
42462.9375	nan	nan	
42462.9479166667	nan	nan	
42462.9583333333	nan	nan	
42462.96875	nan	nan	
42462.9791666667	nan	nan	
42462.9895833333	nan	nan	
42463	nan	nan	
42463.0104166667	nan	nan	
42463.0208333333	nan	nan	
42463.03125	nan	nan	
42463.0416666667	nan	nan	
42463.0520833333	nan	nan	
42463.0625	nan	nan	
42463.0729166667	nan	nan	
42463.0833333333	nan	nan	
42463.09375	nan	nan	
42463.1041666667	nan	nan	
42463.1145833333	nan	nan	
42463.125	nan	nan	
42463.1354166667	nan	nan	
42463.1458333333	nan	nan	
42463.15625	nan	nan	
42463.1666666667	nan	nan	
42463.1770833333	nan	nan	
42463.1875	nan	nan	
42463.1979166667	nan	nan	
42463.2083333333	nan	nan	
42463.21875	nan	nan	
42463.2291666667	nan	nan	
42463.2395833333	nan	nan	
42463.25	nan	nan	
42463.2604166667	nan	nan	
42463.2708333333	nan	nan	
42463.28125	nan	nan	
42463.2916666667	nan	nan	
42463.3020833333	nan	nan	
42463.3125	nan	nan	
42463.3229166667	nan	nan	
42463.3333333333	nan	nan	
42463.34375	nan	nan	
42463.3541666667	nan	nan	
42463.3645833333	nan	nan	
42463.375	nan	nan	
42463.3854166667	nan	nan	
42463.3958333333	nan	nan	
42463.40625	nan	nan	
42463.4166666667	nan	nan	
42463.4270833333	nan	nan	
42463.4375	nan	nan	
42463.4479166667	nan	nan	
42463.4583333333	nan	nan	
42463.46875	nan	nan	
42463.4791666667	nan	nan	
42463.4895833333	nan	nan	
42463.5	nan	nan	
42463.5104166667	nan	nan	
42463.5208333333	nan	nan	
42463.53125	nan	nan	
42463.5416666667	nan	nan	
42463.5520833333	nan	nan	
42463.5625	nan	nan	
42463.5729166667	nan	nan	
42463.5833333333	nan	nan	
42463.59375	nan	nan	
42463.6041666667	nan	nan	
42463.6145833333	nan	nan	
42463.625	nan	nan	
42463.6354166667	nan	nan	
42463.6458333333	nan	nan	
42463.65625	nan	nan	
42463.6666666667	nan	nan	
42463.6770833333	nan	nan	
42463.6875	nan	nan	
42463.6979166667	nan	nan	
42463.7083333333	nan	nan	
42463.71875	nan	nan	
42463.7291666667	nan	nan	
42463.7395833333	nan	nan	
42463.75	nan	nan	
42463.7604166667	nan	nan	
42463.7708333333	nan	nan	
42463.78125	nan	nan	
42463.7916666667	nan	nan	
42463.8020833333	nan	nan	
42463.8125	nan	nan	
42463.8229166667	nan	nan	
42463.8333333333	nan	nan	
42463.84375	nan	nan	
42463.8541666667	nan	nan	
42463.8645833333	nan	nan	
42463.875	nan	nan	
42463.8854166667	nan	nan	
42463.8958333333	nan	nan	
42463.90625	nan	nan	
42463.9166666667	nan	nan	
42463.9270833333	nan	nan	
42463.9375	nan	nan	
42463.9479166667	nan	nan	
42463.9583333333	nan	nan	
42463.96875	nan	nan	
42463.9791666667	nan	nan	
42463.9895833333	nan	nan	
42464	nan	nan	
42464.0104166667	nan	nan	
42464.0208333333	nan	nan	
42464.03125	nan	nan	
42464.0416666667	nan	nan	
42464.0520833333	nan	nan	
42464.0625	nan	nan	
42464.0729166667	nan	nan	
42464.0833333333	nan	nan	
42464.09375	nan	nan	
42464.1041666667	nan	nan	
42464.1145833333	nan	nan	
42464.125	nan	nan	
42464.1354166667	nan	nan	
42464.1458333333	nan	nan	
42464.15625	nan	nan	
42464.1666666667	nan	nan	
42464.1770833333	nan	nan	
42464.1875	nan	nan	
42464.1979166667	nan	nan	
42464.2083333333	nan	nan	
42464.21875	nan	nan	
42464.2291666667	nan	nan	
42464.2395833333	nan	nan	
42464.25	nan	nan	
42464.2604166667	nan	nan	
42464.2708333333	nan	nan	
42464.28125	nan	nan	
42464.2916666667	nan	nan	
42464.3020833333	nan	nan	
42464.3125	nan	nan	
42464.3229166667	nan	nan	
42464.3333333333	70.54	70.5	
42464.34375	70.66	70.86	
42464.3541666667	70.87	70.87	
42464.3645833333	71.04	71.0599975585938	
42464.375	71.15	71.18	
42464.3854166667	71.5	71.335	
42464.3958333333	71.6	71.485	
42464.40625	71.62	71.545	
42464.4166666667	71.52	71.545	
42464.4270833333	71.54	71.555	
42464.4375	71.74	71.575	
42464.4479166667	71.92	71.575	
42464.4583333333	71.98	71.61	
42464.46875	71.99	71.62	
42464.4791666667	72.07	71.605	
42464.4895833333	72.16	71.71	
42464.5	72.14	71.82	
42464.5104166667	72.06	71.855001373291	
42464.5208333333	72.13	71.875	
42464.53125	72.24	71.98	
42464.5416666667	72.36	71.9899978637695	
42464.5520833333	72.41	72.065	
42464.5625	72.58	72.07	
42464.5729166667	72.6	72.08	
42464.5833333333	72.66	72.120001373291	
42464.59375	72.67	72.1899984741211	
42464.6041666667	72.75	72.15	
42464.6145833333	72.84	72.18	
42464.625	72.91	72.2600001525879	
42464.6354166667	73.01	72.2600001525879	
42464.6458333333	73.02	72.2600001525879	
42464.65625	72.97	72.345	
42464.6666666667	73.01	72.36	
42464.6770833333	73.05	72.47	
42464.6875	73.13	72.795	
42464.6979166667	73.17	72.8899993896484	
42464.7083333333	73.15	73.0100021362305	
42464.71875	73.06	72.9100036621094	
42464.7291666667	72.99	72.8899993896484	
42464.7395833333	73.04	72.8800010681152	
42464.75	nan	nan	
42464.7604166667	nan	nan	
42464.7708333333	nan	nan	
42464.78125	nan	nan	
42464.7916666667	nan	nan	
42464.8020833333	nan	nan	
42464.8125	nan	nan	
42464.8229166667	nan	nan	
42464.8333333333	nan	nan	
42464.84375	nan	nan	
42464.8541666667	nan	nan	
42464.8645833333	nan	nan	
42464.875	nan	nan	
42464.8854166667	nan	nan	
42464.8958333333	nan	nan	
42464.90625	nan	nan	
42464.9166666667	nan	nan	
42464.9270833333	nan	nan	
42464.9375	nan	nan	
42464.9479166667	nan	nan	
42464.9583333333	nan	nan	
42464.96875	nan	nan	
42464.9791666667	nan	nan	
42464.9895833333	nan	nan	
42465	nan	nan	
42465.0104166667	nan	nan	
42465.0208333333	nan	nan	
42465.03125	nan	nan	
42465.0416666667	nan	nan	
42465.0520833333	nan	nan	
42465.0625	nan	nan	
42465.0729166667	nan	nan	
42465.0833333333	nan	nan	
42465.09375	nan	nan	
42465.1041666667	nan	nan	
42465.1145833333	nan	nan	
42465.125	nan	nan	
42465.1354166667	nan	nan	
42465.1458333333	nan	nan	
42465.15625	nan	nan	
42465.1666666667	nan	nan	
42465.1770833333	nan	nan	
42465.1875	nan	nan	
42465.1979166667	nan	nan	
42465.2083333333	nan	nan	
42465.21875	nan	nan	
42465.2291666667	nan	nan	
42465.2395833333	nan	nan	
42465.25	nan	nan	
42465.2604166667	nan	nan	
42465.2708333333	nan	nan	
42465.28125	nan	nan	
42465.2916666667	nan	nan	
42465.3020833333	nan	nan	
42465.3125	nan	nan	
42465.3229166667	nan	nan	
42465.3333333333	70.99	69.95	
42465.34375	71.19	70.55	
42465.3541666667	71.41	70.72	
42465.3645833333	71.57	71	
42465.375	71.76	71.105	
42465.3854166667	72.06	71.3550007629395	
42465.3958333333	72	71.4400018310547	
42465.40625	72.04	71.5500015258789	
42465.4166666667	72.17	71.5899987792969	
42465.4270833333	72.26	71.78	
42465.4375	72.21	71.8	
42465.4479166667	72.1	71.815	
42465.4583333333	72.12	71.765	
42465.46875	72.14	71.71	
42465.4791666667	72.21	71.71	
42465.4895833333	72.28	71.695	
42465.5	72.4	71.815	
42465.5104166667	72.49	71.95	
42465.5208333333	72.57	72.05	
42465.53125	72.6	72.0800015258789	
42465.5416666667	72.67	72.16	
42465.5520833333	72.68	72.2799996948242	
42465.5625	72.72	72.4000018310547	
42465.5729166667	72.87	72.46	
42465.5833333333	72.91	72.46	
42465.59375	72.96	72.405	
42465.6041666667	72.96	72.295	
42465.6145833333	73.03	72.185	
42465.625	73.06	72.155	
42465.6354166667	73.09	72.075	
42465.6458333333	73.14	72.13	
42465.65625	73.19	72.145	
42465.6666666667	73.2	72.22	
42465.6770833333	73.28	72.255	
42465.6875	73.32	72.28	
42465.6979166667	73.36	72.28	
42465.7083333333	73.35	72.255	
42465.71875	73.26	72.285	
42465.7291666667	73.14	72.345	
42465.7395833333	73.02	72.4	
42465.75	nan	nan	
42465.7604166667	nan	nan	
42465.7708333333	nan	nan	
42465.78125	nan	nan	
42465.7916666667	nan	nan	
42465.8020833333	nan	nan	
42465.8125	nan	nan	
42465.8229166667	nan	nan	
42465.8333333333	nan	nan	
42465.84375	nan	nan	
42465.8541666667	nan	nan	
42465.8645833333	nan	nan	
42465.875	nan	nan	
42465.8854166667	nan	nan	
42465.8958333333	nan	nan	
42465.90625	nan	nan	
42465.9166666667	nan	nan	
42465.9270833333	nan	nan	
42465.9375	nan	nan	
42465.9479166667	nan	nan	
42465.9583333333	nan	nan	
42465.96875	nan	nan	
42465.9791666667	nan	nan	
42465.9895833333	nan	nan	
42466	nan	nan	
42466.0104166667	nan	nan	
42466.0208333333	nan	nan	
42466.03125	nan	nan	
42466.0416666667	nan	nan	
42466.0520833333	nan	nan	
42466.0625	nan	nan	
42466.0729166667	nan	nan	
42466.0833333333	nan	nan	
42466.09375	nan	nan	
42466.1041666667	nan	nan	
42466.1145833333	nan	nan	
42466.125	nan	nan	
42466.1354166667	nan	nan	
42466.1458333333	nan	nan	
42466.15625	nan	nan	
42466.1666666667	nan	nan	
42466.1770833333	nan	nan	
42466.1875	nan	nan	
42466.1979166667	nan	nan	
42466.2083333333	nan	nan	
42466.21875	nan	nan	
42466.2291666667	nan	nan	
42466.2395833333	nan	nan	
42466.25	nan	nan	
42466.2604166667	nan	nan	
42466.2708333333	nan	nan	
42466.28125	nan	nan	
42466.2916666667	nan	nan	
42466.3020833333	nan	nan	
42466.3125	nan	nan	
42466.3229166667	nan	nan	
42466.3333333333	71.76	71.165	
42466.34375	71.91	71.17	
42466.3541666667	71.86	71.205	
42466.3645833333	72.14	71.24	
42466.375	71.41	71.41	
42466.3854166667	72.09	71.33	
42466.3958333333	72.02	71.425	
42466.40625	71.91	71.43	
42466.4166666667	71.76	71.43	
42466.4270833333	71.84	71.5100021362305	
42466.4375	71.85	71.5100021362305	
42466.4479166667	71.82	71.5350010681153	
42466.4583333333	71.9	71.47	
42466.46875	72.01	71.63	
42466.4791666667	72.09	71.79	
42466.4895833333	72.13	71.885	
42466.5	72.19	71.91	
42466.5104166667	72.21	71.92	
42466.5208333333	72.34	71.955	
42466.53125	72.46	71.955	
42466.5416666667	72.44	72.015	
42466.5520833333	72.49	72.12	
42466.5625	72.52	72.055	
42466.5729166667	72.76	71.87	
42466.5833333333	72.77	71.865	
42466.59375	72.67	72.105	
42466.6041666667	72.71	72.21	
42466.6145833333	72.61	72.255	
42466.625	72.64	72.24	
42466.6354166667	72.53	72.2049980163575	
42466.6458333333	72.46	72.1949996948242	
42466.65625	72.35	72.2049980163575	
42466.6666666667	72.4	72.2049980163575	
42466.6770833333	72.56	72.2049980163575	
42466.6875	72.66	72.2049980163575	
42466.6979166667	72.81	72.2449989318848	
42466.7083333333	72.79	72.5299990844726	
42466.71875	72.67	72.5299990844726	
42466.7291666667	72.51	72.5350012207032	
42466.7395833333	72.36	72.5149989318847	
42466.75	nan	nan	
42466.7604166667	nan	nan	
42466.7708333333	nan	nan	
42466.78125	nan	nan	
42466.7916666667	nan	nan	
42466.8020833333	nan	nan	
42466.8125	nan	nan	
42466.8229166667	nan	nan	
42466.8333333333	nan	nan	
42466.84375	nan	nan	
42466.8541666667	nan	nan	
42466.8645833333	nan	nan	
42466.875	nan	nan	
42466.8854166667	nan	nan	
42466.8958333333	nan	nan	
42466.90625	nan	nan	
42466.9166666667	nan	nan	
42466.9270833333	nan	nan	
42466.9375	nan	nan	
42466.9479166667	nan	nan	
42466.9583333333	nan	nan	
42466.96875	nan	nan	
42466.9791666667	nan	nan	
42466.9895833333	nan	nan	
42467	nan	nan	
42467.0104166667	nan	nan	
42467.0208333333	nan	nan	
42467.03125	nan	nan	
42467.0416666667	nan	nan	
42467.0520833333	nan	nan	
42467.0625	nan	nan	
42467.0729166667	nan	nan	
42467.0833333333	nan	nan	
42467.09375	nan	nan	
42467.1041666667	nan	nan	
42467.1145833333	nan	nan	
42467.125	nan	nan	
42467.1354166667	nan	nan	
42467.1458333333	nan	nan	
42467.15625	nan	nan	
42467.1666666667	nan	nan	
42467.1770833333	nan	nan	
42467.1875	nan	nan	
42467.1979166667	nan	nan	
42467.2083333333	nan	nan	
42467.21875	nan	nan	
42467.2291666667	nan	nan	
42467.2395833333	nan	nan	
42467.25	nan	nan	
42467.2604166667	nan	nan	
42467.2708333333	nan	nan	
42467.28125	nan	nan	
42467.2916666667	nan	nan	
42467.3020833333	nan	nan	
42467.3125	nan	nan	
42467.3229166667	nan	nan	
42467.3333333333	70.51	69.75	
42467.34375	70.72	69.985	
42467.3541666667	70.98	70.405	
42467.3645833333	71.19	70.4399995422364	
42467.375	71.12	70.88	
42467.3854166667	71.54	71.19	
42467.3958333333	71.56	71.565	
42467.40625	71.56	71.63	
42467.4166666667	71.61	71.62	
42467.4270833333	71.55	71.71	
42467.4375	71.55	71.765	
42467.4479166667	71.57	71.805	
42467.4583333333	71.64	71.85	
42467.46875	71.76	71.96	
42467.4791666667	71.91	71.995	
42467.4895833333	71.94	72.2599983215332	
42467.5	71.98	72.2599983215332	
42467.5104166667	72.07	72.3400001525879	
42467.5208333333	72.2	72.36	
42467.53125	72.28	72.3850007629395	
42467.5416666667	72.41	72.4699995422364	
42467.5520833333	72.49	72.5	
42467.5625	72.68	72.5	
42467.5729166667	72.73	72.5200004577637	
42467.5833333333	72.82	72.5799981689453	
42467.59375	72.88	72.5949974060058	
42467.6041666667	72.97	72.6100006103515	
42467.6145833333	73.13	72.6349983215332	
42467.625	73.22	72.6699981689453	
42467.6354166667	73.11	72.6749992370605	
42467.6458333333	73.04	72.685001373291	
42467.65625	73.21	72.6900024414063	
42467.6666666667	73.3	72.71000289917	
42467.6770833333	73.27	72.71000289917	
42467.6875	73.27	72.71000289917	
42467.6979166667	73.28	72.6700019836426	
42467.7083333333	73.25	72.7199974060059	
42467.71875	73.03	72.754997253418	
42467.7291666667	72.88	72.754997253418	
42467.7395833333	73.01	72.7299995422363	
42467.75	nan	nan	
42467.7604166667	nan	nan	
42467.7708333333	nan	nan	
42467.78125	nan	nan	
42467.7916666667	nan	nan	
42467.8020833333	nan	nan	
42467.8125	nan	nan	
42467.8229166667	nan	nan	
42467.8333333333	nan	nan	
42467.84375	nan	nan	
42467.8541666667	nan	nan	
42467.8645833333	nan	nan	
42467.875	nan	nan	
42467.8854166667	nan	nan	
42467.8958333333	nan	nan	
42467.90625	nan	nan	
42467.9166666667	nan	nan	
42467.9270833333	nan	nan	
42467.9375	nan	nan	
42467.9479166667	nan	nan	
42467.9583333333	nan	nan	
42467.96875	nan	nan	
42467.9791666667	nan	nan	
42467.9895833333	nan	nan	
42468	nan	nan	
42468.0104166667	nan	nan	
42468.0208333333	nan	nan	
42468.03125	nan	nan	
42468.0416666667	nan	nan	
42468.0520833333	nan	nan	
42468.0625	nan	nan	
42468.0729166667	nan	nan	
42468.0833333333	nan	nan	
42468.09375	nan	nan	
42468.1041666667	nan	nan	
42468.1145833333	nan	nan	
42468.125	nan	nan	
42468.1354166667	nan	nan	
42468.1458333333	nan	nan	
42468.15625	nan	nan	
42468.1666666667	nan	nan	
42468.1770833333	nan	nan	
42468.1875	nan	nan	
42468.1979166667	nan	nan	
42468.2083333333	nan	nan	
42468.21875	nan	nan	
42468.2291666667	nan	nan	
42468.2395833333	nan	nan	
42468.25	nan	nan	
42468.2604166667	nan	nan	
42468.2708333333	nan	nan	
42468.28125	nan	nan	
42468.2916666667	nan	nan	
42468.3020833333	nan	nan	
42468.3125	nan	nan	
42468.3229166667	nan	nan	
42468.3333333333	71.44	71.1349995422364	
42468.34375	71.7	70.995	
42468.3541666667	71.86	71.36	
42468.3645833333	71.83	71.505	
42468.375	71.72	71.565	
42468.3854166667	71.88	71.7	
42468.3958333333	71.77	71.685	
42468.40625	71.69	71.68	
42468.4166666667	71.68	71.7049984741211	
42468.4270833333	71.69	71.6899984741211	
42468.4375	71.72	71.635	
42468.4479166667	71.76	71.565	
42468.4583333333	71.81	71.55	
42468.46875	71.94	71.555	
42468.4791666667	71.99	71.58	
42468.4895833333	72.02	71.61	
42468.5	72.07	71.605	
42468.5104166667	72.16	71.58	
42468.5208333333	72.26	71.58	
42468.53125	72.41	71.655	
42468.5416666667	72.31	71.705	
42468.5520833333	72.33	71.72	
42468.5625	72.48	71.865	
42468.5729166667	72.62	71.91	
42468.5833333333	72.52	72.04	
42468.59375	72.66	72.095	
42468.6041666667	72.62	72.11	
42468.6145833333	72.75	72.14	
42468.625	72.74	72.18	
42468.6354166667	72.81	72.205	
42468.6458333333	72.86	72.225	
42468.65625	72.9	72.275	
42468.6666666667	72.96	72.31	
42468.6770833333	72.99	72.315	
42468.6875	73.01	72.315	
42468.6979166667	72.91	72.19	
42468.7083333333	72.85	72.15	
42468.71875	72.81	72.19	
42468.7291666667	72.78	72.155	
42468.7395833333	72.82	72.09	
42468.75	nan	nan	
42468.7604166667	nan	nan	
42468.7708333333	nan	nan	
42468.78125	nan	nan	
42468.7916666667	nan	nan	
42468.8020833333	nan	nan	
42468.8125	nan	nan	
42468.8229166667	nan	nan	
42468.8333333333	nan	nan	
42468.84375	nan	nan	
42468.8541666667	nan	nan	
42468.8645833333	nan	nan	
42468.875	nan	nan	
42468.8854166667	nan	nan	
42468.8958333333	nan	nan	
42468.90625	nan	nan	
42468.9166666667	nan	nan	
42468.9270833333	nan	nan	
42468.9375	nan	nan	
42468.9479166667	nan	nan	
42468.9583333333	nan	nan	
42468.96875	nan	nan	
42468.9791666667	nan	nan	
42468.9895833333	nan	nan	
42469	nan	nan	
42469.0104166667	nan	nan	
42469.0208333333	nan	nan	
42469.03125	nan	nan	
42469.0416666667	nan	nan	
42469.0520833333	nan	nan	
42469.0625	nan	nan	
42469.0729166667	nan	nan	
42469.0833333333	nan	nan	
42469.09375	nan	nan	
42469.1041666667	nan	nan	
42469.1145833333	nan	nan	
42469.125	nan	nan	
42469.1354166667	nan	nan	
42469.1458333333	nan	nan	
42469.15625	nan	nan	
42469.1666666667	nan	nan	
42469.1770833333	nan	nan	
42469.1875	nan	nan	
42469.1979166667	nan	nan	
42469.2083333333	nan	nan	
42469.21875	nan	nan	
42469.2291666667	nan	nan	
42469.2395833333	nan	nan	
42469.25	nan	nan	
42469.2604166667	nan	nan	
42469.2708333333	nan	nan	
42469.28125	nan	nan	
42469.2916666667	nan	nan	
42469.3020833333	nan	nan	
42469.3125	nan	nan	
42469.3229166667	nan	nan	
42469.3333333333	nan	nan	
42469.34375	nan	nan	
42469.3541666667	nan	nan	
42469.3645833333	nan	nan	
42469.375	nan	nan	
42469.3854166667	nan	nan	
42469.3958333333	nan	nan	
42469.40625	nan	nan	
42469.4166666667	nan	nan	
42469.4270833333	nan	nan	
42469.4375	nan	nan	
42469.4479166667	nan	nan	
42469.4583333333	nan	nan	
42469.46875	nan	nan	
42469.4791666667	nan	nan	
42469.4895833333	nan	nan	
42469.5	nan	nan	
42469.5104166667	nan	nan	
42469.5208333333	nan	nan	
42469.53125	nan	nan	
42469.5416666667	nan	nan	
42469.5520833333	nan	nan	
42469.5625	nan	nan	
42469.5729166667	nan	nan	
42469.5833333333	nan	nan	
42469.59375	nan	nan	
42469.6041666667	nan	nan	
42469.6145833333	nan	nan	
42469.625	nan	nan	
42469.6354166667	nan	nan	
42469.6458333333	nan	nan	
42469.65625	nan	nan	
42469.6666666667	nan	nan	
42469.6770833333	nan	nan	
42469.6875	nan	nan	
42469.6979166667	nan	nan	
42469.7083333333	nan	nan	
42469.71875	nan	nan	
42469.7291666667	nan	nan	
42469.7395833333	nan	nan	
42469.75	nan	nan	
42469.7604166667	nan	nan	
42469.7708333333	nan	nan	
42469.78125	nan	nan	
42469.7916666667	nan	nan	
42469.8020833333	nan	nan	
42469.8125	nan	nan	
42469.8229166667	nan	nan	
42469.8333333333	nan	nan	
42469.84375	nan	nan	
42469.8541666667	nan	nan	
42469.8645833333	nan	nan	
42469.875	nan	nan	
42469.8854166667	nan	nan	
42469.8958333333	nan	nan	
42469.90625	nan	nan	
42469.9166666667	nan	nan	
42469.9270833333	nan	nan	
42469.9375	nan	nan	
42469.9479166667	nan	nan	
42469.9583333333	nan	nan	
42469.96875	nan	nan	
42469.9791666667	nan	nan	
42469.9895833333	nan	nan	
42470	nan	nan	
42470.0104166667	nan	nan	
42470.0208333333	nan	nan	
42470.03125	nan	nan	
42470.0416666667	nan	nan	
42470.0520833333	nan	nan	
42470.0625	nan	nan	
42470.0729166667	nan	nan	
42470.0833333333	nan	nan	
42470.09375	nan	nan	
42470.1041666667	nan	nan	
42470.1145833333	nan	nan	
42470.125	nan	nan	
42470.1354166667	nan	nan	
42470.1458333333	nan	nan	
42470.15625	nan	nan	
42470.1666666667	nan	nan	
42470.1770833333	nan	nan	
42470.1875	nan	nan	
42470.1979166667	nan	nan	
42470.2083333333	nan	nan	
42470.21875	nan	nan	
42470.2291666667	nan	nan	
42470.2395833333	nan	nan	
42470.25	nan	nan	
42470.2604166667	nan	nan	
42470.2708333333	nan	nan	
42470.28125	nan	nan	
42470.2916666667	nan	nan	
42470.3020833333	nan	nan	
42470.3125	nan	nan	
42470.3229166667	nan	nan	
42470.3333333333	nan	nan	
42470.34375	nan	nan	
42470.3541666667	nan	nan	
42470.3645833333	nan	nan	
42470.375	nan	nan	
42470.3854166667	nan	nan	
42470.3958333333	nan	nan	
42470.40625	nan	nan	
42470.4166666667	nan	nan	
42470.4270833333	nan	nan	
42470.4375	nan	nan	
42470.4479166667	nan	nan	
42470.4583333333	nan	nan	
42470.46875	nan	nan	
42470.4791666667	nan	nan	
42470.4895833333	nan	nan	
42470.5	nan	nan	
42470.5104166667	nan	nan	
42470.5208333333	nan	nan	
42470.53125	nan	nan	
42470.5416666667	nan	nan	
42470.5520833333	nan	nan	
42470.5625	nan	nan	
42470.5729166667	nan	nan	
42470.5833333333	nan	nan	
42470.59375	nan	nan	
42470.6041666667	nan	nan	
42470.6145833333	nan	nan	
42470.625	nan	nan	
42470.6354166667	nan	nan	
42470.6458333333	nan	nan	
42470.65625	nan	nan	
42470.6666666667	nan	nan	
42470.6770833333	nan	nan	
42470.6875	nan	nan	
42470.6979166667	nan	nan	
42470.7083333333	nan	nan	
42470.71875	nan	nan	
42470.7291666667	nan	nan	
42470.7395833333	nan	nan	
42470.75	nan	nan	
42470.7604166667	nan	nan	
42470.7708333333	nan	nan	
42470.78125	nan	nan	
42470.7916666667	nan	nan	
42470.8020833333	nan	nan	
42470.8125	nan	nan	
42470.8229166667	nan	nan	
42470.8333333333	nan	nan	
42470.84375	nan	nan	
42470.8541666667	nan	nan	
42470.8645833333	nan	nan	
42470.875	nan	nan	
42470.8854166667	nan	nan	
42470.8958333333	nan	nan	
42470.90625	nan	nan	
42470.9166666667	nan	nan	
42470.9270833333	nan	nan	
42470.9375	nan	nan	
42470.9479166667	nan	nan	
42470.9583333333	nan	nan	
42470.96875	nan	nan	
42470.9791666667	nan	nan	
42470.9895833333	nan	nan	
42471	nan	nan	
42471.0104166667	nan	nan	
42471.0208333333	nan	nan	
42471.03125	nan	nan	
42471.0416666667	nan	nan	
42471.0520833333	nan	nan	
42471.0625	nan	nan	
42471.0729166667	nan	nan	
42471.0833333333	nan	nan	
42471.09375	nan	nan	
42471.1041666667	nan	nan	
42471.1145833333	nan	nan	
42471.125	nan	nan	
42471.1354166667	nan	nan	
42471.1458333333	nan	nan	
42471.15625	nan	nan	
42471.1666666667	nan	nan	
42471.1770833333	nan	nan	
42471.1875	nan	nan	
42471.1979166667	nan	nan	
42471.2083333333	nan	nan	
42471.21875	nan	nan	
42471.2291666667	nan	nan	
42471.2395833333	nan	nan	
42471.25	nan	nan	
42471.2604166667	nan	nan	
42471.2708333333	nan	nan	
42471.28125	nan	nan	
42471.2916666667	nan	nan	
42471.3020833333	nan	nan	
42471.3125	nan	nan	
42471.3229166667	nan	nan	
42471.3333333333	72.28	72.4700012207031	
42471.34375	72.34	72.3699989318848	
42471.3541666667	72.51	72.2599983215332	
42471.3645833333	72.69	72.2550010681152	
42471.375	72.56	72.2449989318848	
42471.3854166667	72.48	72.1600036621094	
42471.3958333333	72.47	72.025001525879	
42471.40625	72.39	72.025001525879	
42471.4166666667	72.31	71.76	
42471.4270833333	72.31	71.87	
42471.4375	72.34	71.875	
42471.4479166667	72.34	71.75	
42471.4583333333	72.36	71.76	
42471.46875	72.28	71.81	
42471.4791666667	72.33	71.8899993896484	
42471.4895833333	72.32	71.8899993896484	
42471.5	72.31	71.855001373291	
42471.5104166667	72.42	71.8849983215332	
42471.5208333333	72.42	71.8399981689453	
42471.53125	72.41	71.835	
42471.5416666667	72.37	71.91	
42471.5520833333	72.36	71.91	
42471.5625	72.37	71.995	
42471.5729166667	72.43	71.995	
42471.5833333333	72.46	72.065	
42471.59375	72.48	72.08	
42471.6041666667	72.43	72.095	
42471.6145833333	72.42	72.11	
42471.625	72.44	72.335	
42471.6354166667	72.52	72.35	
42471.6458333333	72.51	72.415	
42471.65625	72.62	72.515	
42471.6666666667	72.67	72.53	
42471.6770833333	72.64	72.525	
42471.6875	72.78	72.495	
42471.6979166667	72.72	72.47	
42471.7083333333	72.69	72.47	
42471.71875	72.44	72.69	
42471.7291666667	72.27	72.49	
42471.7395833333	72.37	72.44	
42471.75	nan	nan	
42471.7604166667	nan	nan	
42471.7708333333	nan	nan	
42471.78125	nan	nan	
42471.7916666667	nan	nan	
42471.8020833333	nan	nan	
42471.8125	nan	nan	
42471.8229166667	nan	nan	
42471.8333333333	nan	nan	
42471.84375	nan	nan	
42471.8541666667	nan	nan	
42471.8645833333	nan	nan	
42471.875	nan	nan	
42471.8854166667	nan	nan	
42471.8958333333	nan	nan	
42471.90625	nan	nan	
42471.9166666667	nan	nan	
42471.9270833333	nan	nan	
42471.9375	nan	nan	
42471.9479166667	nan	nan	
42471.9583333333	nan	nan	
42471.96875	nan	nan	
42471.9791666667	nan	nan	
42471.9895833333	nan	nan	
42472	nan	nan	
42472.0104166667	nan	nan	
42472.0208333333	nan	nan	
42472.03125	nan	nan	
42472.0416666667	nan	nan	
42472.0520833333	nan	nan	
42472.0625	nan	nan	
42472.0729166667	nan	nan	
42472.0833333333	nan	nan	
42472.09375	nan	nan	
42472.1041666667	nan	nan	
42472.1145833333	nan	nan	
42472.125	nan	nan	
42472.1354166667	nan	nan	
42472.1458333333	nan	nan	
42472.15625	nan	nan	
42472.1666666667	nan	nan	
42472.1770833333	nan	nan	
42472.1875	nan	nan	
42472.1979166667	nan	nan	
42472.2083333333	nan	nan	
42472.21875	nan	nan	
42472.2291666667	nan	nan	
42472.2395833333	nan	nan	
42472.25	nan	nan	
42472.2604166667	nan	nan	
42472.2708333333	nan	nan	
42472.28125	nan	nan	
42472.2916666667	nan	nan	
42472.3020833333	nan	nan	
42472.3125	nan	nan	
42472.3229166667	nan	nan	
42472.3333333333	72.09	71.6300010681152	
42472.34375	72.12	71.620001373291	
42472.3541666667	72.2	71.620001373291	
42472.3645833333	72.12	71.6300010681152	
42472.375	71.74	71.775	
42472.3854166667	72.19	71.725	
42472.3958333333	72.17	71.76	
42472.40625	72.2	71.76	
42472.4166666667	72.19	71.76	
42472.4270833333	72.17	71.765	
42472.4375	72.25	71.765	
42472.4479166667	72.26	71.825	
42472.4583333333	72.27	71.76	
42472.46875	72.38	71.515	
42472.4791666667	72.27	71.42	
42472.4895833333	72.27	71.325	
42472.5	72.4	71.42	
42472.5104166667	72.49	71.4	
42472.5208333333	72.52	71.42	
42472.53125	72.39	71.535	
42472.5416666667	72.29	71.56	
42472.5520833333	72.37	71.61	
42472.5625	72.42	71.61	
42472.5729166667	72.54	71.675	
42472.5833333333	72.44	71.61	
42472.59375	72.4	71.56	
42472.6041666667	72.34	71.55	
42472.6145833333	72.47	71.565	
42472.625	72.72	71.6	
42472.6354166667	72.7	71.61	
42472.6458333333	72.7	71.61	
42472.65625	72.81	71.61	
42472.6666666667	72.75	71.61	
42472.6770833333	72.7	71.615	
42472.6875	72.52	71.695	
42472.6979166667	72.54	71.655	
42472.7083333333	72.61	71.695	
42472.71875	72.53	71.66	
42472.7291666667	72.49	71.66	
42472.7395833333	72.61	71.735	
42472.75	nan	nan	
42472.7604166667	nan	nan	
42472.7708333333	nan	nan	
42472.78125	nan	nan	
42472.7916666667	nan	nan	
42472.8020833333	nan	nan	
42472.8125	nan	nan	
42472.8229166667	nan	nan	
42472.8333333333	nan	nan	
42472.84375	nan	nan	
42472.8541666667	nan	nan	
42472.8645833333	nan	nan	
42472.875	nan	nan	
42472.8854166667	nan	nan	
42472.8958333333	nan	nan	
42472.90625	nan	nan	
42472.9166666667	nan	nan	
42472.9270833333	nan	nan	
42472.9375	nan	nan	
42472.9479166667	nan	nan	
42472.9583333333	nan	nan	
42472.96875	nan	nan	
42472.9791666667	nan	nan	
42472.9895833333	nan	nan	
42473	nan	nan	
42473.0104166667	nan	nan	
42473.0208333333	nan	nan	
42473.03125	nan	nan	
42473.0416666667	nan	nan	
42473.0520833333	nan	nan	
42473.0625	nan	nan	
42473.0729166667	nan	nan	
42473.0833333333	nan	nan	
42473.09375	nan	nan	
42473.1041666667	nan	nan	
42473.1145833333	nan	nan	
42473.125	nan	nan	
42473.1354166667	nan	nan	
42473.1458333333	nan	nan	
42473.15625	nan	nan	
42473.1666666667	nan	nan	
42473.1770833333	nan	nan	
42473.1875	nan	nan	
42473.1979166667	nan	nan	
42473.2083333333	nan	nan	
42473.21875	nan	nan	
42473.2291666667	nan	nan	
42473.2395833333	nan	nan	
42473.25	nan	nan	
42473.2604166667	nan	nan	
42473.2708333333	nan	nan	
42473.28125	nan	nan	
42473.2916666667	nan	nan	
42473.3020833333	nan	nan	
42473.3125	nan	nan	
42473.3229166667	nan	nan	
42473.3333333333	71.94	71.38	
42473.34375	71.93	71.4	
42473.3541666667	72.24	71.43	
42473.3645833333	72.16	71.5	
42473.375	72.16	71.5500010681153	
42473.3854166667	72.28	71.5750010681153	
42473.3958333333	72.41	71.6500018310547	
42473.40625	72.23	71.675	
42473.4166666667	72.21	71.725	
42473.4270833333	72.41	71.725	
42473.4375	72.29	71.725	
42473.4479166667	72.32	71.6	
42473.4583333333	72.44	71.47	
42473.46875	72.4	71.415	
42473.4791666667	72.56	71.41	
42473.4895833333	72.56	71.3500003051758	
42473.5	72.52	71.3049998474121	
42473.5104166667	72.53	71.3649998474121	
42473.5208333333	72.45	71.3549998474121	
42473.53125	72.43	71.3049998474121	
42473.5416666667	72.41	71.3249998474121	
42473.5520833333	72.31	71.31	
42473.5625	72.46	71.36	
42473.5729166667	72.49	71.375	
42473.5833333333	72.46	71.405	
42473.59375	72.53	71.4100018310547	
42473.6041666667	72.48	71.4249990844727	
42473.6145833333	72.53	71.45	
42473.625	72.55	71.4950016784668	
42473.6354166667	72.57	71.525	
42473.6458333333	72.63	71.545	
42473.65625	72.62	71.57	
42473.6666666667	72.57	71.6299996948242	
42473.6770833333	72.52	71.655	
42473.6875	72.52	71.69	
42473.6979166667	72.61	71.69	
42473.7083333333	72.74	71.69	
42473.71875	72.78	71.6900024414063	
42473.7291666667	72.59	71.7000007629395	
42473.7395833333	72.46	71.7099995422363	
42473.75	nan	nan	
42473.7604166667	nan	nan	
42473.7708333333	nan	nan	
42473.78125	nan	nan	
42473.7916666667	nan	nan	
42473.8020833333	nan	nan	
42473.8125	nan	nan	
42473.8229166667	nan	nan	
42473.8333333333	nan	nan	
42473.84375	nan	nan	
42473.8541666667	nan	nan	
42473.8645833333	nan	nan	
42473.875	nan	nan	
42473.8854166667	nan	nan	
42473.8958333333	nan	nan	
42473.90625	nan	nan	
42473.9166666667	nan	nan	
42473.9270833333	nan	nan	
42473.9375	nan	nan	
42473.9479166667	nan	nan	
42473.9583333333	nan	nan	
42473.96875	nan	nan	
42473.9791666667	nan	nan	
42473.9895833333	nan	nan	
42474	nan	nan	
42474.0104166667	nan	nan	
42474.0208333333	nan	nan	
42474.03125	nan	nan	
42474.0416666667	nan	nan	
42474.0520833333	nan	nan	
42474.0625	nan	nan	
42474.0729166667	nan	nan	
42474.0833333333	nan	nan	
42474.09375	nan	nan	
42474.1041666667	nan	nan	
42474.1145833333	nan	nan	
42474.125	nan	nan	
42474.1354166667	nan	nan	
42474.1458333333	nan	nan	
42474.15625	nan	nan	
42474.1666666667	nan	nan	
42474.1770833333	nan	nan	
42474.1875	nan	nan	
42474.1979166667	nan	nan	
42474.2083333333	nan	nan	
42474.21875	nan	nan	
42474.2291666667	nan	nan	
42474.2395833333	nan	nan	
42474.25	nan	nan	
42474.2604166667	nan	nan	
42474.2708333333	nan	nan	
42474.28125	nan	nan	
42474.2916666667	nan	nan	
42474.3020833333	nan	nan	
42474.3125	nan	nan	
42474.3229166667	nan	nan	
42474.3333333333	71.67	71.015	
42474.34375	71.82	70.975	
42474.3541666667	71.82	70.975	
42474.3645833333	71.96	71.12	
42474.375	71.85	71.13	
42474.3854166667	72.14	71.255	
42474.3958333333	72.34	71.33	
42474.40625	72.34	71.535	
42474.4166666667	72.43	71.54	
42474.4270833333	72.35	71.54	
42474.4375	72.35	71.405	
42474.4479166667	72.33	71.39	
42474.4583333333	72.35	71.32	
42474.46875	72.31	71.32	
42474.4791666667	72.3	71.32	
42474.4895833333	72.35	71.32	
42474.5	72.2	71.37	
42474.5104166667	72.39	71.38	
42474.5208333333	72.52	71.44	
42474.53125	72.61	71.45	
42474.5416666667	72.48	71.45	
42474.5520833333	72.46	71.47	
42474.5625	72.67	71.47	
42474.5729166667	72.61	71.5	
42474.5833333333	72.61	71.545	
42474.59375	72.61	71.555	
42474.6041666667	72.66	71.565	
42474.6145833333	72.68	71.555	
42474.625	72.74	71.565	
42474.6354166667	72.71	71.565	
42474.6458333333	72.56	71.555	
42474.65625	72.54	71.505	
42474.6666666667	72.57	71.52	
42474.6770833333	72.74	71.47	
42474.6875	72.74	71.49	
42474.6979166667	72.77	71.64	
42474.7083333333	72.59	71.64	
42474.71875	72.46	71.64	
42474.7291666667	72.43	71.64	
42474.7395833333	72.57	71.74	
42474.75	nan	nan	
42474.7604166667	nan	nan	
42474.7708333333	nan	nan	
42474.78125	nan	nan	
42474.7916666667	nan	nan	
42474.8020833333	nan	nan	
42474.8125	nan	nan	
42474.8229166667	nan	nan	
42474.8333333333	nan	nan	
42474.84375	nan	nan	
42474.8541666667	nan	nan	
42474.8645833333	nan	nan	
42474.875	nan	nan	
42474.8854166667	nan	nan	
42474.8958333333	nan	nan	
42474.90625	nan	nan	
42474.9166666667	nan	nan	
42474.9270833333	nan	nan	
42474.9375	nan	nan	
42474.9479166667	nan	nan	
42474.9583333333	nan	nan	
42474.96875	nan	nan	
42474.9791666667	nan	nan	
42474.9895833333	nan	nan	
42475	nan	nan	
42475.0104166667	nan	nan	
42475.0208333333	nan	nan	
42475.03125	nan	nan	
42475.0416666667	nan	nan	
42475.0520833333	nan	nan	
42475.0625	nan	nan	
42475.0729166667	nan	nan	
42475.0833333333	nan	nan	
42475.09375	nan	nan	
42475.1041666667	nan	nan	
42475.1145833333	nan	nan	
42475.125	nan	nan	
42475.1354166667	nan	nan	
42475.1458333333	nan	nan	
42475.15625	nan	nan	
42475.1666666667	nan	nan	
42475.1770833333	nan	nan	
42475.1875	nan	nan	
42475.1979166667	nan	nan	
42475.2083333333	nan	nan	
42475.21875	nan	nan	
42475.2291666667	nan	nan	
42475.2395833333	nan	nan	
42475.25	nan	nan	
42475.2604166667	nan	nan	
42475.2708333333	nan	nan	
42475.28125	nan	nan	
42475.2916666667	nan	nan	
42475.3020833333	nan	nan	
42475.3125	nan	nan	
42475.3229166667	nan	nan	
42475.3333333333	71.62	70.7449989318848	
42475.34375	71.72	70.87	
42475.3541666667	71.84	70.9199981689453	
42475.3645833333	71.98	70.9700010681153	
42475.375	71.93	71.0999996948242	
42475.3854166667	72.22	71.0500004577636	
42475.3958333333	72.17	71.0050010681152	
42475.40625	72.39	71.0250015258789	
42475.4166666667	72.44	71.0100021362305	
42475.4270833333	72.36	71.0450019836426	
42475.4375	72.31	71.09	
42475.4479166667	72.29	71.355	
42475.4583333333	72.17	71.435	
42475.46875	72.39	71.53	
42475.4791666667	72.19	71.53	
42475.4895833333	72.24	71.515	
42475.5	72.4	71.51	
42475.5104166667	72.29	71.505	
42475.5208333333	72.51	71.51	
42475.53125	72.34	71.49	
42475.5416666667	72.47	71.475	
42475.5520833333	72.48	71.475	
42475.5625	72.51	71.485	
42475.5729166667	72.74	71.5	
42475.5833333333	72.9	71.505	
42475.59375	72.91	71.57	
42475.6041666667	72.86	71.605	
42475.6145833333	72.84	71.665	
42475.625	72.9	71.795	
42475.6354166667	73.02	71.79	
42475.6458333333	73.16	71.985	
42475.65625	73.05	72.35	
42475.6666666667	73.02	72.41	
42475.6770833333	73.05	72.39	
42475.6875	73.16	72.39	
42475.6979166667	73.1	72.39	
42475.7083333333	73.15	72.41	
42475.71875	73.15	72.54	
42475.7291666667	73.11	72.615	
42475.7395833333	73.2	72.625	
42475.75	nan	nan	
42475.7604166667	nan	nan	
42475.7708333333	nan	nan	
42475.78125	nan	nan	
42475.7916666667	nan	nan	
42475.8020833333	nan	nan	
42475.8125	nan	nan	
42475.8229166667	nan	nan	
42475.8333333333	nan	nan	
42475.84375	nan	nan	
42475.8541666667	nan	nan	
42475.8645833333	nan	nan	
42475.875	nan	nan	
42475.8854166667	nan	nan	
42475.8958333333	nan	nan	
42475.90625	nan	nan	
42475.9166666667	nan	nan	
42475.9270833333	nan	nan	
42475.9375	nan	nan	
42475.9479166667	nan	nan	
42475.9583333333	nan	nan	
42475.96875	nan	nan	
42475.9791666667	nan	nan	
42475.9895833333	nan	nan	
42476	nan	nan	
42476.0104166667	nan	nan	
42476.0208333333	nan	nan	
42476.03125	nan	nan	
42476.0416666667	nan	nan	
42476.0520833333	nan	nan	
42476.0625	nan	nan	
42476.0729166667	nan	nan	
42476.0833333333	nan	nan	
42476.09375	nan	nan	
42476.1041666667	nan	nan	
42476.1145833333	nan	nan	
42476.125	nan	nan	
42476.1354166667	nan	nan	
42476.1458333333	nan	nan	
42476.15625	nan	nan	
42476.1666666667	nan	nan	
42476.1770833333	nan	nan	
42476.1875	nan	nan	
42476.1979166667	nan	nan	
42476.2083333333	nan	nan	
42476.21875	nan	nan	
42476.2291666667	nan	nan	
42476.2395833333	nan	nan	
42476.25	nan	nan	
42476.2604166667	nan	nan	
42476.2708333333	nan	nan	
42476.28125	nan	nan	
42476.2916666667	nan	nan	
42476.3020833333	nan	nan	
42476.3125	nan	nan	
42476.3229166667	nan	nan	
42476.3333333333	nan	nan	
42476.34375	nan	nan	
42476.3541666667	nan	nan	
42476.3645833333	nan	nan	
42476.375	nan	nan	
42476.3854166667	nan	nan	
42476.3958333333	nan	nan	
42476.40625	nan	nan	
42476.4166666667	nan	nan	
42476.4270833333	nan	nan	
42476.4375	nan	nan	
42476.4479166667	nan	nan	
42476.4583333333	nan	nan	
42476.46875	nan	nan	
42476.4791666667	nan	nan	
42476.4895833333	nan	nan	
42476.5	nan	nan	
42476.5104166667	nan	nan	
42476.5208333333	nan	nan	
42476.53125	nan	nan	
42476.5416666667	nan	nan	
42476.5520833333	nan	nan	
42476.5625	nan	nan	
42476.5729166667	nan	nan	
42476.5833333333	nan	nan	
42476.59375	nan	nan	
42476.6041666667	nan	nan	
42476.6145833333	nan	nan	
42476.625	nan	nan	
42476.6354166667	nan	nan	
42476.6458333333	nan	nan	
42476.65625	nan	nan	
42476.6666666667	nan	nan	
42476.6770833333	nan	nan	
42476.6875	nan	nan	
42476.6979166667	nan	nan	
42476.7083333333	nan	nan	
42476.71875	nan	nan	
42476.7291666667	nan	nan	
42476.7395833333	nan	nan	
42476.75	nan	nan	
42476.7604166667	nan	nan	
42476.7708333333	nan	nan	
42476.78125	nan	nan	
42476.7916666667	nan	nan	
42476.8020833333	nan	nan	
42476.8125	nan	nan	
42476.8229166667	nan	nan	
42476.8333333333	nan	nan	
42476.84375	nan	nan	
42476.8541666667	nan	nan	
42476.8645833333	nan	nan	
42476.875	nan	nan	
42476.8854166667	nan	nan	
42476.8958333333	nan	nan	
42476.90625	nan	nan	
42476.9166666667	nan	nan	
42476.9270833333	nan	nan	
42476.9375	nan	nan	
42476.9479166667	nan	nan	
42476.9583333333	nan	nan	
42476.96875	nan	nan	
42476.9791666667	nan	nan	
42476.9895833333	nan	nan	
42477	nan	nan	
42477.0104166667	nan	nan	
42477.0208333333	nan	nan	
42477.03125	nan	nan	
42477.0416666667	nan	nan	
42477.0520833333	nan	nan	
42477.0625	nan	nan	
42477.0729166667	nan	nan	
42477.0833333333	nan	nan	
42477.09375	nan	nan	
42477.1041666667	nan	nan	
42477.1145833333	nan	nan	
42477.125	nan	nan	
42477.1354166667	nan	nan	
42477.1458333333	nan	nan	
42477.15625	nan	nan	
42477.1666666667	nan	nan	
42477.1770833333	nan	nan	
42477.1875	nan	nan	
42477.1979166667	nan	nan	
42477.2083333333	nan	nan	
42477.21875	nan	nan	
42477.2291666667	nan	nan	
42477.2395833333	nan	nan	
42477.25	nan	nan	
42477.2604166667	nan	nan	
42477.2708333333	nan	nan	
42477.28125	nan	nan	
42477.2916666667	nan	nan	
42477.3020833333	nan	nan	
42477.3125	nan	nan	
42477.3229166667	nan	nan	
42477.3333333333	nan	nan	
42477.34375	nan	nan	
42477.3541666667	nan	nan	
42477.3645833333	nan	nan	
42477.375	nan	nan	
42477.3854166667	nan	nan	
42477.3958333333	nan	nan	
42477.40625	nan	nan	
42477.4166666667	nan	nan	
42477.4270833333	nan	nan	
42477.4375	nan	nan	
42477.4479166667	nan	nan	
42477.4583333333	nan	nan	
42477.46875	nan	nan	
42477.4791666667	nan	nan	
42477.4895833333	nan	nan	
42477.5	nan	nan	
42477.5104166667	nan	nan	
42477.5208333333	nan	nan	
42477.53125	nan	nan	
42477.5416666667	nan	nan	
42477.5520833333	nan	nan	
42477.5625	nan	nan	
42477.5729166667	nan	nan	
42477.5833333333	nan	nan	
42477.59375	nan	nan	
42477.6041666667	nan	nan	
42477.6145833333	nan	nan	
42477.625	nan	nan	
42477.6354166667	nan	nan	
42477.6458333333	nan	nan	
42477.65625	nan	nan	
42477.6666666667	nan	nan	
42477.6770833333	nan	nan	
42477.6875	nan	nan	
42477.6979166667	nan	nan	
42477.7083333333	nan	nan	
42477.71875	nan	nan	
42477.7291666667	nan	nan	
42477.7395833333	nan	nan	
42477.75	nan	nan	
42477.7604166667	nan	nan	
42477.7708333333	nan	nan	
42477.78125	nan	nan	
42477.7916666667	nan	nan	
42477.8020833333	nan	nan	
42477.8125	nan	nan	
42477.8229166667	nan	nan	
42477.8333333333	nan	nan	
42477.84375	nan	nan	
42477.8541666667	nan	nan	
42477.8645833333	nan	nan	
42477.875	nan	nan	
42477.8854166667	nan	nan	
42477.8958333333	nan	nan	
42477.90625	nan	nan	
42477.9166666667	nan	nan	
42477.9270833333	nan	nan	
42477.9375	nan	nan	
42477.9479166667	nan	nan	
42477.9583333333	nan	nan	
42477.96875	nan	nan	
42477.9791666667	nan	nan	
42477.9895833333	nan	nan	
42478	nan	nan	
42478.0104166667	nan	nan	
42478.0208333333	nan	nan	
42478.03125	nan	nan	
42478.0416666667	nan	nan	
42478.0520833333	nan	nan	
42478.0625	nan	nan	
42478.0729166667	nan	nan	
42478.0833333333	nan	nan	
42478.09375	nan	nan	
42478.1041666667	nan	nan	
42478.1145833333	nan	nan	
42478.125	nan	nan	
42478.1354166667	nan	nan	
42478.1458333333	nan	nan	
42478.15625	nan	nan	
42478.1666666667	nan	nan	
42478.1770833333	nan	nan	
42478.1875	nan	nan	
42478.1979166667	nan	nan	
42478.2083333333	nan	nan	
42478.21875	nan	nan	
42478.2291666667	nan	nan	
42478.2395833333	nan	nan	
42478.25	nan	nan	
42478.2604166667	nan	nan	
42478.2708333333	nan	nan	
42478.28125	nan	nan	
42478.2916666667	nan	nan	
42478.3020833333	nan	nan	
42478.3125	nan	nan	
42478.3229166667	nan	nan	
42478.3333333333	71.94	71.06	
42478.34375	72.05	71.06	
42478.3541666667	72.12	71.36	
42478.3645833333	72.26	71.415	
42478.375	72.26	71.48	
42478.3854166667	72.24	71.48	
42478.3958333333	72.43	71.5	
42478.40625	72.45	71.545	
42478.4166666667	72.37	71.62	
42478.4270833333	72.43	71.63	
42478.4375	72.44	71.64	
42478.4479166667	72.38	71.63	
42478.4583333333	72.37	71.64	
42478.46875	72.27	71.63	
42478.4791666667	72.22	71.61	
42478.4895833333	72.28	71.61	
42478.5	72.39	71.59	
42478.5104166667	72.39	71.59	
42478.5208333333	72.33	71.58	
42478.53125	72.31	71.58	
42478.5416666667	72.35	71.58	
42478.5520833333	72.36	71.59	
42478.5625	72.43	71.61	
42478.5729166667	72.28	72.2	
42478.5833333333	72.36	72.25	
42478.59375	72.37	72.335	
42478.6041666667	72.32	72.415	
42478.6145833333	72.34	72.43	
42478.625	72.46	72.45	
42478.6354166667	72.56	72.47	
42478.6458333333	72.62	72.49	
42478.65625	72.67	72.515	
42478.6666666667	72.72	72.525	
42478.6770833333	72.73	72.52	
42478.6875	72.9	72.49	
42478.6979166667	73.01	72.47	
42478.7083333333	72.94	72.465	
42478.71875	72.89	72.465	
42478.7291666667	72.86	72.46	
42478.7395833333	72.81	72.45	
42478.75	nan	nan	
42478.7604166667	nan	nan	
42478.7708333333	nan	nan	
42478.78125	nan	nan	
42478.7916666667	nan	nan	
42478.8020833333	nan	nan	
42478.8125	nan	nan	
42478.8229166667	nan	nan	
42478.8333333333	nan	nan	
42478.84375	nan	nan	
42478.8541666667	nan	nan	
42478.8645833333	nan	nan	
42478.875	nan	nan	
42478.8854166667	nan	nan	
42478.8958333333	nan	nan	
42478.90625	nan	nan	
42478.9166666667	nan	nan	
42478.9270833333	nan	nan	
42478.9375	nan	nan	
42478.9479166667	nan	nan	
42478.9583333333	nan	nan	
42478.96875	nan	nan	
42478.9791666667	nan	nan	
42478.9895833333	nan	nan	
42479	nan	nan	
42479.0104166667	nan	nan	
42479.0208333333	nan	nan	
42479.03125	nan	nan	
42479.0416666667	nan	nan	
42479.0520833333	nan	nan	
42479.0625	nan	nan	
42479.0729166667	nan	nan	
42479.0833333333	nan	nan	
42479.09375	nan	nan	
42479.1041666667	nan	nan	
42479.1145833333	nan	nan	
42479.125	nan	nan	
42479.1354166667	nan	nan	
42479.1458333333	nan	nan	
42479.15625	nan	nan	
42479.1666666667	nan	nan	
42479.1770833333	nan	nan	
42479.1875	nan	nan	
42479.1979166667	nan	nan	
42479.2083333333	nan	nan	
42479.21875	nan	nan	
42479.2291666667	nan	nan	
42479.2395833333	nan	nan	
42479.25	nan	nan	
42479.2604166667	nan	nan	
42479.2708333333	nan	nan	
42479.28125	nan	nan	
42479.2916666667	nan	nan	
42479.3020833333	nan	nan	
42479.3125	nan	nan	
42479.3229166667	nan	nan	
42479.3333333333	72.1	71.665	
42479.34375	72.17	71.685	
42479.3541666667	72.41	71.795	
42479.3645833333	72.45	71.815	
42479.375	72.11	71.865	
42479.3854166667	72.3	71.865	
42479.3958333333	72.29	71.86	
42479.40625	72.21	71.865	
42479.4166666667	72.17	71.845	
42479.4270833333	72.05	71.82	
42479.4375	72.36	71.825	
42479.4479166667	72.52	71.765	
42479.4583333333	72.42	71.72	
42479.46875	72.34	72.13	
42479.4791666667	72.49	72.25	
42479.4895833333	72.55	72.21	
42479.5	72.62	72.3649978637695	
42479.5104166667	72.59	72.379997253418	
42479.5208333333	72.66	72.379997253418	
42479.53125	72.83	72.1899995422364	
42479.5416666667	72.86	72.135	
42479.5520833333	72.92	72.135	
42479.5625	73.11	72.165	
42479.5729166667	73.26	72.4199990844727	
42479.5833333333	73.27	72.5100004577637	
42479.59375	73.24	72.46	
42479.6041666667	73.34	72.46	
42479.6145833333	73.48	72.46	
42479.625	73.54	72.46	
42479.6354166667	73.52	72.52	
42479.6458333333	73.54	72.565	
42479.65625	73.4	72.565	
42479.6666666667	73.4	72.45	
42479.6770833333	73.57	72.42	
42479.6875	73.58	72.385	
42479.6979166667	73.35	72.385	
42479.7083333333	73.21	72.33	
42479.71875	72.99	72.355	
42479.7291666667	73.11	72.57	
42479.7395833333	73.24	72.56	
42479.75	nan	nan	
42479.7604166667	nan	nan	
42479.7708333333	nan	nan	
42479.78125	nan	nan	
42479.7916666667	nan	nan	
42479.8020833333	nan	nan	
42479.8125	nan	nan	
42479.8229166667	nan	nan	
42479.8333333333	nan	nan	
42479.84375	nan	nan	
42479.8541666667	nan	nan	
42479.8645833333	nan	nan	
42479.875	nan	nan	
42479.8854166667	nan	nan	
42479.8958333333	nan	nan	
42479.90625	nan	nan	
42479.9166666667	nan	nan	
42479.9270833333	nan	nan	
42479.9375	nan	nan	
42479.9479166667	nan	nan	
42479.9583333333	nan	nan	
42479.96875	nan	nan	
42479.9791666667	nan	nan	
42479.9895833333	nan	nan	
42480	nan	nan	
42480.0104166667	nan	nan	
42480.0208333333	nan	nan	
42480.03125	nan	nan	
42480.0416666667	nan	nan	
42480.0520833333	nan	nan	
42480.0625	nan	nan	
42480.0729166667	nan	nan	
42480.0833333333	nan	nan	
42480.09375	nan	nan	
42480.1041666667	nan	nan	
42480.1145833333	nan	nan	
42480.125	nan	nan	
42480.1354166667	nan	nan	
42480.1458333333	nan	nan	
42480.15625	nan	nan	
42480.1666666667	nan	nan	
42480.1770833333	nan	nan	
42480.1875	nan	nan	
42480.1979166667	nan	nan	
42480.2083333333	nan	nan	
42480.21875	nan	nan	
42480.2291666667	nan	nan	
42480.2395833333	nan	nan	
42480.25	nan	nan	
42480.2604166667	nan	nan	
42480.2708333333	nan	nan	
42480.28125	nan	nan	
42480.2916666667	nan	nan	
42480.3020833333	nan	nan	
42480.3125	nan	nan	
42480.3229166667	nan	nan	
42480.3333333333	72.31	71.515	
42480.34375	72.47	71.635	
42480.3541666667	72.43	71.695	
42480.3645833333	72.53	71.81	
42480.375	72.48	71.885	
42480.3854166667	72.31	71.885	
42480.3958333333	72.26	71.86	
42480.40625	72.31	71.855	
42480.4166666667	72.19	71.845	
42480.4270833333	72.39	71.845	
42480.4375	72.32	71.83	
42480.4479166667	72.31	71.79	
42480.4583333333	72.34	71.67	
42480.46875	72.32	71.595	
42480.4791666667	72.24	71.53	
42480.4895833333	72.21	71.45	
42480.5	72.24	71.42	
42480.5104166667	72.31	71.41	
42480.5208333333	72.23	71.42	
42480.53125	72.32	71.41	
42480.5416666667	72.37	71.4	
42480.5520833333	72.24	71.415	
42480.5625	72.3	71.425	
42480.5729166667	72.35	71.57	
42480.5833333333	72.39	71.47	
42480.59375	72.46	71.51	
42480.6041666667	72.55	71.51	
42480.6145833333	72.54	71.54	
42480.625	72.49	71.585	
42480.6354166667	72.67	71.635	
42480.6458333333	72.77	71.665	
42480.65625	72.7	71.775	
42480.6666666667	72.74	72.455	
42480.6770833333	72.84	72.47	
42480.6875	72.95	72.475	
42480.6979166667	72.95	72.485	
42480.7083333333	72.9	72.67	
42480.71875	72.86	72.65	
42480.7291666667	72.8	72.595	
42480.7395833333	72.82	72.555	
42480.75	nan	nan	
42480.7604166667	nan	nan	
42480.7708333333	nan	nan	
42480.78125	nan	nan	
42480.7916666667	nan	nan	
42480.8020833333	nan	nan	
42480.8125	nan	nan	
42480.8229166667	nan	nan	
42480.8333333333	nan	nan	
42480.84375	nan	nan	
42480.8541666667	nan	nan	
42480.8645833333	nan	nan	
42480.875	nan	nan	
42480.8854166667	nan	nan	
42480.8958333333	nan	nan	
42480.90625	nan	nan	
42480.9166666667	nan	nan	
42480.9270833333	nan	nan	
42480.9375	nan	nan	
42480.9479166667	nan	nan	
42480.9583333333	nan	nan	
42480.96875	nan	nan	
42480.9791666667	nan	nan	
42480.9895833333	nan	nan	
42481	nan	nan	
42481.0104166667	nan	nan	
42481.0208333333	nan	nan	
42481.03125	nan	nan	
42481.0416666667	nan	nan	
42481.0520833333	nan	nan	
42481.0625	nan	nan	
42481.0729166667	nan	nan	
42481.0833333333	nan	nan	
42481.09375	nan	nan	
42481.1041666667	nan	nan	
42481.1145833333	nan	nan	
42481.125	nan	nan	
42481.1354166667	nan	nan	
42481.1458333333	nan	nan	
42481.15625	nan	nan	
42481.1666666667	nan	nan	
42481.1770833333	nan	nan	
42481.1875	nan	nan	
42481.1979166667	nan	nan	
42481.2083333333	nan	nan	
42481.21875	nan	nan	
42481.2291666667	nan	nan	
42481.2395833333	nan	nan	
42481.25	nan	nan	
42481.2604166667	nan	nan	
42481.2708333333	nan	nan	
42481.28125	nan	nan	
42481.2916666667	nan	nan	
42481.3020833333	nan	nan	
42481.3125	nan	nan	
42481.3229166667	nan	nan	
42481.3333333333	72.04	71.13	
42481.34375	72.04	71.255	
42481.3541666667	72.03	71.42	
42481.3645833333	72.24	71.545	
42481.375	72.11	71.55	
42481.3854166667	72.34	71.565	
42481.3958333333	72.35	71.59	
42481.40625	72.32	71.595	
42481.4166666667	72.4	71.565	
42481.4270833333	72.37	71.565	
42481.4375	72.39	71.615	
42481.4479166667	72.34	71.59	
42481.4583333333	72.19	71.405	
42481.46875	72.22	71.405	
42481.4791666667	72.46	71.455	
42481.4895833333	72.57	71.455	
42481.5	72.41	71.455	
42481.5104166667	72.26	71.47	
42481.5208333333	72.35	71.47	
42481.53125	72.48	71.47	
42481.5416666667	72.53	71.5	
42481.5520833333	72.54	71.55	
42481.5625	72.46	71.555	
42481.5729166667	72.4	71.46	
42481.5833333333	72.41	71.46	
42481.59375	72.45	71.4700012207031	
42481.6041666667	72.52	71.2949981689453	
42481.6145833333	72.59	71.3250007629395	
42481.625	72.57	71.2949981689453	
42481.6354166667	72.64	71.73	
42481.6458333333	72.71	71.785	
42481.65625	72.76	71.975	
42481.6666666667	72.78	72.065	
42481.6770833333	72.82	72.105	
42481.6875	72.84	72.13	
42481.6979166667	72.94	72.25	
42481.7083333333	72.91	72.3	
42481.71875	72.89	72.355	
42481.7291666667	72.84	72.44	
42481.7395833333	73.67	72.5	
42481.75	nan	nan	
42481.7604166667	nan	nan	
42481.7708333333	nan	nan	
42481.78125	nan	nan	
42481.7916666667	nan	nan	
42481.8020833333	nan	nan	
42481.8125	nan	nan	
42481.8229166667	nan	nan	
42481.8333333333	nan	nan	
42481.84375	nan	nan	
42481.8541666667	nan	nan	
42481.8645833333	nan	nan	
42481.875	nan	nan	
42481.8854166667	nan	nan	
42481.8958333333	nan	nan	
42481.90625	nan	nan	
42481.9166666667	nan	nan	
42481.9270833333	nan	nan	
42481.9375	nan	nan	
42481.9479166667	nan	nan	
42481.9583333333	nan	nan	
42481.96875	nan	nan	
42481.9791666667	nan	nan	
42481.9895833333	nan	nan	
42482	nan	nan	
42482.0104166667	nan	nan	
42482.0208333333	nan	nan	
42482.03125	nan	nan	
42482.0416666667	nan	nan	
42482.0520833333	nan	nan	
42482.0625	nan	nan	
42482.0729166667	nan	nan	
42482.0833333333	nan	nan	
42482.09375	nan	nan	
42482.1041666667	nan	nan	
42482.1145833333	nan	nan	
42482.125	nan	nan	
42482.1354166667	nan	nan	
42482.1458333333	nan	nan	
42482.15625	nan	nan	
42482.1666666667	nan	nan	
42482.1770833333	nan	nan	
42482.1875	nan	nan	
42482.1979166667	nan	nan	
42482.2083333333	nan	nan	
42482.21875	nan	nan	
42482.2291666667	nan	nan	
42482.2395833333	nan	nan	
42482.25	nan	nan	
42482.2604166667	nan	nan	
42482.2708333333	nan	nan	
42482.28125	nan	nan	
42482.2916666667	nan	nan	
42482.3020833333	nan	nan	
42482.3125	nan	nan	
42482.3229166667	nan	nan	
42482.3333333333	71.89	71.41	
42482.34375	72.17	71.495	
42482.3541666667	72.17	71.565	
42482.3645833333	72.28	71.57	
42482.375	72.19	71.68	
42482.3854166667	72.02	71.68	
42482.3958333333	72.12	71.67	
42482.40625	72.13	71.6250003051758	
42482.4166666667	72.04	71.625	
42482.4270833333	72.21	71.635	
42482.4375	72.31	71.635	
42482.4479166667	72.43	71.93	
42482.4583333333	72.44	72.1650010681152	
42482.46875	72.6	72.2649993896485	
42482.4791666667	72.57	72.2949981689453	
42482.4895833333	72.67	72.3399983215332	
42482.5	72.79	72.4450009155273	
42482.5104166667	72.71	72.335	
42482.5208333333	72.82	72.34	
42482.53125	72.91	72.335	
42482.5416666667	72.84	72.32	
42482.5520833333	72.9	72.345	
42482.5625	73.05	72.32	
42482.5729166667	73.05	72.345	
42482.5833333333	72.97	72.345	
42482.59375	73.1	72.41	
42482.6041666667	73.17	72.495	
42482.6145833333	73.12	72.57	
42482.625	73.17	72.4549983215332	
42482.6354166667	73.13	72.56	
42482.6458333333	73.17	72.665	
42482.65625	73.31	72.72	
42482.6666666667	73.24	72.78	
42482.6770833333	73.22	72.795	
42482.6875	73.24	72.785	
42482.6979166667	73.27	72.785	
42482.7083333333	73.2	72.875	
42482.71875	73.2	72.855	
42482.7291666667	73.27	72.835	
42482.7395833333	73.24	72.81	
42482.75	nan	nan	
42482.7604166667	nan	nan	
42482.7708333333	nan	nan	
42482.78125	nan	nan	
42482.7916666667	nan	nan	
42482.8020833333	nan	nan	
42482.8125	nan	nan	
42482.8229166667	nan	nan	
42482.8333333333	nan	nan	
42482.84375	nan	nan	
42482.8541666667	nan	nan	
42482.8645833333	nan	nan	
42482.875	nan	nan	
42482.8854166667	nan	nan	
42482.8958333333	nan	nan	
42482.90625	nan	nan	
42482.9166666667	nan	nan	
42482.9270833333	nan	nan	
42482.9375	nan	nan	
42482.9479166667	nan	nan	
42482.9583333333	nan	nan	
42482.96875	nan	nan	
42482.9791666667	nan	nan	
42482.9895833333	nan	nan	
42483	nan	nan	
42483.0104166667	nan	nan	
42483.0208333333	nan	nan	
42483.03125	nan	nan	
42483.0416666667	nan	nan	
42483.0520833333	nan	nan	
42483.0625	nan	nan	
42483.0729166667	nan	nan	
42483.0833333333	nan	nan	
42483.09375	nan	nan	
42483.1041666667	nan	nan	
42483.1145833333	nan	nan	
42483.125	nan	nan	
42483.1354166667	nan	nan	
42483.1458333333	nan	nan	
42483.15625	nan	nan	
42483.1666666667	nan	nan	
42483.1770833333	nan	nan	
42483.1875	nan	nan	
42483.1979166667	nan	nan	
42483.2083333333	nan	nan	
42483.21875	nan	nan	
42483.2291666667	nan	nan	
42483.2395833333	nan	nan	
42483.25	nan	nan	
42483.2604166667	nan	nan	
42483.2708333333	nan	nan	
42483.28125	nan	nan	
42483.2916666667	nan	nan	
42483.3020833333	nan	nan	
42483.3125	nan	nan	
42483.3229166667	nan	nan	
42483.3333333333	nan	nan	
42483.34375	nan	nan	
42483.3541666667	nan	nan	
42483.3645833333	nan	nan	
42483.375	nan	nan	
42483.3854166667	nan	nan	
42483.3958333333	nan	nan	
42483.40625	nan	nan	
42483.4166666667	nan	nan	
42483.4270833333	nan	nan	
42483.4375	nan	nan	
42483.4479166667	nan	nan	
42483.4583333333	nan	nan	
42483.46875	nan	nan	
42483.4791666667	nan	nan	
42483.4895833333	nan	nan	
42483.5	nan	nan	
42483.5104166667	nan	nan	
42483.5208333333	nan	nan	
42483.53125	nan	nan	
42483.5416666667	nan	nan	
42483.5520833333	nan	nan	
42483.5625	nan	nan	
42483.5729166667	nan	nan	
42483.5833333333	nan	nan	
42483.59375	nan	nan	
42483.6041666667	nan	nan	
42483.6145833333	nan	nan	
42483.625	nan	nan	
42483.6354166667	nan	nan	
42483.6458333333	nan	nan	
42483.65625	nan	nan	
42483.6666666667	nan	nan	
42483.6770833333	nan	nan	
42483.6875	nan	nan	
42483.6979166667	nan	nan	
42483.7083333333	nan	nan	
42483.71875	nan	nan	
42483.7291666667	nan	nan	
42483.7395833333	nan	nan	
42483.75	nan	nan	
42483.7604166667	nan	nan	
42483.7708333333	nan	nan	
42483.78125	nan	nan	
42483.7916666667	nan	nan	
42483.8020833333	nan	nan	
42483.8125	nan	nan	
42483.8229166667	nan	nan	
42483.8333333333	nan	nan	
42483.84375	nan	nan	
42483.8541666667	nan	nan	
42483.8645833333	nan	nan	
42483.875	nan	nan	
42483.8854166667	nan	nan	
42483.8958333333	nan	nan	
42483.90625	nan	nan	
42483.9166666667	nan	nan	
42483.9270833333	nan	nan	
42483.9375	nan	nan	
42483.9479166667	nan	nan	
42483.9583333333	nan	nan	
42483.96875	nan	nan	
42483.9791666667	nan	nan	
42483.9895833333	nan	nan	
42484	nan	nan	
42484.0104166667	nan	nan	
42484.0208333333	nan	nan	
42484.03125	nan	nan	
42484.0416666667	nan	nan	
42484.0520833333	nan	nan	
42484.0625	nan	nan	
42484.0729166667	nan	nan	
42484.0833333333	nan	nan	
42484.09375	nan	nan	
42484.1041666667	nan	nan	
42484.1145833333	nan	nan	
42484.125	nan	nan	
42484.1354166667	nan	nan	
42484.1458333333	nan	nan	
42484.15625	nan	nan	
42484.1666666667	nan	nan	
42484.1770833333	nan	nan	
42484.1875	nan	nan	
42484.1979166667	nan	nan	
42484.2083333333	nan	nan	
42484.21875	nan	nan	
42484.2291666667	nan	nan	
42484.2395833333	nan	nan	
42484.25	nan	nan	
42484.2604166667	nan	nan	
42484.2708333333	nan	nan	
42484.28125	nan	nan	
42484.2916666667	nan	nan	
42484.3020833333	nan	nan	
42484.3125	nan	nan	
42484.3229166667	nan	nan	
42484.3333333333	nan	nan	
42484.34375	nan	nan	
42484.3541666667	nan	nan	
42484.3645833333	nan	nan	
42484.375	nan	nan	
42484.3854166667	nan	nan	
42484.3958333333	nan	nan	
42484.40625	nan	nan	
42484.4166666667	nan	nan	
42484.4270833333	nan	nan	
42484.4375	nan	nan	
42484.4479166667	nan	nan	
42484.4583333333	nan	nan	
42484.46875	nan	nan	
42484.4791666667	nan	nan	
42484.4895833333	nan	nan	
42484.5	nan	nan	
42484.5104166667	nan	nan	
42484.5208333333	nan	nan	
42484.53125	nan	nan	
42484.5416666667	nan	nan	
42484.5520833333	nan	nan	
42484.5625	nan	nan	
42484.5729166667	nan	nan	
42484.5833333333	nan	nan	
42484.59375	nan	nan	
42484.6041666667	nan	nan	
42484.6145833333	nan	nan	
42484.625	nan	nan	
42484.6354166667	nan	nan	
42484.6458333333	nan	nan	
42484.65625	nan	nan	
42484.6666666667	nan	nan	
42484.6770833333	nan	nan	
42484.6875	nan	nan	
42484.6979166667	nan	nan	
42484.7083333333	nan	nan	
42484.71875	nan	nan	
42484.7291666667	nan	nan	
42484.7395833333	nan	nan	
42484.75	nan	nan	
42484.7604166667	nan	nan	
42484.7708333333	nan	nan	
42484.78125	nan	nan	
42484.7916666667	nan	nan	
42484.8020833333	nan	nan	
42484.8125	nan	nan	
42484.8229166667	nan	nan	
42484.8333333333	nan	nan	
42484.84375	nan	nan	
42484.8541666667	nan	nan	
42484.8645833333	nan	nan	
42484.875	nan	nan	
42484.8854166667	nan	nan	
42484.8958333333	nan	nan	
42484.90625	nan	nan	
42484.9166666667	nan	nan	
42484.9270833333	nan	nan	
42484.9375	nan	nan	
42484.9479166667	nan	nan	
42484.9583333333	nan	nan	
42484.96875	nan	nan	
42484.9791666667	nan	nan	
42484.9895833333	nan	nan	
42485	nan	nan	
42485.0104166667	nan	nan	
42485.0208333333	nan	nan	
42485.03125	nan	nan	
42485.0416666667	nan	nan	
42485.0520833333	nan	nan	
42485.0625	nan	nan	
42485.0729166667	nan	nan	
42485.0833333333	nan	nan	
42485.09375	nan	nan	
42485.1041666667	nan	nan	
42485.1145833333	nan	nan	
42485.125	nan	nan	
42485.1354166667	nan	nan	
42485.1458333333	nan	nan	
42485.15625	nan	nan	
42485.1666666667	nan	nan	
42485.1770833333	nan	nan	
42485.1875	nan	nan	
42485.1979166667	nan	nan	
42485.2083333333	nan	nan	
42485.21875	nan	nan	
42485.2291666667	nan	nan	
42485.2395833333	nan	nan	
42485.25	nan	nan	
42485.2604166667	nan	nan	
42485.2708333333	nan	nan	
42485.28125	nan	nan	
42485.2916666667	nan	nan	
42485.3020833333	nan	nan	
42485.3125	nan	nan	
42485.3229166667	nan	nan	
42485.3333333333	71.61	72.265	
42485.34375	71.82	72.34	
42485.3541666667	72.19	72.405	
42485.3645833333	72.28	72.39	
42485.375	72.43	72.31	
42485.3854166667	72.48	72.31	
42485.3958333333	72.73	72.3249981689453	
42485.40625	72.66	72.3399963378906	
42485.4166666667	72.55	72.3249981689453	
42485.4270833333	72.55	72.3249981689453	
42485.4375	72.57	72.2200018310547	
42485.4479166667	72.63	72.1600036621094	
42485.4583333333	72.61	72.1500018310547	
42485.46875	72.54	72.120002746582	
42485.4791666667	72.46	72.1500018310547	
42485.4895833333	72.44	72.24	
42485.5	72.59	72.165	
42485.5104166667	72.66	71.97	
42485.5208333333	72.62	71.99	
42485.53125	72.62	72.2899981689453	
42485.5416666667	72.75	72.6599998474121	
42485.5520833333	72.86	72.7400016784668	
42485.5625	72.92	72.75	
42485.5729166667	72.89	72.8249969482422	
42485.5833333333	72.98	72.9400024414063	
42485.59375	73.17	72.9400024414063	
42485.6041666667	73.29	72.53	
42485.6145833333	73.42	72.66	
42485.625	73.42	72.66	
42485.6354166667	73.4	72.68	
42485.6458333333	73.19	72.79	
42485.65625	73.02	72.81	
42485.6666666667	72.91	72.81	
42485.6770833333	73.17	72.84	
42485.6875	73.36	72.84	
42485.6979166667	73.24	72.84	
42485.7083333333	73.11	72.89	
42485.71875	72.91	72.89	
42485.7291666667	72.86	72.91	
42485.7395833333	72.94	72.91	
42485.75	nan	nan	
42485.7604166667	nan	nan	
42485.7708333333	nan	nan	
42485.78125	nan	nan	
42485.7916666667	nan	nan	
42485.8020833333	nan	nan	
42485.8125	nan	nan	
42485.8229166667	nan	nan	
42485.8333333333	nan	nan	
42485.84375	nan	nan	
42485.8541666667	nan	nan	
42485.8645833333	nan	nan	
42485.875	nan	nan	
42485.8854166667	nan	nan	
42485.8958333333	nan	nan	
42485.90625	nan	nan	
42485.9166666667	nan	nan	
42485.9270833333	nan	nan	
42485.9375	nan	nan	
42485.9479166667	nan	nan	
42485.9583333333	nan	nan	
42485.96875	nan	nan	
42485.9791666667	nan	nan	
42485.9895833333	nan	nan	
42486	nan	nan	
42486.0104166667	nan	nan	
42486.0208333333	nan	nan	
42486.03125	nan	nan	
42486.0416666667	nan	nan	
42486.0520833333	nan	nan	
42486.0625	nan	nan	
42486.0729166667	nan	nan	
42486.0833333333	nan	nan	
42486.09375	nan	nan	
42486.1041666667	nan	nan	
42486.1145833333	nan	nan	
42486.125	nan	nan	
42486.1354166667	nan	nan	
42486.1458333333	nan	nan	
42486.15625	nan	nan	
42486.1666666667	nan	nan	
42486.1770833333	nan	nan	
42486.1875	nan	nan	
42486.1979166667	nan	nan	
42486.2083333333	nan	nan	
42486.21875	nan	nan	
42486.2291666667	nan	nan	
42486.2395833333	nan	nan	
42486.25	nan	nan	
42486.2604166667	nan	nan	
42486.2708333333	nan	nan	
42486.28125	nan	nan	
42486.2916666667	nan	nan	
42486.3020833333	nan	nan	
42486.3125	nan	nan	
42486.3229166667	nan	nan	
42486.3333333333	72.69	71.8250007629395	
42486.34375	72.66	71.8300018310547	
42486.3541666667	72.61	72.129997253418	
42486.3645833333	72.48	72.1699981689453	
42486.375	72.61	72.2200012207031	
42486.3854166667	72.41	72.3199996948242	
42486.3958333333	72.62	72.36	
42486.40625	72.59	72.4049987792968	
42486.4166666667	72.54	72.4300012207032	
42486.4270833333	72.78	72.4599990844727	
42486.4375	72.7	72.4500007629395	
42486.4479166667	72.67	72.4599990844727	
42486.4583333333	72.73	72.4599990844727	
42486.46875	72.79	72.49	
42486.4791666667	72.8	72.55	
42486.4895833333	72.85	72.57	
42486.5	72.9	72.6	
42486.5104166667	73.09	72.6650018310547	
42486.5208333333	73.02	72.7	
42486.53125	72.99	72.870001373291	
42486.5416666667	72.98	72.9000015258789	
42486.5520833333	73.17	72.9100036621094	
42486.5625	73.19	72.9199981689453	
42486.5729166667	72.99	72.9100036621094	
42486.5833333333	73.19	72.9000015258789	
42486.59375	73.11	72.9200019836426	
42486.6041666667	72.98	72.935001373291	
42486.6145833333	72.97	72.9000015258789	
42486.625	73.07	72.9150009155273	
42486.6354166667	73.14	72.9000015258789	
42486.6458333333	73.06	72.8950004577636	
42486.65625	72.97	72.8600006103516	
42486.6666666667	72.86	72.795	
42486.6770833333	73.22	72.73	
42486.6875	73.44	72.71	
42486.6979166667	73.27	72.7	
42486.7083333333	73.09	72.635	
42486.71875	72.98	72.6050003051758	
42486.7291666667	72.88	72.6050003051758	
42486.7395833333	72.79	72.6150003051758	
42486.75	nan	nan	
42486.7604166667	nan	nan	
42486.7708333333	nan	nan	
42486.78125	nan	nan	
42486.7916666667	nan	nan	
42486.8020833333	nan	nan	
42486.8125	nan	nan	
42486.8229166667	nan	nan	
42486.8333333333	nan	nan	
42486.84375	nan	nan	
42486.8541666667	nan	nan	
42486.8645833333	nan	nan	
42486.875	nan	nan	
42486.8854166667	nan	nan	
42486.8958333333	nan	nan	
42486.90625	nan	nan	
42486.9166666667	nan	nan	
42486.9270833333	nan	nan	
42486.9375	nan	nan	
42486.9479166667	nan	nan	
42486.9583333333	nan	nan	
42486.96875	nan	nan	
42486.9791666667	nan	nan	
42486.9895833333	nan	nan	
42487	nan	nan	
42487.0104166667	nan	nan	
42487.0208333333	nan	nan	
42487.03125	nan	nan	
42487.0416666667	nan	nan	
42487.0520833333	nan	nan	
42487.0625	nan	nan	
42487.0729166667	nan	nan	
42487.0833333333	nan	nan	
42487.09375	nan	nan	
42487.1041666667	nan	nan	
42487.1145833333	nan	nan	
42487.125	nan	nan	
42487.1354166667	nan	nan	
42487.1458333333	nan	nan	
42487.15625	nan	nan	
42487.1666666667	nan	nan	
42487.1770833333	nan	nan	
42487.1875	nan	nan	
42487.1979166667	nan	nan	
42487.2083333333	nan	nan	
42487.21875	nan	nan	
42487.2291666667	nan	nan	
42487.2395833333	nan	nan	
42487.25	nan	nan	
42487.2604166667	nan	nan	
42487.2708333333	nan	nan	
42487.28125	nan	nan	
42487.2916666667	nan	nan	
42487.3020833333	nan	nan	
42487.3125	nan	nan	
42487.3229166667	nan	nan	
42487.3333333333	72.31	71.455	
42487.34375	72.34	71.41	
42487.3541666667	72.61	71.475	
42487.3645833333	72.77	71.5100021362305	
42487.375	72.79	71.645	
42487.3854166667	72.86	71.585	
42487.3958333333	73.01	71.615	
42487.40625	73.06	71.635	
42487.4166666667	72.82	71.635	
42487.4270833333	72.66	71.655	
42487.4375	72.74	71.68	
42487.4479166667	72.67	71.79	
42487.4583333333	72.66	71.885	
42487.46875	72.75	71.92	
42487.4791666667	72.7	71.955	
42487.4895833333	72.72	71.905	
42487.5	72.58	71.665	
42487.5104166667	72.6	71.8099975585938	
42487.5208333333	72.65	71.825	
42487.53125	72.81	71.8749981689453	
42487.5416666667	72.96	71.9250030517579	
42487.5520833333	73.07	71.9900016784668	
42487.5625	73.25	72.1149978637695	
42487.5729166667	73.35	72.1399996948242	
42487.5833333333	73.39	72.1399993896484	
42487.59375	73.27	72.1549990844726	
42487.6041666667	73.09	72.1699981689453	
42487.6145833333	73.01	72.1699981689453	
42487.625	73	72.2350006103516	
42487.6354166667	73	72.2350006103516	
42487.6458333333	73.16	72.2700004577637	
42487.65625	73.26	72.2649993896485	
42487.6666666667	73.28	72.2649993896485	
42487.6770833333	73.48	72.2649993896485	
42487.6875	73.39	72.2649993896485	
42487.6979166667	73.2	72.2749977111817	
42487.7083333333	73.16	72.2749977111817	
42487.71875	73.11	72.2799987792969	
42487.7291666667	73.17	72.2949981689454	
42487.7395833333	73.11	72.3600006103515	
42487.75	nan	nan	
42487.7604166667	nan	nan	
42487.7708333333	nan	nan	
42487.78125	nan	nan	
42487.7916666667	nan	nan	
42487.8020833333	nan	nan	
42487.8125	nan	nan	
42487.8229166667	nan	nan	
42487.8333333333	nan	nan	
42487.84375	nan	nan	
42487.8541666667	nan	nan	
42487.8645833333	nan	nan	
42487.875	nan	nan	
42487.8854166667	nan	nan	
42487.8958333333	nan	nan	
42487.90625	nan	nan	
42487.9166666667	nan	nan	
42487.9270833333	nan	nan	
42487.9375	nan	nan	
42487.9479166667	nan	nan	
42487.9583333333	nan	nan	
42487.96875	nan	nan	
42487.9791666667	nan	nan	
42487.9895833333	nan	nan	
42488	nan	nan	
42488.0104166667	nan	nan	
42488.0208333333	nan	nan	
42488.03125	nan	nan	
42488.0416666667	nan	nan	
42488.0520833333	nan	nan	
42488.0625	nan	nan	
42488.0729166667	nan	nan	
42488.0833333333	nan	nan	
42488.09375	nan	nan	
42488.1041666667	nan	nan	
42488.1145833333	nan	nan	
42488.125	nan	nan	
42488.1354166667	nan	nan	
42488.1458333333	nan	nan	
42488.15625	nan	nan	
42488.1666666667	nan	nan	
42488.1770833333	nan	nan	
42488.1875	nan	nan	
42488.1979166667	nan	nan	
42488.2083333333	nan	nan	
42488.21875	nan	nan	
42488.2291666667	nan	nan	
42488.2395833333	nan	nan	
42488.25	nan	nan	
42488.2604166667	nan	nan	
42488.2708333333	nan	nan	
42488.28125	nan	nan	
42488.2916666667	nan	nan	
42488.3020833333	nan	nan	
42488.3125	nan	nan	
42488.3229166667	nan	nan	
42488.3333333333	72.41	71.735	
42488.34375	72.56	71.695	
42488.3541666667	72.74	71.675	
42488.3645833333	72.64	71.71	
42488.375	72.61	71.71	
42488.3854166667	72.42	71.8400001525879	
42488.3958333333	72.47	71.8549995422364	
42488.40625	72.39	71.8549995422364	
42488.4166666667	72.34	71.8549995422364	
42488.4270833333	72.54	72.04	
42488.4375	72.6	72.0649998474121	
42488.4479166667	72.74	72.25	
42488.4583333333	72.85	72.3549992370606	
42488.46875	72.82	72.375	
42488.4791666667	72.89	72.3850021362305	
42488.4895833333	72.78	72.4650001525879	
42488.5	72.69	72.5	
42488.5104166667	72.49	72.5400009155273	
42488.5208333333	72.62	72.620002746582	
42488.53125	72.59	72.6749990844727	
42488.5416666667	72.76	72.6699981689453	
42488.5520833333	73.01	72.689998626709	
42488.5625	73.31	72.7200012207031	
42488.5729166667	73.45	72.7350006103515	
42488.5833333333	73.43	72.75	
42488.59375	73.16	72.7599983215332	
42488.6041666667	73.16	72.7599983215332	
42488.6145833333	73.15	72.7849998474121	
42488.625	73.44	72.8000030517578	
42488.6354166667	73.63	72.8350028991699	
42488.6458333333	73.59	72.9449996948242	
42488.65625	73.63	72.9750006103515	
42488.6666666667	73.57	72.98	
42488.6770833333	73.48	73.0050010681152	
42488.6875	73.3	73	
42488.6979166667	73.46	72.98	
42488.7083333333	73.37	72.9750006103515	
42488.71875	73.39	72.9700012207031	
42488.7291666667	73.31	72.9550018310547	
42488.7395833333	73.27	72.9400024414063	
42488.75	nan	nan	
42488.7604166667	nan	nan	
42488.7708333333	nan	nan	
42488.78125	nan	nan	
42488.7916666667	nan	nan	
42488.8020833333	nan	nan	
42488.8125	nan	nan	
42488.8229166667	nan	nan	
42488.8333333333	nan	nan	
42488.84375	nan	nan	
42488.8541666667	nan	nan	
42488.8645833333	nan	nan	
42488.875	nan	nan	
42488.8854166667	nan	nan	
42488.8958333333	nan	nan	
42488.90625	nan	nan	
42488.9166666667	nan	nan	
42488.9270833333	nan	nan	
42488.9375	nan	nan	
42488.9479166667	nan	nan	
42488.9583333333	nan	nan	
42488.96875	nan	nan	
42488.9791666667	nan	nan	
42488.9895833333	nan	nan	
42489	nan	nan	
42489.0104166667	nan	nan	
42489.0208333333	nan	nan	
42489.03125	nan	nan	
42489.0416666667	nan	nan	
42489.0520833333	nan	nan	
42489.0625	nan	nan	
42489.0729166667	nan	nan	
42489.0833333333	nan	nan	
42489.09375	nan	nan	
42489.1041666667	nan	nan	
42489.1145833333	nan	nan	
42489.125	nan	nan	
42489.1354166667	nan	nan	
42489.1458333333	nan	nan	
42489.15625	nan	nan	
42489.1666666667	nan	nan	
42489.1770833333	nan	nan	
42489.1875	nan	nan	
42489.1979166667	nan	nan	
42489.2083333333	nan	nan	
42489.21875	nan	nan	
42489.2291666667	nan	nan	
42489.2395833333	nan	nan	
42489.25	nan	nan	
42489.2604166667	nan	nan	
42489.2708333333	nan	nan	
42489.28125	nan	nan	
42489.2916666667	nan	nan	
42489.3020833333	nan	nan	
42489.3125	nan	nan	
42489.3229166667	nan	nan	
42489.3333333333	72.89	72.1999969482422	
42489.34375	72.91	72.1999969482422	
42489.3541666667	73.09	72.1999969482422	
42489.3645833333	73.1	72.1999969482422	
42489.375	72.99	72.254997253418	
42489.3854166667	72.87	72.25	
42489.3958333333	73.13	72.0300025939942	
42489.40625	73.14	72.120002746582	
42489.4166666667	73.14	72.120002746582	
42489.4270833333	72.96	72.1300010681152	
42489.4375	72.86	72.1549987792968	
42489.4479166667	72.66	72.1699981689453	
42489.4583333333	72.7	72.2600021362305	
42489.46875	72.81	72.2900009155273	
42489.4791666667	72.74	72.3099975585938	
42489.4895833333	72.72	72.3199996948242	
42489.5	72.86	72.3499984741211	
42489.5104166667	73.12	72.4199981689453	
42489.5208333333	73.23	72.4400024414063	
42489.53125	73.37	72.4700012207031	
42489.5416666667	73.2	72.4900016784668	
42489.5520833333	72.9	72.4900016784668	
42489.5625	73.14	72.5100021362305	
42489.5729166667	73.29	72.5299987792969	
42489.5833333333	73.39	72.620002746582	
42489.59375	73.24	72.7399978637695	
42489.6041666667	73.2	72.7299995422363	
42489.6145833333	73.63	72.7799987792969	
42489.625	73.64	72.7799987792969	
42489.6354166667	nan	nan	
42489.6458333333	nan	nan	
42489.65625	nan	nan	
42489.6666666667	nan	nan	
42489.6770833333	73.58	72.89	
42489.6875	73.52	72.86	
42489.6979166667	73.37	72.82	
42489.7083333333	73.46	72.79	
42489.71875	73.59	72.795	
42489.7291666667	73.61	72.755	
42489.7395833333	73.52	72.78	
42489.75	nan	nan	
42489.7604166667	nan	nan	
42489.7708333333	nan	nan	
42489.78125	nan	nan	
42489.7916666667	nan	nan	
42489.8020833333	nan	nan	
42489.8125	nan	nan	
42489.8229166667	nan	nan	
42489.8333333333	nan	nan	
42489.84375	nan	nan	
42489.8541666667	nan	nan	
42489.8645833333	nan	nan	
42489.875	nan	nan	
42489.8854166667	nan	nan	
42489.8958333333	nan	nan	
42489.90625	nan	nan	
42489.9166666667	nan	nan	
42489.9270833333	nan	nan	
42489.9375	nan	nan	
42489.9479166667	nan	nan	
42489.9583333333	nan	nan	
42489.96875	nan	nan	
42489.9791666667	nan	nan	
42489.9895833333	nan	nan	
42490	nan	nan	
42490.0104166667	nan	nan	
42490.0208333333	nan	nan	
42490.03125	nan	nan	
42490.0416666667	nan	nan	
42490.0520833333	nan	nan	
42490.0625	nan	nan	
42490.0729166667	nan	nan	
42490.0833333333	nan	nan	
42490.09375	nan	nan	
42490.1041666667	nan	nan	
42490.1145833333	nan	nan	
42490.125	nan	nan	
42490.1354166667	nan	nan	
42490.1458333333	nan	nan	
42490.15625	nan	nan	
42490.1666666667	nan	nan	
42490.1770833333	nan	nan	
42490.1875	nan	nan	
42490.1979166667	nan	nan	
42490.2083333333	nan	nan	
42490.21875	nan	nan	
42490.2291666667	nan	nan	
42490.2395833333	nan	nan	
42490.25	nan	nan	
42490.2604166667	nan	nan	
42490.2708333333	nan	nan	
42490.28125	nan	nan	
42490.2916666667	nan	nan	
42490.3020833333	nan	nan	
42490.3125	nan	nan	
42490.3229166667	nan	nan	
42490.3333333333	nan	nan	
42490.34375	nan	nan	
42490.3541666667	nan	nan	
42490.3645833333	nan	nan	
42490.375	nan	nan	
42490.3854166667	nan	nan	
42490.3958333333	nan	nan	
42490.40625	nan	nan	
42490.4166666667	nan	nan	
42490.4270833333	nan	nan	
42490.4375	nan	nan	
42490.4479166667	nan	nan	
42490.4583333333	nan	nan	
42490.46875	nan	nan	
42490.4791666667	nan	nan	
42490.4895833333	nan	nan	
42490.5	nan	nan	
42490.5104166667	nan	nan	
42490.5208333333	nan	nan	
42490.53125	nan	nan	
42490.5416666667	nan	nan	
42490.5520833333	nan	nan	
42490.5625	nan	nan	
42490.5729166667	nan	nan	
42490.5833333333	nan	nan	
42490.59375	nan	nan	
42490.6041666667	nan	nan	
42490.6145833333	nan	nan	
42490.625	nan	nan	
42490.6354166667	nan	nan	
42490.6458333333	nan	nan	
42490.65625	nan	nan	
42490.6666666667	nan	nan	
42490.6770833333	nan	nan	
42490.6875	nan	nan	
42490.6979166667	nan	nan	
42490.7083333333	nan	nan	
42490.71875	nan	nan	
42490.7291666667	nan	nan	
42490.7395833333	nan	nan	
42490.75	nan	nan	
42490.7604166667	nan	nan	
42490.7708333333	nan	nan	
42490.78125	nan	nan	
42490.7916666667	nan	nan	
42490.8020833333	nan	nan	
42490.8125	nan	nan	
42490.8229166667	nan	nan	
42490.8333333333	nan	nan	
42490.84375	nan	nan	
42490.8541666667	nan	nan	
42490.8645833333	nan	nan	
42490.875	nan	nan	
42490.8854166667	nan	nan	
42490.8958333333	nan	nan	
42490.90625	nan	nan	
42490.9166666667	nan	nan	
42490.9270833333	nan	nan	
42490.9375	nan	nan	
42490.9479166667	nan	nan	
42490.9583333333	nan	nan	
42490.96875	nan	nan	
42490.9791666667	nan	nan	
42490.9895833333	nan	nan	
