Date	ZoneLoadforContainerFPVAV27	ZoneLoadResidualforContainerFPVAV27	
42430.375	1026	-108	
42430.3854166667	972	-81	
42430.3958333333	1026	-162	
42430.40625	1134	-270	
42430.4166666667	1188	-297	
42430.4270833333	1134	-135	
42430.4375	1134	-135	
42430.4479166667	1242	-216	
42430.4583333333	1242	-216	
42430.46875	1134	-108	
42430.4791666667	1026	0	
42430.4895833333	1404	-378	
42430.5	1458	-432	
42430.5104166667	1350	-324	
42430.5208333333	1404	-432	
42430.53125	1404	-459	
42430.5416666667	1296	-162	
42430.5520833333	1674	-540	
42430.5625	1674	-486	
42430.5729166667	1620	-486	
42430.5833333333	1728	-540	
42430.59375	1890	-675	
42430.6041666667	1998	-783	
42430.6145833333	2106	-810	
42430.625	2322	-918	
42430.6354166667	2268	-756	
42430.6458333333	2268	-756	
42430.65625	2214	-486	
42430.6666666667	1782	-54	
42430.6770833333	1944	-270	
42430.6875	1890	-216	
42430.6979166667	2214	-648	
42431.375	1026	-108	
42431.3854166667	864	108	
42431.3958333333	1080	-108	
42431.40625	918	108	
42431.4166666667	1242	-270	
42431.4270833333	972	108	
42431.4375	972	54	
42431.4479166667	972	0	
42431.4583333333	972	0	
42431.46875	918	54	
42431.4791666667	1134	-81	
42431.4895833333	1026	27	
42431.5	1026	27	
42431.5104166667	1080	-27	
42431.5208333333	864	135	
42431.53125	1026	-27	
42431.5416666667	972	0	
42431.5520833333	1026	-54	
42431.5625	1134	-189	
42431.5729166667	1080	-54	
42431.5833333333	1134	-135	
42431.59375	1134	-108	
42431.6041666667	1026	0	
42431.6145833333	1080	-54	
42431.625	1188	-216	
42431.6354166667	972	27	
42431.6458333333	756	216	
42431.65625	810	0	
42431.6666666667	1188	-270	
42431.6770833333	1188	-270	
42431.6875	1296	-378	
42431.6979166667	1566	-702	
42432.375	864	108	
42432.3854166667	864	0	
42432.3958333333	972	-108	
42432.40625	918	27	
42432.4166666667	918	216	
42432.4270833333	1134	54	
42432.4375	1188	108	
42432.4479166667	1026	324	
42432.4583333333	1080	432	
42432.46875	1188	324	
42432.4791666667	1296	432	
42432.4895833333	1350	378	
42432.5	1188	540	
42432.5104166667	1026	378	
42432.5208333333	972	432	
42432.53125	864	675	
42432.5416666667	972	756	
42432.5520833333	1134	567	
42432.5625	1188	540	
42432.5729166667	1296	648	
42432.5833333333	1566	378	
42432.59375	1566	135	
42432.6041666667	1674	-108	
42432.6145833333	1296	270	
42432.625	1404	270	
42432.6354166667	1458	108	
42432.6458333333	1728	-162	
42432.65625	1728	-162	
42432.6666666667	1836	-378	
42432.6770833333	1998	-621	
42432.6875	2106	-864	
42432.6979166667	2052	-783	
42433.375	972	-108	
42433.3854166667	1080	-216	
42433.3958333333	1026	-216	
42433.40625	1080	-297	
42433.4166666667	972	-81	
42433.4270833333	1134	-270	
42433.4375	864	0	
42433.4479166667	1026	-216	
42433.4583333333	1026	-243	
42433.46875	972	-162	
42433.4791666667	918	-81	
42433.4895833333	810	135	
42433.5	918	-81	
42433.5104166667	864	0	
42433.5208333333	864	0	
42433.53125	864	0	
42433.5416666667	918	-54	
42433.5520833333	486	324	
42433.5625	270	540	
42433.5729166667	432	486	
42433.5833333333	540	405	
42433.59375	702	270	
42433.6041666667	810	378	
42433.6145833333	918	54	
42433.625	810	162	
42433.6354166667	864	108	
42433.6458333333	864	108	
42433.65625	918	27	
42433.6666666667	810	108	
42433.6770833333	810	81	
42433.6875	702	108	
42433.6979166667	702	54	
42436.375	810	81	
42436.3854166667	864	108	
42436.3958333333	918	54	
42436.40625	1026	-108	
42436.4166666667	918	27	
42436.4270833333	918	54	
42436.4375	972	-81	
42436.4479166667	1026	-216	
42436.4583333333	1026	-216	
42436.46875	1026	-216	
42436.4791666667	918	-216	
42436.4895833333	1026	-270	
42436.5	1026	-216	
42436.5104166667	1080	-162	
42436.5208333333	1242	-216	
42436.53125	1404	-270	
42436.5416666667	1404	-162	
42436.5520833333	1296	-54	
42436.5625	1350	-108	
42436.5729166667	1350	-108	
42436.5833333333	1404	0	
42436.59375	1512	-108	
42436.6041666667	1620	-162	
42436.6145833333	1458	0	
42436.625	1404	27	
42436.6354166667	1512	-108	
42436.6458333333	1728	-459	
42436.65625	1512	-270	
42436.6666666667	1404	-243	
42436.6770833333	1350	-243	
42436.6875	1404	-486	
42436.6979166667	1620	-648	
42437.375	918	81	
42437.3958333333	918	108	
42437.40625	1134	-108	
42437.4166666667	1026	0	
42437.4270833333	1134	-108	
42437.4375	1134	-108	
42437.4479166667	1188	-108	
42437.4583333333	1242	-189	
42437.46875	1026	0	
42437.4791666667	1026	0	
42437.4895833333	972	27	
42437.5	1026	0	
42437.5104166667	1026	0	
42437.5208333333	1026	0	
42437.53125	810	216	
42437.5416666667	1080	-27	
42437.5520833333	1296	-162	
42437.5625	1296	0	
42437.5729166667	1296	54	
42437.5833333333	1620	-270	
42437.59375	1620	-216	
42437.6041666667	1944	-486	
42437.6145833333	2052	-432	
42437.625	2052	-432	
42437.6354166667	1944	-270	
42437.6458333333	1998	-270	
42437.65625	1836	-54	
42437.6666666667	1782	0	
42437.6770833333	2052	-324	
42437.6875	2376	-702	
42437.6979166667	2754	-1107	
42438.375	918	-162	
42438.40625	918	297	
42438.4166666667	918	54	
42438.4270833333	810	216	
42438.4375	972	0	
42438.4479166667	810	162	
42438.4583333333	864	108	
42438.46875	864	108	
42438.4791666667	918	54	
42438.4895833333	972	-54	
42438.5	810	108	
42438.5104166667	972	-135	
42438.5208333333	972	-108	
42438.53125	864	0	
42438.5416666667	1026	-216	
42438.5520833333	918	-162	
42438.5625	918	-162	
42438.5729166667	1134	-378	
42438.5833333333	1026	-81	
42438.59375	1242	-297	
42438.6041666667	1296	-351	
42438.6145833333	1188	-270	
42438.625	1188	-270	
42438.6354166667	1350	-432	
42438.6458333333	1404	-432	
42438.65625	1404	-432	
42438.6666666667	1242	-270	
42438.6770833333	1350	-378	
42438.6875	1404	-378	
42438.6979166667	1404	-432	
42439.375	918	-108	
42439.3854166667	864	-27	
42439.3958333333	810	0	
42439.40625	864	-27	
42439.4166666667	918	-54	
42439.4270833333	1026	-108	
42439.4375	1134	-189	
42439.4479166667	1134	-162	
42439.4583333333	1080	-108	
42439.46875	1134	-162	
42439.4791666667	1242	-270	
42439.4895833333	1080	-162	
42439.5	972	-54	
42439.5104166667	1026	-108	
42439.5208333333	1026	-108	
42439.53125	918	27	
42439.5416666667	1026	-81	
42439.5520833333	1188	-270	
42439.5625	1188	-270	
42439.5729166667	1242	-324	
42439.5833333333	1296	-378	
42439.59375	1350	-432	
42439.6041666667	1512	-540	
42439.6145833333	1512	-594	
42439.625	1512	-540	
42439.6354166667	1728	-702	
42439.6458333333	1728	-783	
42439.65625	1836	-918	
42439.6666666667	1836	-918	
42439.6770833333	1782	-891	
42439.6875	1782	-891	
42439.6979166667	1674	-756	
42440.375	648	216	
42440.3854166667	810	81	
42440.3958333333	756	216	
42440.40625	864	108	
42440.4166666667	756	189	
42440.4270833333	918	0	
42440.4375	918	-54	
42440.4479166667	1026	-162	
42440.4583333333	918	54	
42440.46875	1026	-162	
42440.4791666667	918	-54	
42440.4895833333	1026	-162	
42440.5	1134	-162	
42440.5104166667	1080	-108	
42440.5208333333	1080	-216	
42440.53125	1242	-378	
42440.5416666667	1242	-378	
42440.5520833333	1026	-540	
42440.5625	1080	-648	
42440.5729166667	1296	-810	
42440.5833333333	1404	-594	
42440.59375	1404	-513	
42440.6041666667	1026	-108	
42440.6145833333	1188	-270	
42440.625	1188	-270	
42440.6354166667	1188	-270	
42440.6458333333	1026	-108	
42440.65625	972	-54	
42440.6666666667	756	162	
42440.6770833333	810	54	
42440.6875	864	-108	
42440.6979166667	864	-108	
42443.375	918	-54	
42443.3854166667	864	-27	
42443.3958333333	1080	-243	
42443.40625	918	-54	
42443.4166666667	1134	-270	
42443.4270833333	972	54	
42443.4375	1026	27	
42443.4479166667	1080	27	
42443.4583333333	1134	0	
42443.46875	1134	-54	
42443.4791666667	1080	54	
42444.375	810	54	
42444.3854166667	864	-54	
42444.3958333333	864	0	
42444.40625	918	-27	
42444.4166666667	972	-54	
42444.4270833333	972	-54	
42444.4375	1026	0	
42444.4479166667	972	54	
42444.4583333333	1026	27	
42444.46875	972	54	
42444.4791666667	918	216	
42444.4895833333	1026	108	
42444.5	1296	-243	
42444.5104166667	810	216	
42444.5208333333	864	162	
42444.53125	1188	-162	
42444.5416666667	1296	-270	
42444.5520833333	1458	-432	
42444.5625	1458	-459	
42444.5729166667	1620	-486	
42444.5833333333	1782	-324	
42444.59375	1458	-54	
42444.6041666667	1404	0	
42444.6145833333	1620	-216	
42444.625	1836	-54	
42444.6354166667	1458	486	
42444.6458333333	1242	810	
42444.65625	1512	729	
42444.6666666667	1836	216	
42444.6770833333	2268	-270	
42444.6875	2754	-810	
42444.6979166667	2430	-513	
42445.375	756	0	
42445.3854166667	918	-108	
42445.3958333333	864	-54	
42445.40625	864	-54	
42445.4166666667	972	-162	
42445.4270833333	864	-108	
42445.4375	972	-162	
42445.4479166667	918	81	
42445.4583333333	1080	-108	
42445.46875	972	54	
42445.4791666667	972	54	
42445.4895833333	1026	0	
42445.5	1026	0	
42445.5104166667	918	108	
42445.5208333333	918	108	
42445.53125	1026	-27	
42445.5416666667	1026	-27	
42445.5520833333	1026	-27	
42445.5625	918	54	
42445.5729166667	810	189	
42445.5833333333	1134	-135	
42445.59375	1080	54	
42445.6041666667	1026	162	
42445.6145833333	1134	135	
42445.625	810	486	
42445.6354166667	810	486	
42445.6458333333	864	432	
42445.65625	864	378	
42445.6666666667	1080	162	
42445.6770833333	1188	-189	
42445.6875	1350	-405	
42445.6979166667	1296	-324	
42446.375	918	-108	
42446.3854166667	972	-162	
42446.3958333333	1134	-270	
42446.40625	1134	-270	
42446.4166666667	1080	-216	
42446.4270833333	1242	-378	
42446.4375	1350	-432	
42446.4479166667	1242	-324	
42446.4583333333	1404	-486	
42446.46875	1026	0	
42446.4791666667	1026	108	
42446.4895833333	1026	54	
42446.5	1134	-108	
42446.5104166667	810	108	
42446.5208333333	1026	-108	
42446.53125	918	27	
42446.5416666667	918	108	
42446.5520833333	918	108	
42446.5625	1080	-54	
42446.5729166667	1080	-81	
42446.5833333333	1296	-324	
42446.59375	1296	-297	
42446.6041666667	1458	-432	
42446.6145833333	1566	-594	
42446.625	1782	-891	
42446.6354166667	1836	-972	
42446.6458333333	1944	-1053	
42446.65625	2376	-1512	
42446.6666666667	2592	-1836	
42446.6770833333	2970	-2214	
42446.6875	2808	-2052	
42446.6979166667	2268	-1512	
42447.375	972	-216	
42447.3854166667	1026	-270	
42447.3958333333	1134	-243	
42447.40625	918	135	
42447.4166666667	864	162	
42447.4270833333	810	108	
42447.4375	918	0	
42447.4479166667	864	108	
42447.4583333333	810	216	
42447.46875	864	270	
42447.4791666667	864	81	
42447.4895833333	648	324	
42447.5	594	324	
42447.5104166667	540	405	
42447.5208333333	594	756	
42447.53125	486	486	
42447.5416666667	540	1134	
42447.5520833333	810	918	
42447.5625	756	972	
42447.5729166667	810	918	
42447.5833333333	972	648	
42447.59375	1404	-378	
42447.6041666667	1512	-621	
42447.6145833333	1566	-594	
42447.625	1782	-756	
42447.6354166667	1944	-756	
42447.6458333333	1728	-486	
42447.65625	1458	-189	
42447.6666666667	1458	-162	
42447.6770833333	1350	0	
42447.6875	1404	-54	
42447.6979166667	1350	0	
42450.375	918	-297	
42450.3854166667	864	-162	
42450.3958333333	918	-189	
42450.40625	972	-216	
42450.4166666667	1026	-216	
42450.4270833333	1026	-162	
42450.4375	972	-108	
42450.4479166667	972	-54	
42450.4583333333	918	54	
42450.46875	972	0	
42450.4791666667	972	27	
42450.4895833333	972	27	
42450.5	972	54	
42450.5104166667	864	108	
42450.5208333333	756	216	
42450.53125	756	216	
42450.5416666667	864	108	
42450.5520833333	864	108	
42450.5625	918	54	
42450.5729166667	864	27	
42450.5833333333	918	0	
42450.59375	972	-54	
42450.6041666667	972	-108	
42450.6145833333	864	27	
42450.625	918	0	
42450.6354166667	918	0	
42450.6458333333	972	0	
42450.65625	972	-54	
42450.6666666667	918	216	
42450.6770833333	1026	108	
42450.6875	810	432	
42450.6979166667	756	486	
42451.375	918	-162	
42451.3854166667	918	-162	
42451.3958333333	1080	-216	
42451.40625	864	0	
42451.4166666667	1026	-162	
42451.4270833333	864	54	
42451.4375	1080	-135	
42451.4479166667	1134	-162	
42451.4583333333	918	54	
42451.46875	972	0	
42451.4791666667	1026	-54	
42451.4895833333	1026	-54	
42451.5	1080	-108	
42451.5104166667	1026	0	
42451.5208333333	1080	-54	
42451.53125	1080	-108	
42451.5416666667	1080	-108	
42451.5520833333	1026	0	
42451.5625	1026	0	
42451.5729166667	1026	0	
42451.5833333333	972	0	
42451.59375	1134	-216	
42451.6041666667	1026	-108	
42451.6145833333	1026	-108	
42451.625	810	162	
42451.6354166667	1080	-81	
42451.6458333333	1080	-135	
42451.65625	1134	-216	
42451.6666666667	1134	-243	
42451.6770833333	1242	-351	
42451.6875	1296	-405	
42451.6979166667	1296	-432	
42452.375	864	-54	
42452.3854166667	918	-108	
42452.3958333333	1026	-216	
42452.40625	1026	-189	
42452.4166666667	1134	-270	
42452.4270833333	1134	-270	
42452.4375	1080	-216	
42452.4479166667	1188	-243	
42452.4583333333	1296	-324	
42452.46875	1242	-270	
42452.4791666667	1134	-162	
42452.4895833333	1026	0	
42452.5	810	216	
42452.5104166667	1080	-54	
42452.5208333333	1080	-54	
42452.53125	1080	-54	
42452.5416666667	1134	-108	
42452.5520833333	1350	-324	
42452.5625	1566	-540	
42452.5729166667	1566	-594	
42452.5833333333	1836	-810	
42452.59375	2052	-972	
42452.6041666667	2052	-972	
42452.6145833333	2160	-1134	
42452.625	2106	-891	
42452.6354166667	2214	-1026	
42452.6458333333	2268	-1242	
42452.65625	2268	-1215	
42452.6666666667	2376	-1350	
42452.6770833333	2376	-1431	
42452.6875	2646	-1674	
42452.6979166667	2214	-1296	
42453.375	918	-162	
42453.3854166667	1080	-270	
42453.3958333333	1026	-216	
42453.40625	972	-135	
42453.4166666667	1080	-216	
42453.4270833333	1026	-162	
42453.4375	972	-108	
42453.4479166667	1080	-216	
42453.4583333333	1134	-216	
42453.46875	1134	-216	
42453.4791666667	1134	-216	
42453.4895833333	1026	-108	
42453.5	1080	-108	
42453.5104166667	1026	-54	
42453.5208333333	1026	-54	
42453.53125	1026	-54	
42453.5416666667	972	0	
42453.5520833333	1134	-162	
42453.5625	1134	-162	
42453.5729166667	1188	-216	
42453.5833333333	1080	-108	
42453.59375	1080	-189	
42453.6041666667	1242	-324	
42453.6145833333	1134	-216	
42453.625	1188	-351	
42453.6354166667	1134	-270	
42453.6458333333	1188	-324	
42453.65625	1026	-162	
42453.6666666667	972	-54	
42453.6770833333	1188	-270	
42453.6875	1188	-243	
42453.6979166667	1026	-108	
42454.375	810	-54	
42454.3854166667	918	-108	
42454.3958333333	1026	-162	
42454.40625	1080	-216	
42454.4166666667	972	-108	
42454.4270833333	1080	-216	
42454.4375	1080	-216	
42454.4479166667	1080	-216	
42454.4583333333	1134	-243	
42454.46875	1026	-108	
42454.4791666667	972	-27	
42454.4895833333	1026	-108	
42454.5	1080	-108	
42454.5104166667	972	-54	
42454.5208333333	1026	-81	
42454.53125	972	-27	
42454.5416666667	864	108	
42454.5520833333	1026	-54	
42454.5625	1026	-81	
42454.5729166667	972	-54	
42454.5833333333	1026	-108	
42454.59375	1026	-108	
42454.6041666667	1080	-135	
42454.6145833333	972	-27	
42454.625	1026	-108	
42454.6354166667	864	81	
42454.6458333333	918	54	
42454.65625	918	54	
42454.6666666667	864	27	
42454.6770833333	810	54	
42454.6875	810	54	
42454.6979166667	810	81	
42457.375	864	-216	
42457.3854166667	972	-297	
42457.3958333333	1026	-297	
42457.40625	972	-189	
42457.4166666667	972	-216	
42457.4270833333	1080	-216	
42457.4375	1026	-108	
42457.4583333333	1080	-108	
42457.46875	864	108	
42457.4791666667	1188	-216	
42457.4895833333	972	0	
42457.5	864	-27	
42457.5104166667	1080	-216	
42457.53125	1080	-189	
42457.5416666667	1134	-216	
42457.5520833333	1134	-216	
42457.5625	1080	-135	
42457.5729166667	972	-54	
42457.59375	918	108	
42457.6145833333	810	216	
42457.6354166667	864	162	
42457.6458333333	810	324	
42457.65625	648	513	
42457.6666666667	810	486	
42457.6770833333	702	648	
42457.6875	756	513	
42457.6979166667	756	486	
42458.375	756	54	
42458.3854166667	702	54	
42458.3958333333	702	135	
42458.40625	756	108	
42458.4166666667	864	0	
42458.4270833333	756	162	
42458.4375	810	108	
42458.4479166667	864	108	
42458.4583333333	810	216	
42458.46875	864	162	
42458.4791666667	918	135	
42458.4895833333	918	108	
42458.5	864	162	
42458.5104166667	918	108	
42458.5208333333	918	108	
42458.53125	810	189	
42458.5416666667	864	108	
42458.5520833333	864	108	
42458.5625	864	54	
42458.5729166667	810	108	
42458.5833333333	810	108	
42458.59375	810	162	
42458.6041666667	864	108	
42458.6145833333	810	162	
42458.625	756	216	
42458.6354166667	756	243	
42458.6458333333	810	162	
42458.65625	864	108	
42458.6666666667	810	108	
42458.6770833333	864	162	
42458.6875	864	162	
42458.6979166667	972	-27	
42459.375	972	-54	
42459.3854166667	972	-54	
42459.3958333333	1026	-81	
42459.40625	1242	-270	
42459.4166666667	1296	-405	
42459.4270833333	1404	-459	
42459.4375	1404	-459	
42459.4479166667	1404	-378	
42459.4583333333	1566	-540	
42459.46875	1728	-702	
42459.4791666667	1890	-864	
42459.4895833333	1836	-810	
42459.5	1890	-864	
42459.5104166667	1944	-918	
42459.5208333333	1944	-918	
42459.53125	2052	-1026	
42459.5416666667	2052	-972	
42459.5520833333	1782	-648	
42459.5625	1620	-486	
42459.5729166667	1620	-540	
42459.5833333333	1512	-432	
42459.59375	1782	-756	
42459.6041666667	1944	-972	
42459.6145833333	1890	-864	
42459.625	2052	-1026	
42459.6354166667	2052	-1026	
42459.6458333333	2160	-1134	
42459.65625	1998	-972	
42459.6666666667	2214	-1188	
42459.6770833333	2322	-1350	
42459.6875	2160	-1188	
42459.6979166667	2268	-1350	
42460.375	1134	-243	
42460.3854166667	1134	-216	
42460.3958333333	1188	-243	
42460.40625	1404	-432	
42460.4166666667	1404	-270	
42460.4270833333	1512	-378	
42460.4375	1782	-621	
42460.4479166667	1782	-594	
42460.4583333333	1728	-432	
42460.46875	1566	-216	
42460.4791666667	1566	-54	
42460.4895833333	1350	162	
42460.5	1404	108	
42460.5104166667	1404	108	
42460.5208333333	1350	378	
42460.53125	1728	0	
42460.5416666667	1674	-270	
42460.5520833333	1620	-351	
42460.5625	1458	-162	
42460.5729166667	1512	-270	
42460.5833333333	1458	-189	
42460.59375	1620	-270	
42460.6041666667	1620	-243	
42460.6145833333	2160	-594	
42460.625	2592	-648	
42460.6354166667	2916	-1161	
42460.6458333333	2376	-810	
42460.65625	1944	-621	
42460.6666666667	2268	-864	
42460.6770833333	2754	-1134	
42460.6875	3348	-1701	
42460.6979166667	3348	-1674	
42461.375	972	-216	
42461.3854166667	918	-162	
42461.3958333333	1080	-324	
42461.40625	918	-135	
42461.4166666667	1080	-270	
42461.4270833333	1134	-270	
42461.4375	1188	-324	
42461.4479166667	1242	-270	
42461.4583333333	1242	-270	
42461.46875	1296	-378	
42461.4791666667	1188	-270	
42461.4895833333	1458	-540	
42461.5	1080	-108	
42461.5104166667	1080	-108	
42461.5208333333	1026	-54	
42461.53125	1026	-81	
42461.5416666667	1134	-162	
42461.5520833333	1134	-162	
42461.5625	1080	-108	
42461.5729166667	1080	-135	
42461.5833333333	1188	-324	
42461.59375	1026	-432	
42461.6041666667	1026	-270	
42461.6145833333	1026	-216	
42461.625	1080	-270	
42461.6354166667	1026	-162	
42461.6458333333	972	-135	
42461.65625	1134	-324	
42461.6666666667	972	-162	
42461.6770833333	1080	-297	
42461.6875	1080	-270	
42461.6979166667	1134	-324	
42464.3854166667	972	-216	
42464.3958333333	972	-135	
42464.40625	1134	-270	
42464.4166666667	972	-108	
42464.4270833333	1026	-108	
42464.4375	1080	-135	
42464.4479166667	1026	-54	
42464.4583333333	1080	-162	
42464.46875	1134	-216	
42464.4791666667	1188	-324	
42464.4895833333	1134	-162	
42464.5	1026	0	
42464.5104166667	1296	-270	
42464.5208333333	1188	-162	
42464.53125	1134	-108	
42464.5416666667	1026	27	
42464.5520833333	918	162	
42464.5625	1026	81	
42464.5729166667	1080	162	
42464.5833333333	1026	216	
42464.59375	864	432	
42464.6041666667	1242	108	
42464.6145833333	1296	108	
42464.625	1458	-54	
42464.6354166667	1458	108	
42464.6458333333	1566	108	
42464.65625	1890	-162	
42464.6666666667	1890	-378	
42464.6770833333	1890	-270	
42464.6875	2052	-162	
42464.6979166667	1944	135	
42465.375	1026	-270	
42465.3854166667	1026	-270	
42465.3958333333	1080	-270	
42465.40625	1080	-270	
42465.4166666667	1026	-108	
42465.4270833333	1080	-162	
42465.4375	1134	-162	
42465.4479166667	1080	-54	
42465.4583333333	1134	-108	
42465.46875	1134	-108	
42465.4791666667	1134	-54	
42465.4895833333	1026	54	
42465.5	1026	0	
42465.5104166667	918	108	
42465.5208333333	918	108	
42465.53125	918	108	
42465.5416666667	972	54	
42465.5520833333	1080	-54	
42465.5625	1026	432	
42465.5729166667	972	567	
42465.5833333333	1188	270	
42465.59375	1296	108	
42465.6041666667	1404	0	
42465.6145833333	1566	-162	
42465.625	1512	-81	
42465.6354166667	1566	-108	
42465.6458333333	1566	-54	
42465.65625	1782	-162	
42465.6666666667	1728	0	
42465.6770833333	1836	0	
42465.6875	1890	-81	
42465.6979166667	2052	-270	
42466.375	972	-135	
42466.3854166667	1026	-270	
42466.3958333333	1080	-270	
42466.40625	1134	-216	
42466.4166666667	1296	-378	
42466.4270833333	1134	-216	
42466.4375	1242	-324	
42466.4479166667	1026	-216	
42466.4583333333	1188	-378	
42466.46875	1242	-270	
42466.4791666667	1188	-162	
42466.4895833333	1134	-108	
42466.5	810	216	
42466.5104166667	1134	-108	
42466.5208333333	1296	-243	
42466.53125	1296	-243	
42466.5416666667	1350	-243	
42466.5520833333	1512	-378	
42466.5625	1620	-594	
42466.5729166667	1944	-918	
42466.5833333333	2052	-972	
42466.59375	2052	-918	
42466.6041666667	2322	-1134	
42466.6145833333	2484	-1242	
42466.625	2700	-1404	
42466.6354166667	3024	-1728	
42466.6458333333	2862	-1620	
42466.65625	2646	-1404	
42466.6666666667	2322	-1107	
42466.6770833333	2322	-1107	
42466.6875	2052	-756	
42466.6979166667	2268	-918	
42467.375	1080	-243	
42467.3854166667	1080	-270	
42467.3958333333	1242	-486	
42467.40625	1080	-243	
42467.4166666667	1134	-270	
42467.4270833333	1242	-270	
42467.4375	1080	-108	
42467.4479166667	1080	-108	
42467.4583333333	1134	0	
42467.46875	1026	135	
42467.4791666667	1134	108	
42467.4895833333	1026	432	
42467.5	1026	378	
42467.5104166667	1080	324	
42467.5208333333	1026	432	
42467.53125	918	432	
42467.5416666667	1080	540	
42467.5520833333	1188	216	
42467.5625	1242	162	
42467.5729166667	1404	0	
42467.5833333333	1566	-54	
42467.59375	1836	-216	
42467.6041666667	1836	-216	
42467.6145833333	1944	-135	
42467.625	2160	-216	
42467.6354166667	2106	-270	
42467.6458333333	2106	-432	
42467.65625	2268	-594	
42467.6666666667	2430	-756	
42467.6770833333	2376	-756	
42467.6875	2106	-486	
42467.6979166667	2430	-810	
42468.375	864	-27	
42468.3854166667	918	-54	
42468.3958333333	1026	-189	
42468.40625	1026	-162	
42468.4166666667	972	-54	
42468.4270833333	1026	-54	
42468.4375	972	-54	
42468.4479166667	1026	-54	
42468.4583333333	1080	-108	
42468.46875	918	54	
42468.4791666667	1026	-81	
42468.4895833333	918	81	
42468.5	918	54	
42468.5104166667	972	-27	
42468.5208333333	918	27	
42468.53125	918	54	
42468.5416666667	918	54	
42468.5520833333	972	0	
42468.5625	810	162	
42468.5729166667	1026	-27	
42468.5833333333	972	27	
42468.59375	702	297	
42468.6041666667	864	81	
42468.6145833333	918	54	
42468.625	756	216	
42468.6354166667	702	432	
42468.6458333333	756	621	
42468.65625	918	432	
42468.6666666667	1026	324	
42468.6770833333	1188	162	
42468.6875	1188	189	
42468.6979166667	1296	-108	
42471.375	1026	189	
42471.3854166667	1080	216	
42471.40625	1404	-270	
42471.4166666667	1296	-243	
42471.4270833333	1512	-486	
42471.4375	1512	-486	
42471.4479166667	1512	-432	
42471.4583333333	1620	-513	
42471.46875	1728	-594	
42471.4791666667	1728	-594	
42471.4895833333	1782	-756	
42471.5	1836	-810	
42471.5104166667	1836	-810	
42471.5208333333	1944	-918	
42471.53125	1890	-864	
42471.5416666667	1890	-864	
42471.5520833333	1998	-972	
42471.5625	1944	-783	
42471.5729166667	1836	-621	
42471.5833333333	1836	-594	
42471.59375	1890	-756	
42471.6041666667	1890	-810	
42471.6145833333	1836	-810	
42471.625	1944	-810	
42471.6354166667	1944	-756	
42471.6458333333	1944	-648	
42471.65625	2052	-621	
42471.6666666667	2106	-648	
42471.6770833333	2376	-972	
42471.6875	2376	-972	
42471.6979166667	2322	-918	
42472.375	1026	-162	
42472.3854166667	1242	-378	
42472.3958333333	1188	-324	
42472.40625	1404	-540	
42472.4166666667	1512	-621	
42472.4270833333	1458	-540	
42472.4375	1566	-648	
42472.4479166667	1728	-783	
42472.4583333333	1674	-702	
42472.46875	1836	-864	
42472.4791666667	1836	-864	
42472.4895833333	1836	-864	
42472.5	1836	-864	
42472.5104166667	1890	-918	
42472.5208333333	1890	-918	
42472.53125	1890	-918	
42472.5416666667	1998	-1026	
42472.5520833333	1998	-1026	
42472.5625	2052	-1107	
42472.5729166667	1944	-1026	
42472.5833333333	1890	-972	
42472.59375	2106	-1188	
42472.6041666667	1944	-999	
42472.6145833333	1998	-1026	
42472.625	2214	-1269	
42472.6354166667	2268	-1350	
42472.6458333333	2214	-1296	
42472.65625	2322	-1404	
42472.6666666667	2376	-1458	
42472.6770833333	2376	-1458	
42472.6875	2484	-1512	
42472.6979166667	2268	-1350	
42473.375	864	-27	
42473.3854166667	918	-108	
42473.3958333333	972	-81	
42473.40625	1026	-108	
42473.4166666667	1080	-162	
42473.4270833333	918	0	
42473.4375	1026	-108	
42473.4479166667	972	-54	
42473.4583333333	1026	-54	
42473.46875	972	162	
42473.4791666667	918	108	
42473.4895833333	1026	-54	
42473.5	1026	-81	
42473.5104166667	1026	-54	
42473.5208333333	1026	0	
42473.53125	972	81	
42473.5416666667	972	108	
42473.5520833333	972	54	
42473.5625	1026	0	
42473.5729166667	1026	-54	
42473.5833333333	1080	-108	
42473.59375	810	162	
42473.6041666667	1080	-108	
42473.6145833333	1080	-81	
42473.625	1080	-54	
42473.6354166667	1080	-54	
42473.6458333333	1242	-216	
42473.65625	1134	-108	
42473.6666666667	1080	-54	
42473.6770833333	1134	-108	
42473.6875	1134	-108	
42473.6979166667	1080	-54	
42474.375	756	81	
42474.3854166667	972	-108	
42474.3958333333	1026	-216	
42474.40625	918	-81	
42474.4166666667	1026	-162	
42474.4270833333	1026	-162	
42474.4375	1026	-162	
42474.4479166667	972	-108	
42474.4583333333	1026	-108	
42474.46875	1026	-108	
42474.4791666667	1080	-108	
42474.4895833333	1080	-108	
42474.5	1026	-54	
42474.5104166667	1026	-54	
42474.5208333333	1026	-108	
42474.53125	1026	0	
42474.5416666667	1080	-81	
42474.5520833333	1026	-108	
42474.5625	972	-27	
42474.5729166667	1026	-81	
42474.5833333333	972	-54	
42474.59375	918	108	
42474.6041666667	810	270	
42474.6145833333	864	216	
42474.625	1134	-108	
42474.6354166667	1080	-54	
42474.6458333333	1080	-54	
42474.65625	1134	-135	
42474.6666666667	1296	-297	
42474.6770833333	1404	-432	
42474.6875	1350	-324	
42474.6979166667	1404	-378	
42475.375	702	54	
42475.3854166667	810	0	
42475.3958333333	864	0	
42475.40625	918	-54	
42475.4166666667	918	-54	
42475.4270833333	918	0	
42475.4375	1026	0	
42475.4479166667	1026	-54	
42475.4583333333	918	54	
42475.46875	972	-27	
42475.4791666667	1026	-54	
42475.4895833333	972	0	
42475.5	1026	-54	
42475.5104166667	1026	-54	
42475.5208333333	972	-108	
42475.53125	1026	-162	
42475.5416666667	1026	-162	
42475.5520833333	1080	-216	
42475.5625	1134	-270	
42475.5729166667	1134	-270	
42475.5833333333	1188	-324	
42475.59375	1242	-378	
42475.6041666667	1080	-216	
42475.6145833333	1026	-162	
42475.625	1026	-108	
42475.6354166667	810	162	
42475.6458333333	810	189	
42475.65625	864	81	
42475.6666666667	864	324	
42475.6770833333	864	324	
42475.6875	918	270	
42475.6979166667	1026	270	
42478.375	594	162	
42478.3854166667	918	-108	
42478.3958333333	918	-54	
42478.40625	972	-54	
42478.4166666667	972	-54	
42478.4270833333	972	-54	
42478.4375	972	0	
42478.4479166667	972	27	
42478.4583333333	918	54	
42478.46875	864	108	
42478.4791666667	1026	-54	
42478.4895833333	1026	-54	
42478.5	972	54	
42478.5104166667	1026	0	
42478.5208333333	972	108	
42478.53125	1026	0	
42478.5416666667	1026	0	
42478.5520833333	1080	-54	
42478.5625	1242	-162	
42478.5729166667	1242	-54	
42478.5833333333	1242	-54	
42478.59375	1242	0	
42478.6041666667	1242	0	
42478.6145833333	1404	-54	
42478.625	1350	0	
42478.6354166667	1350	0	
42478.6458333333	1512	-108	
42478.65625	1512	-108	
42478.6666666667	1512	-108	
42478.6770833333	1512	-108	
42478.6875	1620	-216	
42478.6979166667	1512	-108	
42479.375	486	405	
42479.3854166667	864	0	
42479.3958333333	1026	-108	
42479.40625	972	-54	
42479.4166666667	1134	-189	
42479.4270833333	1134	-162	
42479.4375	1026	27	
42479.4479166667	1026	0	
42479.4583333333	1080	-27	
42479.46875	1026	108	
42479.4791666667	918	216	
42479.4895833333	1026	135	
42479.5	972	54	
42479.5104166667	1080	-162	
42479.5208333333	1026	-108	
42479.53125	1134	-108	
42479.5416666667	1242	-216	
42479.5520833333	1296	-270	
42479.5625	1296	-270	
42479.5729166667	1458	-270	
42479.5833333333	1512	-54	
42479.59375	1512	-108	
42479.6041666667	1512	-108	
42479.6145833333	1512	0	
42479.625	1728	-216	
42479.6354166667	1728	-216	
42479.6458333333	2052	-486	
42479.65625	2106	-432	
42479.6666666667	1782	-54	
42479.6770833333	1782	-54	
42479.6875	1944	-108	
42479.6979166667	2646	-864	
42480.375	486	378	
42480.3854166667	864	0	
42480.3958333333	1026	-108	
42480.40625	1026	-54	
42480.4166666667	1080	-54	
42480.4270833333	1080	-54	
42480.4375	1188	-216	
42480.4479166667	1296	-297	
42480.4583333333	1404	-459	
42480.46875	1296	-324	
42480.4791666667	1458	-486	
42480.4895833333	1296	-324	
42480.5	1188	-216	
42480.5104166667	1350	-351	
42480.5208333333	1512	-486	
42480.53125	1512	-486	
42480.5416666667	1620	-594	
42480.5520833333	1728	-702	
42480.5625	1836	-810	
42480.5729166667	1782	-783	
42480.5833333333	1566	-594	
42480.59375	1350	-351	
42480.6041666667	1296	-270	
42480.6145833333	1296	-216	
42480.625	1296	-216	
42480.6354166667	1242	-189	
42480.6458333333	1296	-270	
42480.65625	1242	-216	
42480.6666666667	1242	0	
42480.6770833333	1350	-324	
42480.6875	1404	-432	
42480.6979166667	1404	-459	
42481.375	648	216	
42481.3854166667	1134	-243	
42481.3958333333	1188	-324	
42481.40625	1134	-270	
42481.4166666667	1134	-270	
42481.4270833333	1188	-324	
42481.4375	1242	-432	
42481.4479166667	1404	-594	
42481.4583333333	1674	-837	
42481.46875	1836	-918	
42481.4791666667	1890	-918	
42481.4895833333	1890	-918	
42481.5	1944	-972	
42481.5104166667	1944	-972	
42481.5208333333	1782	-756	
42481.53125	1836	-837	
42481.5416666667	1998	-1026	
42481.5520833333	1944	-972	
42481.5625	2052	-1107	
42481.5729166667	2268	-1377	
42481.5833333333	2268	-1296	
42481.59375	2268	-1377	
42481.6041666667	2268	-1377	
42481.6145833333	2376	-1485	
42481.625	2484	-1674	
42481.6354166667	2376	-1566	
42481.6458333333	2484	-1620	
42481.65625	2376	-1566	
42481.6666666667	2376	-1458	
42481.6770833333	2376	-1512	
42481.6875	2376	-1404	
42481.6979166667	2376	-1296	
42482.375	594	324	
42482.3854166667	1134	-135	
42482.3958333333	1134	-108	
42482.40625	1242	-216	
42482.4166666667	1188	-108	
42482.4270833333	1134	-81	
42482.4375	1404	-486	
42482.4479166667	1404	-432	
42482.4583333333	1404	-243	
42482.46875	1836	-162	
42482.4791666667	1728	-54	
42482.4895833333	1728	-54	
42482.5	1836	-162	
42482.5104166667	1674	-513	
42482.5208333333	1836	-675	
42482.53125	1890	-945	
42482.5416666667	1998	-1053	
42482.5520833333	1890	-918	
42482.5625	2052	-1080	
42482.5729166667	2052	-1080	
42482.5833333333	2268	-1296	
42482.59375	2268	-1296	
42482.6041666667	1836	-891	
42482.6145833333	1782	-756	
42482.625	1782	-648	
42482.6354166667	1728	-540	
42482.6458333333	1566	-324	
42482.65625	1458	-162	
42482.6666666667	1350	-54	
42482.6770833333	1134	216	
42482.6875	1242	81	
42482.6979166667	1512	-162	
42485.375	486	594	
42485.3854166667	972	216	
42485.3958333333	918	432	
42485.40625	918	432	
42485.4166666667	972	378	
42485.4270833333	810	594	
42485.4375	918	162	
42485.4479166667	918	189	
42485.4583333333	918	216	
42485.46875	1080	27	
42485.4791666667	1134	0	
42485.4895833333	1134	0	
42485.5	1080	54	
42485.5104166667	1188	-54	
42485.5208333333	1242	-108	
42485.53125	1242	-54	
42485.5416666667	1242	-81	
42485.5520833333	1350	-108	
42485.5625	1566	-324	
42485.5729166667	1566	-270	
42485.5833333333	1944	-648	
42485.59375	1782	-378	
42485.6041666667	2052	-648	
42485.6145833333	2160	-648	
42485.625	2214	-702	
42485.6354166667	2916	-1458	
42485.6458333333	3402	-2160	
42485.65625	3456	-2214	
42485.6666666667	2970	-1620	
42485.6770833333	2214	-702	
42485.6875	2484	-972	
42485.6979166667	3024	-1674	
42486.375	432	972	
42486.3854166667	1296	135	
42486.3958333333	1404	54	
42486.4166666667	1620	-594	
42486.4270833333	1674	-486	
42486.4375	1782	-567	
42486.4479166667	1890	-648	
42486.4583333333	2106	-864	
42486.46875	2106	-864	
42486.4791666667	1998	-756	
42486.4895833333	2160	-999	
42486.5	2160	-756	
42486.5104166667	1944	-540	
42486.5208333333	1890	-486	
42486.53125	1674	162	
42486.5416666667	1674	216	
42486.5520833333	1782	-189	
42486.5625	1944	-270	
42486.5729166667	1998	-351	
42486.5833333333	2106	-594	
42486.59375	2808	-1134	
42486.6041666667	3240	-1350	
42486.6145833333	2754	-648	
42486.625	2700	-486	
42486.6354166667	2700	-918	
42486.6458333333	3078	-1701	
42486.65625	3402	-1890	
42486.6666666667	3348	-1512	
42486.6770833333	2376	-108	
42486.6875	2160	270	
42486.6979166667	3132	-702	
42487.375	324	513	
42487.3854166667	810	54	
42487.3958333333	972	-54	
42487.40625	1080	-54	
42487.4166666667	1188	-162	
42487.4270833333	918	162	
42487.4375	1134	-162	
42487.4479166667	1134	-81	
42487.4583333333	1296	-270	
42487.46875	1512	-432	
42487.4791666667	1566	-513	
42487.4895833333	1620	-594	
42487.5	1566	-540	
42487.5104166667	1458	-486	
42487.5208333333	1242	-243	
42487.53125	1134	-135	
42487.5416666667	1080	-81	
42487.5520833333	1080	-81	
42487.5625	1134	-216	
42487.5729166667	1188	-270	
42487.5833333333	1188	-54	
42487.59375	1566	-432	
42487.6041666667	2538	-1350	
42487.6145833333	2268	-1026	
42487.625	2322	-1080	
42487.6354166667	1782	-513	
42487.6458333333	1674	108	
42487.65625	1674	486	
42487.6666666667	1566	0	
42487.6770833333	1836	-27	
42487.6875	2268	-702	
42487.6979166667	2484	-918	
42488.375	594	270	
42488.3854166667	1134	-216	
42488.3958333333	1404	-432	
42488.40625	1404	-324	
42488.4166666667	1566	-459	
42488.4270833333	1836	-702	
42488.4375	1944	-783	
42488.4479166667	2052	-810	
42488.4583333333	1998	-675	
42488.46875	2052	-648	
42488.4791666667	2430	-918	
42488.4895833333	2970	-1458	
42488.5	2862	-1458	
42488.5104166667	2862	-1458	
42488.5208333333	2484	-756	
42488.53125	2322	-621	
42488.5416666667	2214	-756	
42488.5520833333	2160	-621	
42488.5625	2052	-432	
42488.5729166667	2430	-486	
42488.5833333333	2808	-1134	
42488.59375	3186	-1539	
42488.6041666667	2916	-1269	
42488.6145833333	2538	-999	
42488.625	1998	-324	
42488.6354166667	1944	-378	
42488.6458333333	1836	-378	
42488.65625	2106	-621	
42488.6666666667	2214	-810	
42488.6770833333	2376	-540	
42488.6875	2592	-108	
42488.6979166667	2646	-432	
42489.375	702	405	
42489.3854166667	1620	-513	
42489.3958333333	1890	-972	
42489.40625	1890	-972	
42489.4166666667	2322	-1350	
42489.4270833333	2808	-1809	
42489.4375	3132	-1944	
42489.4479166667	3294	-2025	
42489.4583333333	2970	-1701	
42489.46875	2700	-1377	
42489.4791666667	3024	-1701	
42489.4895833333	3024	-1620	
42489.5	2160	-648	
42489.5104166667	1782	-270	
42489.5208333333	1836	0	
42489.53125	2376	-540	
42489.5416666667	3024	-1188	
42489.5520833333	3294	-1431	
42489.5625	2970	-1080	
42489.5729166667	2214	-324	
42489.6145833333	1566	270	
42489.6770833333	1296	108	
42489.6875	1728	-378	
42489.6979166667	1350	0	
42492.375	864	0	
42492.3854166667	864	0	
42492.3958333333	1026	-162	
42492.40625	1026	-162	
42492.4166666667	918	-54	
42492.4270833333	1026	-108	
42492.4375	972	0	
42492.4479166667	972	0	
42492.4583333333	972	0	
42492.46875	918	108	
42492.4791666667	972	54	
42492.4895833333	1026	0	
42492.5	972	54	
42492.5104166667	1026	0	
42492.5208333333	972	54	
42492.53125	1026	-27	
42492.5416666667	972	54	
42492.5520833333	972	27	
42492.5625	918	81	
42492.5729166667	918	27	
42492.5833333333	918	0	
42492.59375	918	27	
42492.6041666667	918	135	
42492.6145833333	918	162	
42492.625	972	0	
42492.6354166667	1026	189	
42492.6458333333	1080	189	
42492.65625	1080	189	
42492.6666666667	1134	108	
42492.6770833333	1134	108	
42492.6875	1242	-270	
42492.6979166667	1188	-270	
42494.375	864	0	
42494.3854166667	918	-54	
42494.3958333333	918	-27	
42494.40625	918	-27	
42494.4166666667	1026	-108	
42494.4270833333	918	0	
42494.4375	972	-54	
42494.4479166667	1026	54	
42494.4583333333	1026	81	
42494.46875	918	162	
42494.4791666667	972	108	
42494.4895833333	972	81	
42494.5	972	54	
42494.5104166667	918	162	
42494.5208333333	918	162	
42494.53125	972	108	
42494.5416666667	1026	27	
42494.5520833333	918	162	
42494.5625	810	216	
42494.5729166667	864	216	
42494.5833333333	972	189	
42494.59375	918	270	
42494.6041666667	918	378	
42494.6145833333	1080	540	
42494.625	1188	216	
42494.6354166667	1188	243	
42494.6458333333	1296	54	
42494.65625	1296	270	
42494.6666666667	1404	675	
42494.6770833333	1296	972	
42494.6875	1404	648	
42494.6979166667	1836	-54	
42495.375	972	-54	
42495.3854166667	918	54	
42495.3958333333	1026	54	
42495.40625	918	216	
42495.4166666667	972	162	
42495.4270833333	972	162	
42495.4375	1026	162	
42495.4479166667	1026	216	
42495.4583333333	918	432	
42495.46875	972	432	
42495.4791666667	1026	378	
42495.4895833333	1026	378	
42495.5	918	540	
42495.5104166667	918	594	
42495.5208333333	810	702	
42495.53125	756	945	
42495.5416666667	702	810	
42495.5520833333	702	675	
42495.5625	918	486	
42495.5729166667	756	675	
42495.5833333333	702	837	
42495.59375	648	972	
42495.6041666667	648	1053	
42495.6145833333	594	1350	
42495.625	594	1350	
42495.6354166667	972	945	
42495.6458333333	972	837	
42495.65625	1080	594	
42495.6666666667	1134	540	
42495.6770833333	1404	270	
42495.6875	1620	54	
42495.6979166667	1674	54	
42496.375	972	-54	
42496.3854166667	1026	0	
42496.3958333333	918	216	
42496.40625	918	270	
42496.4166666667	972	216	
42496.4270833333	1026	270	
42496.4375	972	432	
42496.4479166667	1080	378	
42496.4583333333	1026	486	
42496.46875	1026	486	
42496.4791666667	1080	648	
42496.4895833333	1134	648	
42496.5	1134	675	
42496.5104166667	1188	648	
42496.5208333333	1296	540	
42496.53125	1404	432	
42496.5416666667	1512	378	
42496.5520833333	1350	540	
42496.5625	1404	648	
42496.5729166667	1404	729	
42496.5833333333	1404	810	
42496.59375	1674	675	
42496.6041666667	1836	0	
42496.6145833333	2214	-432	
42496.625	2430	-270	
42496.6354166667	2484	54	
42496.6458333333	1782	756	
42496.65625	1296	432	
42496.6666666667	1458	-162	
42496.6770833333	1404	-108	
42496.6875	1458	-108	
42496.6979166667	1620	-216	
42499.375	918	108	
42499.3854166667	918	216	
42499.3958333333	918	486	
42499.40625	972	486	
42499.4166666667	918	702	
42499.4270833333	972	810	
42499.4375	1026	756	
42499.4479166667	1026	108	
42499.4583333333	1026	108	
42499.46875	1080	54	
42499.4791666667	1296	-162	
42499.4895833333	1404	-297	
42499.5	1296	-162	
42499.5104166667	1296	-162	
42499.5208333333	1404	-243	
42499.53125	1566	-405	
42499.5416666667	1944	-702	
42499.5520833333	2052	-810	
42499.5625	2052	-729	
42499.5729166667	2052	-621	
42499.5833333333	2106	-621	
42499.59375	3186	-1539	
42499.6041666667	3402	-1755	
42499.6145833333	3024	-1215	
42499.625	2322	-459	
42499.6354166667	2376	-405	
42499.6458333333	2808	-486	
42499.65625	3078	-675	
42499.6666666667	3078	-1053	
42499.6770833333	2376	-297	
42499.6875	1944	297	
42499.6979166667	2106	378	
42500.375	1188	135	
42500.3854166667	1296	108	
42500.3958333333	1458	54	
42500.40625	1566	378	
42500.4166666667	1836	-27	
42500.4270833333	1836	243	
42500.4375	2052	162	
42500.4479166667	2160	-189	
42500.4583333333	2376	-702	
42500.46875	2376	-621	
42500.4791666667	2484	-648	
42500.4895833333	2862	-918	
42500.5104166667	2700	-540	
42500.5208333333	1782	513	
42500.53125	2052	-54	
42500.5416666667	2376	-432	
42500.5520833333	2430	-459	
42500.5625	3348	-1404	
42500.5729166667	3672	-1566	
42500.6979166667	2646	-1296	
42501.375	1512	-540	
42501.3854166667	1512	-540	
42501.3958333333	1728	-756	
42501.40625	1620	-540	
42501.4166666667	1836	-702	
42501.4270833333	1458	-378	
42501.4375	1836	-783	
42501.4479166667	1998	-837	
42501.4583333333	2106	-918	
42501.46875	2376	-945	
42501.4791666667	2484	-810	
42501.4895833333	2808	-864	
42501.5	2700	-729	
42501.5104166667	2538	-486	
42501.5208333333	2322	-297	
42501.53125	1944	54	
42501.5416666667	1674	297	
42501.5520833333	1674	324	
42501.5625	1836	648	
42501.5729166667	1566	1188	
42501.5833333333	1296	1431	
42501.59375	1404	972	
42501.6041666667	1782	594	
42501.6145833333	2268	459	
42501.625	2538	0	
42501.6354166667	2538	-378	
42501.6458333333	2322	-162	
42501.65625	2376	0	
42501.6666666667	2430	108	
42501.6770833333	2700	-270	
42501.6875	2646	-324	
42501.6979166667	2808	-540	
42502.375	1134	-216	
42502.3854166667	1134	-162	
42502.3958333333	1512	-594	
42502.40625	1620	-486	
42502.4166666667	2052	-837	
42502.4270833333	2808	-1512	
42502.4375	2808	-1512	
42502.4479166667	3024	-1728	
42502.4583333333	2646	-1296	
42502.46875	2376	-1026	
42502.4791666667	2268	-945	
42502.4895833333	2160	-864	
42502.5	1890	-756	
42502.5104166667	1674	-540	
42502.5208333333	1620	-459	
42502.53125	1404	-324	
42502.5416666667	1836	-756	
42502.5520833333	2160	-1080	
42502.5625	2322	-1080	
42502.5729166667	2808	-1458	
42502.5833333333	3348	-1890	
42502.59375	3024	-1404	
42502.6041666667	2322	-621	
42502.6145833333	1890	0	
42502.625	2160	-216	
42502.6354166667	3132	-1134	
42502.6458333333	3348	-1593	
42502.65625	3294	-1620	
42502.6666666667	2754	-945	
42502.6770833333	2376	-459	
42502.6875	2106	-189	
42502.6979166667	1782	324	
42503.375	810	216	
42503.3854166667	918	324	
42503.3958333333	918	378	
42503.40625	810	486	
42503.4270833333	1134	216	
42503.4375	1350	81	
42503.4479166667	1782	-270	
42503.4583333333	1674	-162	
42503.46875	1458	54	
42503.4791666667	1296	216	
42503.4895833333	1350	270	
42503.5	1404	324	
42503.5208333333	1458	378	
42503.5416666667	1404	432	
42503.5520833333	1512	378	
42503.5625	1620	324	
42503.5729166667	1890	27	
42503.5833333333	1998	-54	
42503.59375	1944	189	
42503.6041666667	2268	-243	
42503.625	1890	432	
42503.6354166667	1944	513	
42503.6458333333	1620	513	
42503.65625	1242	351	
42503.6666666667	2214	-864	
42503.6875	2376	-918	
42506.375	972	-135	
42506.3854166667	1026	-108	
42506.3958333333	1026	-108	
42506.40625	1188	-270	
42506.4166666667	1242	-216	
42506.4270833333	1296	-270	
42506.4375	1404	-378	
42506.4479166667	1512	-486	
42506.4583333333	1512	-459	
42506.46875	1566	-513	
42506.4791666667	1890	-864	
42506.4895833333	1890	-864	
42506.5	1728	-702	
42506.5104166667	1836	-810	
42506.5208333333	1890	-864	
42506.53125	1728	-702	
42506.5416666667	1782	-756	
42506.5520833333	1836	-756	
42506.5625	1944	-783	
42506.5729166667	2106	-864	
42506.5833333333	2322	-1080	
42506.59375	2268	-1026	
42506.6041666667	2322	-1026	
42506.6145833333	2700	-1350	
42506.625	3078	-1728	
42506.6354166667	3186	-1782	
42506.6458333333	3132	-1674	
42506.65625	2916	-1458	
42506.6666666667	2592	-1161	
42506.6770833333	2538	-1134	
42506.6875	2160	-756	
42506.6979166667	1674	-270	
42507.375	1134	-270	
42507.3854166667	1134	-270	
42507.3958333333	1188	-270	
42507.40625	1242	-297	
42507.4166666667	1404	-432	
42507.4270833333	1512	-486	
42507.4375	1512	-486	
42507.4479166667	1512	-486	
42507.4583333333	1620	-594	
42507.46875	1728	-648	
42507.4791666667	1674	-648	
42507.4895833333	1512	-297	
42507.5	1350	-297	
42507.5104166667	1242	-216	
42507.5208333333	1188	-54	
42507.53125	1350	-135	
42507.5416666667	1512	-216	
42507.5520833333	1620	-324	
42507.5625	1728	-351	
42507.5729166667	2052	-756	
42507.5833333333	2322	-918	
42507.59375	2484	-1080	
42507.6041666667	2484	-1080	
42507.6145833333	2430	-972	
42507.625	2538	-999	
42507.6354166667	2700	-1134	
42507.6458333333	2646	-1026	
42507.65625	2592	-810	
42507.6666666667	2322	-540	
42507.6770833333	2160	-324	
42507.6875	2214	-351	
42507.6979166667	2484	-594	
42508.375	1242	-378	
42508.3854166667	1404	-540	
42508.3958333333	1404	-486	
42508.40625	1512	-594	
42508.4166666667	1836	-918	
42508.4270833333	1566	-594	
42508.4375	1836	-864	
42508.4479166667	1836	-837	
42508.4583333333	1836	-837	
42508.46875	1998	-1026	
42508.4791666667	2322	-1404	
42508.4895833333	2322	-1458	
42508.5	1998	-1134	
42508.5104166667	2268	-1377	
42508.5208333333	2376	-1350	
42508.53125	2160	-1134	
42508.5416666667	2268	-1188	
42508.5520833333	2268	-1134	
42508.5625	2700	-1566	
42508.5729166667	3078	-1944	
42508.5833333333	2970	-1755	
42508.59375	2322	-1242	
42508.6041666667	2322	-1296	
42508.6145833333	2430	-1350	
42508.625	2376	-1242	
42508.6354166667	1836	-702	
42508.6458333333	1782	-702	
42508.65625	1836	-594	
42508.6666666667	1782	-702	
42508.6770833333	1836	-756	
42508.6875	1836	-810	
42508.6979166667	1782	-729	
42509.375	810	-54	
42509.3854166667	864	-27	
42509.3958333333	864	0	
42509.40625	864	108	
42509.4166666667	864	108	
42509.4270833333	864	54	
42509.4375	810	54	
42509.4479166667	864	0	
42509.4583333333	918	0	
42509.46875	918	54	
42509.4791666667	972	27	
42509.4895833333	918	54	
42509.5	918	54	
42509.5104166667	1026	-54	
42509.5208333333	1026	-54	
42509.53125	972	0	
42509.5416666667	972	54	
42509.5520833333	1026	-54	
42509.5625	972	27	
42509.5729166667	918	54	
42509.5833333333	972	0	
42509.59375	1026	0	
42509.6041666667	1026	27	
42509.6145833333	1026	-162	
42509.625	918	0	
42509.6354166667	918	27	
42509.6458333333	918	54	
42509.65625	972	54	
42509.6666666667	1026	-27	
42509.6770833333	1080	-54	
42509.6875	972	27	
42509.6979166667	972	27	
42510.375	1026	-162	
42510.3854166667	918	-54	
42510.3958333333	918	0	
42510.40625	1026	-108	
42510.4166666667	1026	-108	
42510.4270833333	1026	-54	
42510.4375	1026	-27	
42510.4479166667	1134	-135	
42510.4583333333	1188	-189	
42510.46875	1242	-108	
42510.4791666667	1350	-216	
42510.4895833333	1188	-162	
42510.5	1134	-108	
42510.5104166667	1026	-54	
42510.5208333333	1080	-135	
42510.53125	1296	-324	
42510.5416666667	1296	-324	
42510.5520833333	1458	-513	
42510.5625	1620	-594	
42510.5729166667	1836	-810	
42510.5833333333	1944	-945	
42510.59375	1998	-999	
42510.6041666667	1998	-1053	
42510.6145833333	2106	-1053	
42510.625	2268	-1080	
42510.6354166667	2322	-891	
42510.6458333333	2268	-891	
42510.65625	2916	-1593	
42510.6666666667	3078	-1728	
42510.6770833333	3078	-1782	
42510.6875	2268	-945	
42510.6979166667	1620	-270	
42514.375	1080	216	
42514.3854166667	1026	378	
42514.3958333333	1134	378	
42514.40625	1134	702	
42514.4166666667	1080	810	
42514.4270833333	1188	837	
42514.4375	1296	864	
42514.4479166667	1458	756	
42514.4583333333	1566	810	
42514.46875	1620	567	
42514.4791666667	1890	270	
42514.4895833333	2160	162	
42514.5	2160	621	
42514.5104166667	1674	162	
42514.5208333333	1728	189	
42514.53125	1836	81	
42514.5416666667	1782	594	
42514.5520833333	2214	216	
42514.5625	2808	540	
42514.5729166667	2970	378	
42514.5833333333	2052	1296	
42514.59375	1566	1350	
42514.6041666667	2322	594	
42514.6145833333	3132	378	
42514.625	3294	216	
42514.6354166667	2322	648	
42514.6458333333	1782	594	
42514.65625	2862	-486	
42514.6666666667	3348	-216	
42514.6770833333	3402	-216	
42514.6875	3132	54	
42514.6979166667	2862	-351	
42515.4166666667	1458	-594	
42515.4270833333	1458	-432	
42515.4375	1188	-81	
42515.4479166667	1458	-432	
42515.4583333333	1566	-486	
42515.46875	1620	-648	
42515.4791666667	1512	-567	
42515.4895833333	1836	-864	
42515.5	2484	-540	
42515.5104166667	2646	-621	
42515.5208333333	2970	-972	
42515.53125	3240	-1350	
42515.5416666667	3186	-1269	
42515.5520833333	3186	-1242	
42515.5625	3024	-810	
42515.5729166667	2484	-270	
42515.5833333333	2646	-1107	
42515.59375	3240	-1512	
42515.6041666667	3348	-1323	
42515.6145833333	3348	-972	
42515.625	3294	-756	
42515.6354166667	3132	-756	
42515.6458333333	3294	-918	
42515.65625	3348	-945	
42515.6666666667	3186	-621	
42515.6770833333	3240	-756	
42515.6875	3348	-783	
42515.6979166667	3294	-729	
42516.375	1836	-702	
42516.3854166667	1998	-675	
42516.3958333333	2376	-1323	
42516.40625	3132	-2079	
42516.4166666667	3294	-2214	
42516.4270833333	3186	-2160	
42516.4375	2754	-1674	
42516.4479166667	2430	-1134	
42516.4583333333	2484	-1161	
42516.46875	3186	-1890	
42516.4791666667	3294	-2214	
42516.4895833333	2754	-1890	
42516.5	2484	-1620	
42516.5104166667	2754	-1836	
42516.5208333333	3078	-2160	
42516.53125	2808	-1890	
42516.5416666667	2214	-1296	
42516.5520833333	2160	-1323	
42516.5625	2106	-1242	
42516.5729166667	2322	-1512	
42516.5833333333	2484	-1512	
42516.59375	2430	-1458	
42516.6041666667	2268	-1350	
42516.6145833333	2484	-1431	
42516.625	2754	-1674	
42516.6354166667	2160	-1188	
42516.6458333333	1998	-1026	
42516.65625	2484	-1512	
42516.6666666667	2808	-1836	
42516.6770833333	2862	-1890	
42516.6875	2430	-1458	
42516.6979166667	2106	-1134	
42517.375	972	-27	
42517.3854166667	1134	-216	
42517.3958333333	1134	-216	
42517.40625	1296	-324	
42517.4166666667	1512	-486	
42517.4270833333	1512	-513	
42517.4375	1620	-594	
42517.4479166667	1620	-648	
42517.4583333333	1674	-675	
42517.46875	1728	-756	
42517.4791666667	1836	-837	
42517.4895833333	1782	-756	
42517.5	1836	-864	
42517.5104166667	1782	-810	
42517.5208333333	1782	-810	
42517.53125	1782	-810	
42517.5416666667	1728	-756	
42517.5520833333	1674	-648	
42517.5625	1674	-648	
42517.5833333333	1566	-594	
42517.59375	1566	-594	
42517.6041666667	1566	-594	
42517.6145833333	1404	-432	
42517.625	1458	-540	
42517.6354166667	1404	-486	
42517.6458333333	1296	-378	
42517.65625	1350	-378	
42517.6666666667	1350	-405	
42517.6770833333	1242	-243	
42517.6875	1350	-378	
42517.6979166667	1350	-378	
42520.375	810	189	
42520.3854166667	810	270	
42520.3958333333	810	486	
42520.40625	810	486	
42520.4166666667	810	324	
42520.4270833333	810	216	
42520.4375	810	216	
42520.4479166667	810	243	
42520.4583333333	810	297	
42520.46875	810	324	
42520.4791666667	810	324	
42520.4895833333	810	324	
42520.5	864	270	
42520.5104166667	810	405	
42520.5208333333	864	378	
42520.53125	864	378	
42520.5416666667	1026	297	
42520.5520833333	1026	351	
42520.5625	1026	486	
42520.5729166667	1026	675	
42520.5833333333	1026	837	
42520.59375	1026	1026	
42520.6041666667	1134	1242	
42520.6145833333	1026	1242	
42520.625	1026	1323	
42520.6354166667	1134	1458	
42520.6458333333	1134	918	
42520.65625	1296	1512	
42520.6666666667	1566	810	
42520.6770833333	1782	432	
42520.6875	2106	0	
42520.6979166667	2160	-162	
42521.375	1296	-162	
42521.3854166667	1404	-108	
42521.3958333333	1674	-243	
42521.40625	1782	-216	
42521.4166666667	2052	-351	
42521.4270833333	2376	-540	
42521.4375	2754	-918	
42521.4479166667	3294	-1242	
42521.4583333333	3402	-1512	
42521.46875	2322	-189	
42521.4791666667	1620	540	
42521.4895833333	2214	-54	
42521.5	3078	-1134	
42521.5104166667	3402	-1674	
42521.5208333333	2538	-810	
42521.53125	2214	-432	
42521.5416666667	2754	-918	
42521.5520833333	3186	-1296	
42521.5625	3294	-1377	
42521.5729166667	2322	-378	
42521.5833333333	1728	189	
42521.59375	2538	-540	
42521.6041666667	3456	-1026	
42521.6145833333	3726	-1215	
42521.625	3510	-999	
42521.6354166667	3132	-810	
42521.6458333333	2754	-810	
42521.65625	1890	540	
42521.6666666667	1566	648	
42521.6770833333	2484	-297	
42521.6875	3078	-918	
42521.6979166667	2322	-162	
42522.375	918	0	
42522.3854166667	1026	-135	
42522.3958333333	1026	-81	
42522.40625	1026	-54	
42522.4166666667	1296	-297	
42522.4270833333	1188	108	
42522.4375	1242	-54	
42522.4479166667	1728	-324	
42522.4583333333	1782	-270	
42522.46875	1674	243	
42522.4791666667	1458	810	
42522.4895833333	2214	162	
42522.5	2214	81	
42522.5104166667	2106	162	
42522.5208333333	1512	702	
42522.53125	1350	675	
42522.5416666667	2052	-81	
42522.5520833333	2916	-918	
42522.5625	3294	-810	
42522.5729166667	3456	-972	
42522.5833333333	2484	-270	
42522.59375	1782	432	
42522.6041666667	2754	-378	
42522.625	2646	162	
42522.6354166667	1944	594	
42522.6458333333	2430	-1134	
42522.65625	3186	-1836	
42522.6666666667	2970	-1404	
42522.6875	1566	27	
42522.6979166667	2106	-513	
42523.375	1242	-324	
42523.3854166667	1674	-756	
42523.3958333333	1836	-756	
42523.40625	1998	-918	
42523.4166666667	1998	-918	
42523.4270833333	2106	-1026	
42523.4375	2538	-1458	
42523.4479166667	2916	-1836	
42523.4583333333	2862	-1782	
42523.46875	2268	-1188	
42523.4791666667	3078	-1944	
42523.4895833333	3240	-2106	
42523.5	2430	-1296	
42523.5104166667	1944	-756	
42523.5208333333	1998	-756	
42523.53125	2322	-1107	
42523.5416666667	2538	-1350	
42523.5520833333	2754	-1566	
42523.5625	3186	-2106	
42523.5729166667	3186	-2160	
42523.5833333333	2484	-1458	
42523.59375	2106	-1080	
42523.6041666667	2160	-1134	
42523.6145833333	3024	-1998	
42523.625	3024	-1944	
42523.6354166667	2268	-1134	
42523.6458333333	1782	-540	
42523.65625	1944	-594	
42523.6666666667	2862	-1512	
42523.6770833333	2862	-1404	
42523.6875	2106	-540	
42523.6979166667	2646	-1026	
42524.375	1188	-270	
42524.3854166667	1620	-702	
42524.3958333333	1944	-891	
42524.40625	2268	-1134	
42524.4166666667	2376	-1269	
42524.4270833333	2376	-1296	
42524.4375	3240	-2214	
42524.4479166667	3456	-2376	
42524.4583333333	2970	-1890	
42524.46875	2646	-1242	
42524.4791666667	3078	-1404	
42524.4895833333	3294	-1593	
42524.5	3078	-1404	
42524.5104166667	1998	-324	
42524.5208333333	1512	27	
42524.53125	2106	-648	
42524.5416666667	2592	-1080	
42524.5520833333	3510	-1917	
42524.5625	3510	-2106	
42524.5729166667	3402	-1998	
42524.5833333333	3186	-2160	
42524.59375	3186	-2160	
42524.6041666667	3186	-1971	
42524.6145833333	3186	-1674	
42524.625	3186	-1566	
42524.6354166667	2754	-1053	
42524.6458333333	2592	-945	
42524.65625	2916	-1512	
42524.6666666667	3186	-1809	
42524.6770833333	2700	-1350	
42524.6875	2106	-702	
42524.6979166667	2754	-1350	
42527.375	1404	0	
42527.3854166667	1674	-216	
42527.3958333333	1674	-216	
42527.40625	1674	108	
42527.4166666667	1944	-162	
42527.4270833333	2214	-432	
42527.4375	2916	-1080	
42527.4479166667	3294	-1404	
42527.4583333333	3402	-1134	
42527.46875	3078	-324	
42527.4791666667	2700	54	
42527.4895833333	2862	-108	
42527.5	2970	-432	
42527.5104166667	2808	-594	
42527.5208333333	2214	-918	
42527.53125	1836	-540	
42527.5416666667	1890	-594	
42527.5520833333	3024	-1755	
42527.5625	3456	-2268	
42527.5729166667	3510	-2322	
42527.5833333333	3402	-2106	
42527.59375	2538	-1107	
42527.6041666667	2322	-675	
42527.6145833333	3240	-1674	
42527.625	3618	-2052	
42527.6354166667	3510	-1647	
42527.6458333333	3348	-1431	
42527.65625	3186	-999	
42527.6666666667	2970	-972	
42527.6770833333	2646	-621	
42527.6875	2106	0	
42527.6979166667	2430	-324	
42528.4166666667	2916	-756	
42528.4270833333	3294	-1080	
42528.4375	3564	-1593	
42528.4479166667	3348	-1377	
42528.4583333333	3186	-1350	
42528.46875	2916	-1026	
42528.4791666667	3024	-1080	
42528.4895833333	3078	-1026	
42528.5	3024	-594	
42528.5104166667	2916	-756	
42528.5208333333	1944	108	
42528.53125	1350	594	
42528.5416666667	2106	108	
42528.5520833333	2916	-324	
42528.5625	3456	-486	
42528.5729166667	3456	-486	
42528.5833333333	3348	-540	
42528.59375	3132	-324	
42528.6041666667	3186	-324	
42528.6145833333	3132	0	
42528.625	3132	81	
42528.6354166667	3078	-405	
42528.6458333333	3078	-729	
42528.65625	3078	-702	
42528.6666666667	3132	0	
42528.6770833333	3240	-54	
42528.6875	3078	81	
42528.6979166667	3186	-540	
42529.375	1674	-594	
42529.3854166667	2700	-1620	
42529.3958333333	2862	-1728	
42529.40625	2862	-1674	
42529.4166666667	2754	-1296	
42529.4270833333	2538	-1080	
42529.4375	2700	-1377	
42529.4479166667	2322	-1134	
42529.4583333333	2430	-1215	
42529.46875	2538	-1296	
42529.4791666667	2538	-1296	
42529.4895833333	2538	-1296	
42529.5	2376	-972	
42529.5104166667	2754	-1053	
42529.5208333333	2862	-972	
42529.53125	2862	-810	
42529.5416666667	2700	486	
42529.5520833333	2808	297	
42529.5625	3240	-486	
42529.5729166667	3402	-918	
42529.5833333333	3186	-1404	
42529.59375	3294	-1080	
42529.6041666667	3186	-432	
42529.6145833333	3186	-648	
42529.625	3240	-702	
42529.6354166667	3240	-702	
42529.6458333333	3294	-837	
42529.65625	3294	-108	
42529.6666666667	2970	216	
42529.6770833333	2646	54	
42529.6875	2268	486	
42529.6979166667	2268	837	
42530.5	1458	-432	
42530.5104166667	1782	-270	
42530.5208333333	1134	0	
42530.53125	1134	0	
42530.5416666667	2106	-837	
42530.5520833333	1890	-621	
42530.5625	1674	-486	
42530.5729166667	1188	108	
42530.5833333333	1242	270	
42530.59375	1998	-108	
42530.6041666667	2106	-216	
42530.6145833333	2214	-324	
42530.625	1998	-594	
42530.6354166667	1350	0	
42530.6458333333	1350	-54	
42530.65625	2484	-1134	
42530.6666666667	2808	-1593	
42530.6770833333	1782	-486	
42530.6875	1836	-486	
42530.6979166667	3132	-1620	
42531.375	1890	-864	
42531.3854166667	1890	-972	
42531.3958333333	2106	-1188	
42531.40625	2646	-1215	
42531.4166666667	3240	-2106	
42531.4270833333	3132	-1944	
42531.4375	2538	-621	
42531.4479166667	1836	-810	
42531.4583333333	2592	-1566	
42531.46875	3132	-1998	
42531.4791666667	2430	-513	
42531.4895833333	1674	-108	
42531.5	2646	-1053	
42531.5104166667	3294	-1998	
42531.5208333333	3402	-2106	
42531.53125	2538	-1188	
42531.5416666667	2052	-567	
42531.5520833333	2322	-783	
42531.5625	3294	-1728	
42531.5729166667	3510	-1728	
42531.5833333333	3510	-1809	
42531.59375	3132	-1350	
42531.6041666667	2754	-837	
42531.6145833333	2052	54	
42531.625	1674	567	
42531.6354166667	2484	-297	
42531.6458333333	3024	-1134	
42531.65625	2430	-729	
42531.6666666667	2106	-432	
42531.6770833333	3078	-1809	
42531.6875	3078	-1728	
42531.6979166667	2430	-864	
42534.375	1134	405	
42534.3854166667	1026	648	
42534.3958333333	1026	648	
42534.40625	1080	594	
42534.4166666667	1080	783	
42534.4270833333	1080	864	
42534.4375	1134	1080	
42534.4479166667	1242	1350	
42534.4583333333	1296	1620	
42534.46875	1188	1566	
42534.4791666667	1134	1674	
42534.4895833333	1242	1566	
42534.5	1242	1593	
42534.5104166667	1458	918	
42534.5208333333	1512	702	
42534.53125	1458	594	
42534.5416666667	1026	1026	
42534.5520833333	1404	864	
42534.5625	1674	810	
42534.5729166667	2052	783	
42534.5833333333	2160	648	
42534.59375	2052	27	
42534.6041666667	1242	702	
42534.6145833333	1566	-54	
42534.625	1728	108	
42534.6354166667	1674	486	
42534.6458333333	1728	432	
42534.65625	2268	162	
42534.6666666667	3078	-432	
42534.6770833333	3078	-432	
42534.6875	2160	108	
42534.6979166667	2214	0	
42535.375	1134	1134	
42535.3854166667	1134	1728	
42535.3958333333	1134	1863	
42535.40625	1242	1782	
42535.4166666667	1242	1296	
42535.4270833333	1242	1863	
42535.4375	1296	2025	
42535.4479166667	1350	1917	
42535.4583333333	1404	1512	
42535.46875	1566	864	
42535.4791666667	1620	810	
42535.4895833333	1998	594	
42535.5	2052	621	
42535.5104166667	1566	594	
42535.5208333333	1080	1026	
42535.53125	1512	567	
42535.5416666667	1620	378	
42535.5520833333	1512	594	
42535.5625	2268	-54	
42535.5729166667	2538	-324	
42535.5833333333	2106	108	
42535.59375	1296	702	
42535.6041666667	2214	-216	
42535.6145833333	2592	54	
42535.625	2916	0	
42535.6354166667	1998	918	
42535.6458333333	1782	594	
42535.65625	3078	-702	
42535.6666666667	3132	-432	
42535.6770833333	2862	162	
42535.6875	2700	324	
42535.6979166667	3186	-594	
42536.375	1134	27	
42536.3854166667	2160	-756	
42536.3958333333	2214	-270	
42536.40625	2268	-162	
42536.4166666667	2052	-54	
42536.4270833333	2106	-648	
42536.4375	2106	-648	
42536.4479166667	2214	-270	
42536.4583333333	2160	162	
42536.46875	2214	-243	
42536.4791666667	2160	378	
42536.4895833333	1998	378	
42536.5	1998	-1080	
42536.5104166667	1890	-1053	
42536.5208333333	1566	-702	
42536.53125	1188	-324	
42536.5416666667	1512	-648	
42536.5520833333	1674	-756	
42536.5625	1836	-972	
42536.5729166667	1836	-1134	
42536.5833333333	1944	-1242	
42536.59375	1890	-1188	
42536.6041666667	2214	-1512	
42536.6145833333	2538	-2052	
42536.625	1998	-1512	
42536.6354166667	2106	-1620	
42536.6458333333	2106	-1188	
42536.65625	2538	-1566	
42536.6666666667	2862	-1404	
42536.6770833333	2970	-1512	
42536.6875	3186	-1944	
42536.6979166667	3186	-1944	
42537.375	1242	-216	
42537.3854166667	1512	-270	
42537.3958333333	1458	0	
42537.40625	1404	270	
42537.4166666667	1134	540	
42537.4270833333	1188	162	
42537.4375	1134	216	
42537.4479166667	1080	486	
42537.4583333333	1188	378	
42537.46875	1242	216	
42537.4791666667	1188	54	
42537.4895833333	1134	108	
42537.5	1188	270	
42537.5104166667	1242	54	
42537.5208333333	1242	-108	
42537.53125	1458	-324	
42537.5416666667	1458	-324	
42537.5520833333	1566	-189	
42537.5625	1458	-216	
42537.5729166667	1566	-297	
42537.5833333333	1566	-162	
42537.59375	1566	351	
42537.6041666667	1512	378	
42537.6145833333	1566	324	
42537.625	1782	-54	
42537.6354166667	1566	108	
42537.6458333333	1782	-432	
42537.65625	2106	-621	
42537.6666666667	2592	-1296	
42537.6770833333	2862	-1323	
42537.6875	2970	-1404	
42537.6979166667	3186	-1512	
42538.375	1620	270	
42538.3854166667	2052	-162	
42538.3958333333	2106	0	
42538.40625	1782	1161	
42538.4166666667	1566	1566	
42538.4270833333	2160	378	
42538.4375	2430	-594	
42538.4479166667	2430	-594	
42538.4583333333	2322	-891	
42538.46875	2214	-432	
42538.4791666667	2430	-1026	
42538.4895833333	2538	-1053	
42538.5	2430	-945	
42538.5104166667	2538	-567	
42538.5208333333	2538	-621	
42538.53125	2538	-783	
42538.5416666667	2376	-324	
42538.5520833333	2430	-378	
42538.5625	2430	-297	
42538.5729166667	2538	0	
42538.5833333333	2538	594	
42538.59375	2754	189	
42538.6041666667	2754	-351	
42538.6145833333	2862	-756	
42538.625	3078	-1026	
42538.6354166667	2808	-324	
42538.6458333333	2052	432	
42538.65625	1944	324	
42538.6666666667	1998	270	
42538.6770833333	1998	-756	
42538.6875	1944	-621	
42538.6979166667	2160	-567	
42541.375	1728	-648	
42541.3854166667	1782	-702	
42541.3958333333	1782	-702	
42541.40625	1782	-702	
42541.4166666667	1728	-351	
42541.4270833333	1674	-135	
42541.4375	1674	216	
42541.4479166667	1836	432	
42541.4583333333	1998	756	
42541.46875	1998	729	
42541.4791666667	1836	918	
42541.4895833333	1728	972	
42541.5	1566	972	
42541.5104166667	1620	594	
42541.5208333333	1620	324	
42541.53125	1674	54	
42541.5416666667	1674	27	
42541.5520833333	1998	-135	
42541.5625	1944	216	
42541.5729166667	1782	648	
42541.5833333333	1782	702	
42541.59375	1782	621	
42541.6041666667	1782	432	
42541.6145833333	1998	-27	
42541.625	1890	54	
42541.6354166667	1890	-27	
42541.6458333333	1674	405	
42541.65625	1998	351	
42541.6666666667	1890	783	
42541.6770833333	1944	729	
42541.6875	1998	243	
42541.6979166667	1890	324	
42542.375	1566	-81	
42542.3854166667	1782	-81	
42542.3958333333	1458	594	
42542.40625	1404	675	
42542.4166666667	1566	594	
42542.4270833333	1512	756	
42542.4375	1566	108	
42542.4479166667	1566	108	
42542.4583333333	1188	567	
42542.46875	918	918	
42542.4791666667	1512	432	
42542.4895833333	1728	324	
42542.5	1674	486	
42542.5104166667	1134	972	
42542.5208333333	1134	810	
42542.53125	1566	216	
42542.5416666667	1458	324	
42542.5520833333	918	1053	
42542.5625	1458	702	
42542.5729166667	1782	459	
42542.5833333333	1674	486	
42542.59375	1350	702	
42542.6041666667	1620	486	
42542.6145833333	1566	1053	
42542.625	1566	1215	
42542.6354166667	1296	1620	
42542.6458333333	1458	1188	
42542.65625	1512	1566	
42542.6666666667	1674	1404	
42542.6770833333	1674	1404	
42542.6875	1782	1296	
42542.6979166667	1836	1350	
42543.375	1674	-540	
42543.3854166667	1620	54	
42543.3958333333	1620	594	
42543.40625	1512	702	
42543.4166666667	1512	594	
42543.4270833333	1566	540	
42543.4375	1566	540	
42543.4479166667	1566	594	
42543.4583333333	1512	702	
42543.46875	1566	594	
42543.4791666667	1566	351	
42543.4895833333	1674	324	
42543.5	1890	108	
42543.5104166667	1836	108	
42543.5208333333	1674	-108	
42543.53125	1566	-54	
42543.5416666667	1674	-486	
42543.5520833333	1674	-81	
42543.5625	1998	-243	
42543.5729166667	2160	-324	
42543.5833333333	2106	-243	
42543.59375	2160	-216	
42543.6041666667	2106	108	
42543.6145833333	2322	-108	
42543.625	3024	-918	
42543.6354166667	2916	-864	
42543.6458333333	2538	-432	
42543.65625	2808	-999	
42543.6666666667	2808	-783	
42543.6770833333	3186	-702	
42543.6875	3240	-756	
42543.6979166667	3240	-459	
42544.375	1674	-432	
42544.3854166667	1674	-216	
42544.3958333333	1674	-216	
42544.40625	1674	-216	
42544.4166666667	1782	-486	
42544.4270833333	1674	-486	
42544.4375	1674	-486	
42544.4479166667	1620	-351	
42544.4583333333	1674	-324	
42544.46875	1674	-432	
42544.4791666667	1728	-513	
42544.4895833333	1674	-486	
42544.5	1674	-459	
42544.5104166667	1782	-540	
42544.5208333333	1890	-648	
42544.53125	1998	-810	
42544.5416666667	1890	-432	
42544.5520833333	1890	-432	
42544.5625	2106	-648	
42544.5729166667	2268	-810	
42544.5833333333	2322	-756	
42544.59375	2268	-702	
42544.6041666667	2430	-540	
42544.6145833333	2592	-702	
42544.625	2808	-1080	
42544.6354166667	2916	-1242	
42544.6458333333	2754	-1188	
42544.65625	2754	-972	
42544.6666666667	2592	-486	
42544.6770833333	2430	-594	
42544.6875	2700	-864	
42544.6979166667	2646	324	
42545.375	1566	270	
42545.3854166667	1674	297	
42545.3958333333	1458	621	
42545.40625	1080	1026	
42545.4166666667	1458	513	
42545.4270833333	1836	459	
42545.4375	1890	405	
42545.4479166667	1674	648	
42545.4583333333	1242	1026	
42545.46875	1620	702	
42545.4791666667	1998	216	
42545.4895833333	1944	486	
42545.5	1242	1296	
42545.5104166667	1134	1404	
42545.5208333333	1944	594	
42545.53125	2160	378	
42545.5416666667	1728	648	
42545.5520833333	1296	1053	
42545.5625	2916	-540	
42545.5729166667	2646	-216	
42545.5833333333	2646	-405	
42545.59375	2106	189	
42545.6041666667	2106	81	
42545.6145833333	2106	216	
42545.625	2052	108	
42545.6354166667	2214	-54	
42545.6458333333	2106	-54	
42545.65625	2430	-432	
42545.6666666667	2430	-432	
42545.6770833333	2322	-324	
42545.6875	2430	-459	
42545.6979166667	2538	-486	
42548.375	1404	-216	
42548.3854166667	1134	621	
42548.3958333333	1242	540	
42548.40625	1134	648	
42548.4166666667	1080	648	
42548.4270833333	1242	432	
42548.4375	1566	108	
42548.4479166667	1728	108	
42548.4583333333	1566	432	
42548.46875	1350	648	
42548.4791666667	1242	0	
42548.4895833333	1350	-108	
42548.5	1134	324	
42548.5104166667	1026	540	
42548.5208333333	1080	594	
42548.53125	1188	486	
42548.5416666667	1350	459	
42548.5520833333	1512	432	
42548.5625	1566	432	
42548.5729166667	1404	648	
42548.5833333333	1458	594	
42548.59375	1350	702	
42548.6041666667	1674	513	
42548.6145833333	1890	216	
42548.625	2430	-432	
42548.6354166667	2970	-1080	
42548.6458333333	2538	-540	
42548.65625	2754	-756	
42548.6666666667	2754	-324	
42548.6770833333	3240	-972	
42548.6875	3186	-1026	
42548.6979166667	2862	-702	
42549.375	1674	-108	
42549.3854166667	1674	-54	
42549.3958333333	1620	-162	
42549.40625	1512	729	
42549.4166666667	1458	-81	
42549.4270833333	1404	27	
42549.4375	1566	-108	
42549.5104166667	1836	-486	
42549.5208333333	1998	-216	
42549.53125	1836	0	
42549.5416666667	1674	162	
42549.5520833333	2106	-621	
42549.5625	2754	-1458	
42549.5729166667	2646	-1620	
42549.5833333333	2538	-1485	
42549.59375	2322	-1188	
42549.6041666667	2106	-918	
42549.6145833333	1782	-756	
42549.625	2214	-1242	
42549.6354166667	2538	-1566	
42549.6458333333	2646	-1674	
42549.65625	2376	-1458	
42549.6666666667	2106	-1188	
42549.6770833333	2106	-1215	
42549.6875	2106	-1188	
42549.6979166667	1998	-1080	
42550.375	972	216	
42550.3854166667	1242	378	
42550.3958333333	1512	378	
42550.40625	1350	216	
42550.4166666667	1026	513	
42550.4270833333	1512	54	
42550.4375	1836	-270	
42550.4479166667	1782	-216	
42550.4583333333	1782	-216	
42550.46875	1674	-108	
42550.4791666667	1836	-162	
42550.4895833333	2052	-162	
42550.5	1998	-108	
42550.5208333333	1674	81	
42550.53125	1998	-378	
42550.5416666667	1998	-324	
42550.5520833333	1782	54	
42550.5625	1458	540	
42550.5729166667	2106	27	
42550.5833333333	2160	0	
42550.59375	2214	-108	
42550.6041666667	2106	81	
42550.625	2106	0	
42550.6354166667	2214	-108	
42550.6458333333	2160	-54	
42550.65625	2376	162	
42550.6666666667	2376	432	
42550.6770833333	2430	432	
42550.6875	2916	270	
42550.6979166667	2970	216	
42551.375	1458	-216	
42551.3854166667	1674	-216	
42551.3958333333	1998	-513	
42551.40625	1998	-432	
42551.4166666667	1674	-270	
42551.4270833333	1566	-378	
42551.4375	1566	-378	
42551.4479166667	1620	-270	
42551.4583333333	1620	-108	
42551.46875	1782	-432	
42551.4791666667	1728	-486	
42551.4895833333	1674	-432	
42551.5	1458	0	
42551.5104166667	1674	-324	
42551.5208333333	2106	-864	
42551.53125	2376	-918	
42551.5416666667	2106	-594	
42551.5520833333	2052	-432	
42551.5625	2376	-810	
42551.5729166667	2430	-891	
42551.5833333333	2268	-702	
42551.59375	2430	-513	
42551.6041666667	2430	-459	
42551.6145833333	2322	-378	
42551.625	2322	-486	
42551.6354166667	2646	-891	
42551.6458333333	2700	-972	
42551.65625	2808	-324	
42551.6666666667	2916	-459	
42551.6770833333	3078	-567	
42551.6875	2862	-324	
42551.6979166667	2862	-189	
42552.375	1242	351	
42552.3854166667	1620	27	
42552.3958333333	1620	108	
42552.40625	1458	54	
42552.4166666667	1350	324	
42552.4270833333	1350	540	
42552.4375	1296	567	
42552.4479166667	1350	540	
42552.4583333333	1458	567	
42552.46875	1458	810	
42552.4791666667	1566	540	
42552.4895833333	1566	648	
42552.5	1566	864	
42552.5104166667	1458	972	
42552.5208333333	1458	1080	
42552.53125	1620	756	
42552.5416666667	1836	486	
42552.5520833333	1998	378	
42552.5625	1620	918	
42552.5729166667	1728	918	
42552.5833333333	2538	108	
42552.59375	2538	216	
42552.6041666667	1998	432	
42552.6145833333	1728	405	
42552.625	2430	-216	
42552.6354166667	2322	-108	
42552.6458333333	1728	702	
42552.65625	2160	-54	
42552.6666666667	2538	-324	
42552.6770833333	2754	-756	
42552.6875	2160	-81	
42552.6979166667	2646	-351	
42556.375	1296	378	
42556.3854166667	1674	0	
42556.3958333333	1782	-162	
42556.40625	1566	0	
42556.4166666667	1242	270	
42556.4270833333	1998	-432	
42556.4375	2538	-972	
42556.4479166667	2538	-972	
42556.4583333333	2538	-972	
42556.46875	2106	-513	
42556.4791666667	2160	-432	
42556.4895833333	2106	-243	
42556.5	2538	-702	
42556.5104166667	2430	-648	
42556.5208333333	2538	-972	
42556.53125	2538	-999	
42556.5416666667	2538	-999	
42556.5520833333	2592	-972	
42556.5625	2538	-594	
42556.5729166667	2970	-864	
42556.5833333333	3186	-1188	
42556.59375	3348	-1404	
42556.6041666667	3564	-1620	
42556.6145833333	3078	-864	
42556.625	3240	-648	
42556.6354166667	3294	-1296	
42556.6458333333	3132	-1134	
42556.65625	3186	-972	
42556.6666666667	3186	-486	
42556.6770833333	3186	-486	
42556.6875	3294	-594	
42556.6979166667	3186	-783	
42557.375	2322	-648	
42557.3854166667	2646	-486	
42557.3958333333	2646	-729	
42557.40625	2862	-729	
42557.4166666667	2862	-783	
42557.4270833333	3132	-1188	
42557.4375	2754	-648	
42557.4479166667	2160	-54	
42557.4583333333	2970	-810	
42557.46875	3294	-1134	
42557.4791666667	3078	-1080	
42557.4895833333	3024	-1026	
42557.5	2484	-594	
42557.5104166667	1998	-243	
42557.5208333333	1674	-54	
42557.53125	1998	-432	
42557.5416666667	2754	-1242	
42557.5520833333	3240	-1566	
42557.5625	3078	-1404	
42557.5729166667	3132	-1296	
42557.5833333333	3132	-1215	
42557.59375	3294	-1269	
42557.6041666667	3294	-1188	
42557.6145833333	3456	-1350	
42557.625	3402	-1296	
42557.6354166667	3240	-1134	
42557.6458333333	3240	-1053	
42557.65625	3078	-702	
42557.6666666667	3294	-810	
42557.6770833333	3240	-405	
42557.6875	3294	-351	
42557.6979166667	3186	-216	
42558.375	1404	0	
42558.3854166667	1512	-27	
42558.3958333333	1566	108	
42558.40625	1836	-162	
42558.4166666667	2106	-432	
42558.4270833333	2214	-648	
42558.4375	2322	-756	
42558.4479166667	2538	-972	
42558.4583333333	2646	-1026	
42558.46875	2862	-1296	
42558.4791666667	2808	-1350	
42558.4895833333	3078	-1620	
42558.5	2916	-1350	
42558.5104166667	2808	-1242	
42558.5208333333	2430	-756	
42558.53125	1944	-54	
42558.5416666667	2268	-378	
42558.5520833333	2214	-324	
42558.5625	2376	-270	
42558.5729166667	2430	-162	
42558.5833333333	2430	-162	
42558.59375	2592	-675	
42558.6041666667	2970	-1404	
42558.6145833333	3186	-1539	
42558.625	3294	-1728	
42558.6354166667	3294	-1512	
42558.6458333333	3240	-1134	
42558.65625	2808	-162	
42558.6666666667	2808	27	
42558.6770833333	2700	189	
42558.6875	2808	108	
42558.6979166667	2754	216	
42559.375	2700	-1107	
42559.3854166667	2700	-1080	
42559.3958333333	2538	-918	
42559.40625	2268	-810	
42559.4166666667	2700	-1242	
42559.4270833333	3078	-1512	
42559.4375	3078	-1242	
42559.4479166667	3078	-1404	
42559.4583333333	2970	-1350	
42559.46875	2970	-1458	
42559.4791666667	2754	-1188	
42559.4895833333	2646	-1080	
42559.5	2430	-1080	
42559.5104166667	2052	-594	
42559.5208333333	1836	-216	
42559.53125	1998	-162	
42559.5416666667	1836	81	
42559.5520833333	1674	243	
42559.5625	1998	0	
42559.5729166667	2106	432	
42559.5833333333	2106	432	
42559.59375	2106	432	
42559.6041666667	2106	432	
42559.6145833333	2376	54	
42559.625	2430	0	
42559.6354166667	2592	-270	
42559.6458333333	2538	-378	
42559.65625	2322	-297	
42559.6666666667	2538	-270	
42559.6770833333	2538	-459	
42559.6875	2808	-648	
42559.6979166667	2754	-405	
42562.375	2160	-1026	
42562.3854166667	2268	-1080	
42562.3958333333	2538	-1404	
42562.40625	2646	-1512	
42562.4166666667	2592	-1404	
42562.4270833333	2538	-1323	
42562.4375	2592	-1188	
42562.4479166667	2754	-1188	
42562.4583333333	3186	-1782	
42562.46875	3186	-1890	
42562.4791666667	3186	-1890	
42562.4895833333	3186	-2052	
42562.5	3186	-2052	
42562.5104166667	3186	-2052	
42562.5208333333	3024	-1890	
42562.53125	3186	-1971	
42562.5416666667	3294	-1863	
42562.5520833333	3402	-1890	
42562.5625	3240	-1728	
42562.5729166667	3402	-1944	
42562.5833333333	3402	-1944	
42562.59375	3294	-1674	
42562.6041666667	3186	-1512	
42562.6145833333	3402	-1728	
42562.625	3510	-1512	
42562.6354166667	3402	-1242	
42562.6458333333	3402	-1269	
42562.65625	3402	-1242	
42562.6666666667	3348	-756	
42562.6770833333	3078	-486	
42562.6875	3186	-756	
42562.6979166667	3294	-1026	
42563.375	1620	0	
42563.3854166667	2106	-459	
42563.3958333333	2214	-594	
42563.40625	2322	-783	
42563.4166666667	2376	-864	
42563.4270833333	2484	-918	
42563.4375	2430	-864	
42563.4479166667	2430	-864	
42563.4583333333	2430	-864	
42563.46875	2376	-702	
42563.4791666667	2160	-432	
42563.4895833333	2214	-378	
42563.5	2268	-432	
42563.5104166667	1944	-108	
42563.5208333333	1674	0	
42563.53125	1782	-162	
42563.5416666667	1944	-324	
42563.5520833333	2214	-270	
42563.5625	2700	-486	
42563.5729166667	2862	-648	
42563.5833333333	3132	-1026	
42563.59375	3348	-1350	
42563.6041666667	3294	-1188	
42563.6145833333	3510	-891	
42563.625	3564	-648	
42563.6354166667	3456	-432	
42563.6458333333	3510	-405	
42563.65625	3402	-243	
42563.6666666667	3240	-54	
42563.6770833333	3294	-108	
42563.6875	3294	-108	
42563.6979166667	3294	0	
42564.375	1134	540	
42564.3854166667	1350	864	
42564.3958333333	1566	891	
42564.40625	1674	1080	
42564.4166666667	1674	972	
42564.4270833333	1674	648	
42564.4375	1782	405	
42564.4479166667	1782	378	
42564.4583333333	1782	405	
42564.46875	1944	216	
42564.4791666667	1890	270	
42564.4895833333	1998	324	
42564.5	1944	54	
42564.5104166667	2106	-324	
42564.5208333333	2106	-432	
42564.53125	2052	-486	
42564.5416666667	2106	-486	
42564.5520833333	2052	-378	
42564.5625	2214	243	
42564.5729166667	2322	756	
42564.5833333333	2376	756	
42564.59375	2430	783	
42564.6041666667	2808	486	
42564.6145833333	2808	540	
42564.625	2430	972	
42564.6354166667	2322	999	
42565.375	1566	-162	
42565.3854166667	1566	-54	
42565.3958333333	1674	0	
42565.40625	1782	-108	
42565.4166666667	1458	216	
42565.4270833333	1242	324	
42565.4375	1134	432	
42565.4479166667	1188	432	
42565.4583333333	1296	324	
42565.46875	1458	189	
42565.4791666667	1458	216	
42565.4895833333	1458	216	
42565.5	1728	-54	
42565.5104166667	1836	-162	
42565.5208333333	1674	243	
42565.53125	1836	162	
42565.5416666667	1944	0	
42565.5520833333	1890	216	
42565.5625	1998	108	
42565.5729166667	2052	216	
42565.5833333333	2052	216	
42565.59375	2322	-27	
42565.6041666667	2538	-378	
42565.6145833333	2430	-648	
42565.625	2430	54	
42565.6354166667	2376	135	
42565.6458333333	2322	918	
42565.65625	2106	702	
42565.6666666667	2160	648	
42565.6770833333	2160	648	
42565.6875	2052	702	
42565.6979166667	2160	594	
42566.375	2106	-459	
42566.3854166667	2052	-270	
42566.3958333333	2538	-648	
42566.40625	2646	-1026	
42566.4166666667	2862	-1188	
42566.4270833333	2700	-837	
42566.4375	2538	-648	
42566.4479166667	2700	-378	
42566.4583333333	2754	-540	
42566.46875	2862	-648	
42566.4791666667	2862	-864	
42566.4895833333	3078	-1107	
42566.5	3024	-1269	
42566.5104166667	2754	-1053	
42566.5208333333	2538	-594	
42566.53125	2754	-918	
42566.5416666667	2754	-918	
42566.5520833333	2862	-1026	
42566.5625	2970	-972	
42566.5729166667	3132	-1026	
42566.5833333333	3402	-1080	
42566.59375	3024	-702	
42566.6041666667	2754	-513	
42566.6145833333	3078	-675	
42566.625	3186	-756	
42566.6354166667	3402	-864	
42566.6458333333	3402	-864	
42566.65625	3402	-864	
42566.6666666667	3294	-756	
42566.6770833333	3186	-648	
42566.6875	3186	-432	
42566.6979166667	2754	54	
42569.375	1566	-378	
42569.3854166667	1620	-54	
42569.3958333333	1836	-324	
42569.40625	1782	-297	
42569.4166666667	1782	-324	
42569.4270833333	1782	-162	
42569.4375	1944	-270	
42569.4479166667	1998	-297	
42569.4583333333	2052	-270	
42569.46875	1836	-135	
42569.4791666667	1782	-432	
42569.4895833333	1782	-540	
42569.5	1782	-378	
42569.5104166667	1998	-513	
42569.5208333333	2106	-621	
42569.53125	2052	-486	
42569.5416666667	2106	-459	
42569.5520833333	2214	-540	
42569.5625	2160	-378	
42569.5729166667	2430	-648	
42569.5833333333	2376	-594	
42569.59375	2376	-594	
42569.6041666667	2268	-378	
42569.6145833333	2376	-378	
42569.625	2430	-297	
42569.6354166667	2484	-324	
42569.6458333333	2808	-648	
42569.65625	2700	-351	
42569.6666666667	2862	-189	
42569.6770833333	2862	-189	
42569.6875	3024	-594	
42569.6979166667	3078	-837	
42570.375	1674	0	
42570.3854166667	1674	0	
42570.3958333333	1674	0	
42570.40625	1674	-54	
42570.4166666667	1674	-108	
42570.4270833333	1782	-216	
42570.4375	1782	216	
42570.4479166667	1782	648	
42570.4583333333	1890	216	
42570.46875	1782	324	
42570.4791666667	1998	0	
42570.4895833333	2052	27	
42570.5	2052	-81	
42570.5104166667	2106	-162	
42570.5208333333	2214	-432	
42570.53125	2160	-378	
42570.5416666667	2214	-432	
42570.5520833333	2106	-108	
42570.5625	2106	108	
42570.5729166667	2268	0	
42570.5833333333	2592	-324	
42570.59375	2592	-378	
42570.6041666667	2538	81	
42570.6145833333	2646	621	
42570.625	2970	297	
42570.6354166667	3078	162	
42570.6458333333	2862	270	
42570.65625	2916	216	
42570.6666666667	3078	0	
42570.6770833333	3024	108	
42570.6875	2970	216	
42570.6979166667	3078	108	
42571.375	1566	-216	
42571.3854166667	1674	-54	
42571.3958333333	1728	162	
42571.40625	1782	54	
42571.4166666667	1836	-162	
42571.4270833333	2214	-270	
42571.4375	2160	-189	
42571.4479166667	2268	-162	
42571.4583333333	1998	162	
42571.46875	2214	-162	
42571.4791666667	2106	-81	
42571.4895833333	1890	108	
42571.5	1890	108	
42571.5104166667	1890	0	
42571.5208333333	2106	-351	
42571.53125	1998	-324	
42571.5416666667	1998	-324	
42571.5520833333	1944	-108	
42571.5625	2106	-108	
42571.5729166667	2052	54	
42571.5833333333	2160	0	
42571.59375	2268	-135	
42571.6041666667	2214	108	
42571.6145833333	2322	351	
42571.625	2646	-108	
42571.6354166667	2916	-594	
42571.6458333333	3186	-864	
42571.65625	2970	-432	
42571.6666666667	2862	0	
42571.6770833333	2700	270	
42571.6875	2700	486	
42571.6979166667	2754	432	
42572.375	1674	-216	
42572.3854166667	1674	-135	
42572.3958333333	1674	0	
42572.40625	1782	-108	
42572.4166666667	1620	54	
42572.4270833333	1674	-162	
42572.4375	1512	-54	
42572.4479166667	1620	-54	
42572.4583333333	1566	54	
42572.46875	1674	-108	
42572.4791666667	1674	-216	
42572.4895833333	1782	-216	
42572.5	1998	-324	
42572.5104166667	1782	-81	
42572.5208333333	1782	54	
42572.53125	1890	54	
42572.5416666667	1728	216	
42572.5520833333	1782	297	
42572.5625	1998	243	
42572.5729166667	1998	324	
42572.5833333333	1998	378	
42572.59375	2106	270	
42572.6041666667	2052	486	
42572.6145833333	2106	432	
42572.625	2106	702	
42572.6354166667	2106	729	
42572.6458333333	2538	54	
42572.65625	2538	27	
42572.6666666667	2538	-108	
42572.6770833333	2538	-108	
42572.6875	2538	-108	
42572.6979166667	2700	-216	
42573.375	1674	27	
42573.3854166667	1674	378	
42573.3958333333	1782	270	
42573.40625	1836	-54	
42573.4166666667	1782	54	
42573.4270833333	1620	540	
42573.4375	1782	648	
42573.4479166667	1728	810	
42573.4583333333	1782	972	
42573.46875	1674	1080	
42573.4791666667	1728	1134	
42573.4895833333	1728	1080	
42573.5	1620	1080	
42573.5104166667	1566	918	
42573.5208333333	1566	540	
42573.53125	1458	459	
42573.5416666667	1458	540	
42573.5520833333	1566	432	
42573.5625	1566	918	
42573.5729166667	1674	864	
42573.5833333333	1782	783	
42573.59375	1836	594	
42573.6041666667	1998	567	
42573.6145833333	2214	378	
42573.625	2322	513	
42573.6354166667	2538	351	
42573.6458333333	2862	135	
42573.65625	2646	270	
42573.6666666667	2754	108	
42573.6770833333	2862	135	
42573.6875	2754	27	
42573.6979166667	2700	108	
42576.375	2214	-810	
42576.3854166667	2322	-756	
42576.3958333333	2322	-702	
42576.40625	2538	-810	
42576.4166666667	2646	-918	
42576.4270833333	3024	-1350	
42576.4375	3240	-1512	
42576.4479166667	3294	-1458	
42576.4583333333	3348	-1512	
42576.46875	3402	-1566	
42576.4791666667	3240	-1620	
42576.4895833333	3186	-1836	
42576.5	3186	-1566	
42576.5104166667	3402	-1620	
42576.5208333333	3132	-1188	
42576.53125	2862	-1161	
42576.5416666667	3078	-1458	
42576.5520833333	3078	-1458	
42576.5625	3078	-1377	
42576.5729166667	3186	-1620	
42576.5833333333	3024	-972	
42576.59375	2646	-648	
42576.6041666667	2808	-675	
42576.6145833333	3078	-1188	
42576.625	3186	-837	
42576.6354166667	3186	-594	
42576.6458333333	3186	-324	
42576.65625	3132	-810	
42576.6666666667	3186	-810	
42576.6770833333	3186	-1080	
42576.6875	3186	-1026	
42576.6979166667	3186	-1242	
42577.375	2214	-864	
42577.3854166667	2322	-864	
42577.3958333333	2322	-810	
42577.40625	2106	-594	
42577.4166666667	2214	-405	
42577.4270833333	2322	-270	
42577.4375	2538	-432	
42577.4479166667	2754	-837	
42577.4583333333	2862	-1053	
42577.46875	2970	-1107	
42577.4791666667	3186	-1242	
42577.4895833333	3294	-1242	
42577.5	3240	-1080	
42577.5104166667	3186	-1134	
42577.5208333333	3024	-1080	
42577.53125	3024	-1080	
42577.5416666667	2862	-891	
42577.5520833333	2862	-756	
42577.5625	3078	-810	
42577.5729166667	3294	-1026	
42577.5833333333	3510	-1242	
42577.59375	3240	-972	
42577.6041666667	2970	-378	
42577.6145833333	2862	-216	
42577.625	3078	-162	
42577.6354166667	3186	-270	
42577.6458333333	3240	-324	
42577.65625	3132	-216	
42577.6666666667	3132	-81	
42577.6770833333	3078	-27	
42577.6875	3186	-135	
42577.6979166667	3186	-54	
42578.375	1620	-270	
42578.3854166667	2322	-702	
42578.3958333333	2808	-1134	
42578.40625	2646	-891	
42578.4166666667	2538	-810	
42578.4270833333	2484	-648	
42578.4375	2376	-270	
42578.4479166667	2268	-162	
42578.4583333333	2430	-270	
42578.46875	2430	-486	
42578.4791666667	2592	-351	
42578.4895833333	2916	-1890	
42578.5	2916	-1890	
42578.5104166667	2916	-1944	
42578.5208333333	2916	-1944	
42578.53125	3186	-2241	
42578.5416666667	2862	-1944	
42578.5520833333	2646	-1674	
42578.5625	2430	-1512	
42578.5729166667	2700	-1674	
42578.5833333333	2808	-1674	
42578.59375	2808	-1674	
42578.6041666667	2808	-1566	
42578.6145833333	3078	-1782	
42578.625	3186	-1836	
42578.6354166667	3024	-1647	
42578.6458333333	2754	-1404	
42578.65625	2754	-1404	
42578.6666666667	2646	-1323	
42578.6770833333	2700	-648	
42578.6875	2862	-1053	
42578.6979166667	2862	-594	
42579.375	1782	-270	
42579.3854166667	2214	-648	
42579.3958333333	2430	-756	
42579.40625	2376	-702	
42579.4166666667	2484	-810	
42579.4270833333	2538	-972	
42579.4375	2646	-1080	
42579.4479166667	2808	-1242	
42579.4583333333	2916	-1296	
42579.46875	2862	-1242	
42579.4791666667	2916	-1242	
42579.4895833333	3024	-1350	
42579.5	3024	-1350	
42579.5104166667	3078	-1296	
42579.5208333333	3078	-1296	
42579.53125	3078	-1188	
42579.5416666667	2970	-1080	
42579.5520833333	3078	-1188	
42579.5625	3024	-1026	
42579.5729166667	2754	-702	
42579.5833333333	2862	-756	
42579.59375	3078	-810	
42579.6041666667	3240	-918	
42579.6145833333	3186	-1296	
42579.625	3186	-1620	
42579.6354166667	3402	-2214	
42579.6458333333	3186	-1944	
42579.65625	3186	-1836	
42579.6666666667	3078	-1620	
42579.6770833333	3024	-1512	
42579.6875	3024	-1512	
42579.6979166667	3024	-1458	
42580.375	1728	-54	
42580.3854166667	2214	-432	
42580.3958333333	2538	-702	
42580.40625	2538	-729	
42580.4166666667	2592	-756	
42580.4270833333	2538	-675	
42580.4375	2538	-513	
42580.4479166667	2538	-675	
42580.4583333333	2538	-702	
42580.46875	2538	-432	
42580.4791666667	2322	-324	
42580.4895833333	2538	-540	
42580.5	2646	-162	
42580.5104166667	2430	-189	
42580.5208333333	2376	-270	
42580.53125	2214	-189	
42580.5416666667	1890	135	
42580.5520833333	1890	135	
42580.5625	1890	432	
42580.5729166667	2214	324	
42580.5833333333	2376	162	
42580.59375	2430	108	
42580.6041666667	2646	-405	
42580.6145833333	2916	-756	
42580.625	3294	-891	
42580.6354166667	3348	-918	
42580.6458333333	3348	-1026	
42580.65625	3294	-1134	
42580.6666666667	3240	-864	
42580.6770833333	3402	-864	
42580.6875	3348	-702	
42580.6979166667	3294	-540	
