Date	ZoneLoadforContainerFPVAV14	ZoneLoadResidualforContainerFPVAV14	
42430.375	3024	5859	
42430.3854166667	4914	3591	
42430.3958333333	6426	1512	
42430.40625	6048	1512	
42430.4166666667	6048	1134	
42430.4270833333	8694	-2268	
42430.4375	10584	-4914	
42430.4479166667	13608	-7938	
42430.4583333333	15120	-9828	
42430.46875	16254	-11340	
42430.4791666667	15876	-11340	
42430.4895833333	26460	-21735	
42430.5	34776	-27594	
42430.5104166667	37800	-29106	
42430.5208333333	34776	-23814	
42430.53125	30240	-19089	
42430.5416666667	27594	-17766	
42430.5520833333	14742	-6426	
42430.5625	12096	-3024	
42430.5729166667	20412	-7182	
42430.5833333333	27594	-12663	
42430.59375	32130	-17199	
42430.6041666667	31752	-15309	
42430.6145833333	27216	-10206	
42430.625	18900	-378	
42430.6354166667	17388	2268	
42430.6458333333	30618	-10962	
42430.65625	35532	-19656	
42430.6666666667	37044	-24948	
42430.6770833333	32130	-20034	
42430.6875	14742	-6804	
42430.6979166667	7182	-1134	
42431.375	756	1134	
42431.3854166667	1134	378	
42431.3958333333	1512	0	
42431.40625	1134	567	
42431.4166666667	3402	-1323	
42431.4270833333	4536	-1701	
42431.4375	5292	-3402	
42431.4479166667	5292	-3402	
42431.4583333333	4158	-2268	
42431.46875	3402	-1890	
42431.4791666667	3402	-2079	
42431.4895833333	2646	-1323	
42431.5	3024	-945	
42431.5104166667	7560	-5103	
42431.5208333333	11340	-6804	
42431.53125	13986	-8883	
42431.5416666667	19278	-10206	
42431.5520833333	20790	-11718	
42431.5625	15876	-8883	
42431.5729166667	7938	-1890	
42431.5833333333	6426	378	
42431.59375	8694	-2079	
42431.6041666667	7938	-1323	
42431.6145833333	7938	-1323	
42431.625	6804	756	
42431.6354166667	5292	3969	
42431.6458333333	4536	-1134	
42431.65625	5292	-2268	
42431.6666666667	4158	-1512	
42431.6770833333	3402	-756	
42431.6875	1890	756	
42431.6979166667	2646	0	
42432.375	4536	-2646	
42432.3854166667	5670	-3969	
42432.3958333333	7182	-4914	
42432.40625	6048	2268	
42432.4166666667	8694	-6804	
42432.4270833333	10584	-5670	
42432.4375	15120	-3402	
42432.4479166667	22680	-10962	
42432.4583333333	30996	-16821	
42432.46875	27216	-10584	
42432.4791666667	12474	4158	
42432.4895833333	15876	-4158	
42432.5	20412	-8694	
42432.5104166667	29862	-18144	
42432.5208333333	34776	-16254	
42432.53125	37044	-13041	
42432.5416666667	25326	4158	
42432.5520833333	7938	21168	
42432.5625	8694	7938	
42432.5729166667	13608	7371	
42432.5833333333	17388	4158	
42432.59375	18144	8883	
42432.6041666667	19656	9450	
42432.6145833333	10962	21168	
42432.625	12852	17388	
42432.6354166667	16632	11718	
42432.6458333333	17388	6048	
42432.65625	16632	0	
42432.6666666667	23058	-6426	
42432.6770833333	14364	5670	
42432.6875	7182	9450	
42432.6979166667	10584	-189	
42433.375	1890	378	
42433.3854166667	1890	378	
42433.3958333333	1890	567	
42433.40625	1890	756	
42433.4166666667	1890	567	
42433.4270833333	1890	378	
42433.4375	1890	378	
42433.4479166667	1890	0	
42433.4583333333	1890	-378	
42433.46875	1134	378	
42433.4791666667	378	1134	
42433.4895833333	756	1323	
42433.5	756	1134	
42433.5104166667	378	1512	
42433.5208333333	1134	0	
42433.53125	1134	0	
42433.5416666667	756	378	
42433.5520833333	756	756	
42433.5625	756	1512	
42433.5729166667	1134	3402	
42433.5833333333	1134	1134	
42433.59375	1134	1512	
42433.6041666667	1134	2835	
42433.6145833333	378	2268	
42433.625	0	2079	
42433.6354166667	-756	2457	
42433.6458333333	-1134	2835	
42433.65625	-1890	2646	
42433.6666666667	-1134	1890	
42433.6770833333	-1134	1512	
42433.6875	-1134	1134	
42433.6979166667	-1134	1134	
42436.375	756	945	
42436.3854166667	3024	-1134	
42436.3958333333	2646	-756	
42436.40625	2646	-378	
42436.4166666667	2646	-378	
42436.4270833333	2646	-378	
42436.4375	1134	1134	
42436.4479166667	1512	378	
42436.4583333333	1890	567	
42436.46875	2646	-378	
42436.4791666667	4536	-2268	
42436.4895833333	6804	-4158	
42436.5	10584	-1134	
42436.5104166667	18144	-8694	
42436.5208333333	13986	-4158	
42436.53125	23436	-10584	
42436.5416666667	35532	-14364	
42436.5520833333	35532	-21168	
42436.5625	16632	-2268	
42436.5729166667	6804	1890	
42436.5833333333	7938	22302	
42436.59375	9828	18900	
42436.6041666667	9072	12096	
42436.6145833333	9072	6804	
42436.625	8316	-3024	
42436.6354166667	7182	-2268	
42436.6458333333	7938	-189	
42436.65625	11718	-3591	
42436.6666666667	8316	1323	
42436.6770833333	3402	6237	
42436.6875	3024	8694	
42436.6979166667	4158	4536	
42437.375	8316	189	
42437.3854166667	12096	-3591	
42437.3958333333	12096	-4158	
42437.40625	11718	-4536	
42437.4166666667	10584	-3402	
42437.4270833333	12096	-5481	
42437.4375	19656	-13986	
42437.4479166667	28728	-23058	
42437.4583333333	27594	-21924	
42437.46875	8694	-3024	
42437.4791666667	7938	-3402	
42437.4895833333	16632	-11529	
42437.5	20412	-13608	
42437.5104166667	25326	-17766	
42437.5208333333	30240	-22302	
42437.53125	34776	-25704	
42437.5416666667	27594	-17577	
42437.5520833333	11340	-2268	
42437.5625	9828	2268	
42437.5729166667	20790	-7182	
42437.5833333333	29862	-13986	
42437.59375	26082	3780	
42437.6041666667	11340	20412	
42437.6145833333	7182	20790	
42437.625	14364	5292	
42437.6354166667	27216	-5292	
42437.6458333333	34020	-10584	
42437.65625	29106	-1134	
42437.6666666667	11340	16632	
42437.6770833333	5292	7560	
42437.6875	7938	2457	
42437.6979166667	9072	-1512	
42438.375	3780	5481	
42438.40625	6048	-2646	
42438.4166666667	9828	-6804	
42438.4270833333	11718	-8505	
42438.4375	13608	-10584	
42438.4479166667	11718	-9828	
42438.4583333333	7938	-6237	
42438.46875	7182	-5670	
42438.4791666667	7182	-5670	
42438.4895833333	7938	-6804	
42438.5	9450	-8505	
42438.5104166667	12474	-11529	
42438.5208333333	14364	-12663	
42438.53125	16632	-14364	
42438.5416666667	13986	-11529	
42438.5520833333	12474	-9450	
42438.5625	10584	-7938	
42438.5729166667	7182	-5292	
42438.5833333333	7182	-5481	
42438.59375	6804	-5292	
42438.6041666667	3780	-2457	
42438.6145833333	3024	-1890	
42438.625	2268	-1134	
42438.6354166667	2268	-1134	
42438.6458333333	756	378	
42438.65625	2268	-1134	
42438.6666666667	2646	-1890	
42438.6770833333	2646	-1890	
42438.6875	2268	-1134	
42438.6979166667	2268	-1134	
42439.375	-1134	2835	
42439.3854166667	-1134	3024	
42439.3958333333	-1134	3024	
42439.40625	1890	0	
42439.4166666667	1890	-189	
42439.4270833333	1512	378	
42439.4375	1890	0	
42439.4479166667	1890	1134	
42439.4583333333	1890	2268	
42439.46875	1512	1512	
42439.4791666667	1512	1512	
42439.4895833333	1134	1890	
42439.5	3024	-378	
42439.5104166667	6048	-3402	
42439.5208333333	6426	-3780	
42439.53125	6048	-3591	
42439.5416666667	6804	-4725	
42439.5520833333	6426	-4347	
42439.5625	8316	-6048	
42439.5729166667	9828	-7182	
42439.5833333333	11340	-6426	
42439.59375	13608	-6048	
42439.6041666667	15120	-13230	
42439.6145833333	17388	-14742	
42439.625	12096	-8316	
42439.6354166667	11718	-9072	
42439.6458333333	15120	-11718	
42439.65625	23436	-19089	
42439.6666666667	23058	-19278	
42439.6770833333	10206	-6993	
42439.6875	7182	-3969	
42439.6979166667	7938	-5481	
42440.375	4158	3024	
42440.3854166667	4914	-2835	
42440.3958333333	4158	-1890	
42440.40625	3024	-945	
42440.4166666667	3024	-945	
42440.4270833333	3402	-1512	
42440.4375	1890	0	
42440.4479166667	1890	0	
42440.4583333333	1134	378	
42440.46875	1512	-378	
42440.4791666667	1134	0	
42440.4895833333	1890	18522	
42440.5	2268	18144	
42440.5104166667	1890	16632	
42440.5208333333	2646	15876	
42440.53125	3402	15120	
42440.5416666667	1512	17010	
42440.5520833333	3024	-2268	
42440.5625	3024	-2268	
42440.5729166667	2646	-1701	
42440.5833333333	2268	-1134	
42440.59375	3024	-1134	
42440.6041666667	3024	-756	
42440.6145833333	1512	-378	
42440.625	1890	-756	
42440.6354166667	1134	0	
42440.6458333333	1134	-378	
42440.65625	1512	-756	
42440.6666666667	1890	-1134	
42440.6770833333	1134	-1134	
42440.6875	1134	-1890	
42440.6979166667	1134	-1890	
42443.375	1890	0	
42443.3854166667	1890	-378	
42443.3958333333	1134	567	
42443.40625	1134	1134	
42443.4166666667	1512	756	
42443.4270833333	1512	1134	
42443.4375	1512	1323	
42443.4479166667	1134	1512	
42443.4583333333	1134	3780	
42443.46875	1134	5670	
42443.4791666667	1134	7938	
42444.375	3024	3402	
42444.3854166667	3024	3024	
42444.3958333333	3024	3402	
42444.40625	3024	4725	
42444.4166666667	3024	5103	
42444.4270833333	3024	5103	
42444.4375	3024	6426	
42444.4479166667	3024	5292	
42444.4583333333	3024	5292	
42444.46875	3024	5292	
42444.4791666667	3024	5292	
42444.4895833333	3024	6237	
42444.5	2646	4347	
42444.5104166667	2646	6804	
42444.5208333333	2646	1512	
42444.53125	3402	0	
42444.5416666667	3402	2646	
42444.5520833333	3402	5670	
42444.5625	3402	8694	
42444.5729166667	1890	12474	
42444.5833333333	1890	30996	
42444.59375	1890	30618	
42444.6041666667	1890	18522	
42444.6145833333	1890	21168	
42444.625	1890	25137	
42444.6354166667	2268	25704	
42444.6458333333	2268	31374	
42444.65625	3024	19278	
42444.6666666667	4536	16254	
42444.6770833333	3402	23814	
42444.6875	1134	27972	
42444.6979166667	1512	30051	
42445.375	2646	1890	
42445.3854166667	2646	1512	
42445.3958333333	1890	2268	
42445.40625	2646	945	
42445.4166666667	4158	-1134	
42445.4270833333	1890	1323	
42445.4375	3024	5292	
42445.4479166667	1890	11529	
42445.4583333333	2646	11151	
42445.46875	2646	11340	
42445.4791666667	2646	17766	
42445.4895833333	1890	18522	
42445.5	2268	11340	
42445.5104166667	1512	12474	
42445.5208333333	1890	11718	
42445.53125	2268	15876	
42445.5416666667	2268	17955	
42445.5520833333	1512	12285	
42445.5625	2646	6804	
42445.5729166667	2646	6804	
42445.5833333333	1890	10395	
42445.59375	2268	10773	
42445.6041666667	2268	10206	
42445.6145833333	2646	17766	
42445.625	1890	23436	
42445.6354166667	1890	24381	
42445.6458333333	2268	24570	
42445.65625	2646	25326	
42445.6666666667	1134	29862	
42445.6770833333	1134	30240	
42445.6875	1512	20412	
42445.6979166667	1512	20412	
42446.375	2646	-756	
42446.3854166667	2646	-567	
42446.3958333333	2646	-1512	
42446.40625	2646	189	
42446.4166666667	2646	1890	
42446.4270833333	2646	1890	
42446.4375	3024	-756	
42446.4479166667	3024	-756	
42446.4583333333	3024	-756	
42446.46875	3024	-1323	
42446.4791666667	3402	-1890	
42446.4895833333	2646	-945	
42446.5	2646	-378	
42446.5104166667	2646	-1512	
42446.5208333333	2646	-1512	
42446.53125	2646	-945	
42446.5416666667	1512	2268	
42446.5520833333	1512	3024	
42446.5625	1890	4914	
42446.5729166667	1890	9450	
42446.5833333333	1890	9828	
42446.59375	1890	8694	
42446.6041666667	1134	8694	
42446.6145833333	1134	9072	
42446.625	1134	9072	
42446.6354166667	2268	8316	
42446.6458333333	1512	10395	
42446.65625	1512	8505	
42446.6666666667	1512	4347	
42446.6770833333	2268	3402	
42446.6875	2268	5481	
42446.6979166667	1512	10962	
42447.375	3024	2268	
42447.3854166667	3402	1134	
42447.3958333333	3402	1701	
42447.40625	3402	1890	
42447.4166666667	3402	6426	
42447.4270833333	3402	-1134	
42447.4375	2646	-378	
42447.4479166667	2646	-378	
42447.4583333333	2646	6048	
42447.46875	2646	5292	
42447.4791666667	2646	-756	
42447.4895833333	3024	-2268	
42447.5	3024	-2268	
42447.5104166667	1890	-1134	
42447.5208333333	2268	-1134	
42447.53125	1890	-756	
42447.5416666667	2646	10584	
42447.5520833333	2646	17010	
42447.5625	1890	20790	
42447.5729166667	2268	24192	
42447.5833333333	1512	21546	
42447.59375	1134	2646	
42447.6041666667	1890	378	
42447.6145833333	1134	2646	
42447.625	756	3780	
42447.6354166667	1512	1890	
42447.6458333333	1512	1890	
42447.65625	1134	756	
42447.6666666667	1512	378	
42447.6770833333	1512	378	
42447.6875	756	1134	
42447.6979166667	1134	756	
42450.375	-6426	3402	
42450.3854166667	756	-7371	
42450.3958333333	-378	-6237	
42450.40625	0	-7182	
42450.4166666667	-378	-7371	
42450.4270833333	-378	-3591	
42450.4375	-1134	378	
42450.4479166667	-1512	756	
42450.4583333333	-2646	1512	
42450.46875	-2268	378	
42450.4791666667	-2646	378	
42450.4895833333	-1890	-378	
42450.5	-378	-1890	
42450.5104166667	756	-2835	
42450.5208333333	2268	-5292	
42450.53125	1512	-3213	
42450.5416666667	1134	-2835	
42450.5520833333	2646	-4347	
42450.5625	1512	-1890	
42450.5729166667	756	-1890	
42450.5833333333	-378	0	
42450.59375	378	-189	
42450.6041666667	0	378	
42450.6145833333	0	756	
42450.625	1134	-756	
42450.6354166667	756	-378	
42450.6458333333	1134	-756	
42450.65625	378	0	
42450.6666666667	1134	756	
42450.6770833333	1134	-189	
42450.6875	756	0	
42450.6979166667	756	-189	
42451.375	378	1512	
42451.3854166667	0	1890	
42451.3958333333	-1134	2646	
42451.40625	-1890	3024	
42451.4166666667	-1134	2646	
42451.4270833333	-378	2646	
42451.4375	1134	1134	
42451.4479166667	1134	1134	
42451.4583333333	756	1323	
42451.46875	1512	378	
42451.4791666667	1512	189	
42451.4895833333	1890	378	
42451.5	4914	-2079	
42451.5104166667	6048	-3213	
42451.5208333333	10584	-7938	
42451.53125	13230	-9072	
42451.5416666667	10584	-4536	
42451.5520833333	8694	-945	
42451.5625	10584	-567	
42451.5729166667	13608	-8694	
42451.5833333333	17010	-14364	
42451.59375	22680	-20412	
42451.6041666667	25704	-23625	
42451.6145833333	7560	-5670	
42451.625	16254	-14364	
42451.6354166667	20790	-19089	
42451.6458333333	30618	-28917	
42451.65625	33642	-32508	
42451.6666666667	24948	-23814	
42451.6770833333	7560	-6426	
42451.6875	4914	-3591	
42451.6979166667	5670	-4158	
42452.375	9828	-4914	
42452.3854166667	9828	-5670	
42452.3958333333	10584	-7560	
42452.40625	10584	-7560	
42452.4166666667	16632	-13608	
42452.4270833333	29862	-26649	
42452.4375	33642	-30429	
42452.4479166667	27594	-24570	
42452.4583333333	9450	-1512	
42452.46875	7182	-3780	
42452.4791666667	11718	-8316	
42452.4895833333	13608	-10206	
42452.5	16632	-9261	
42452.5104166667	30240	-22491	
42452.5208333333	35910	-28161	
42452.53125	37044	-28539	
42452.5416666667	36288	-25704	
42452.5520833333	30240	-24381	
42452.5625	16254	-10395	
42452.5729166667	8694	-6048	
42452.5833333333	13230	-10206	
42452.59375	15876	-12852	
42452.6041666667	14364	-11718	
42452.6145833333	18900	-16254	
42452.625	22680	-7560	
42452.6354166667	18522	9072	
42452.6458333333	10962	4158	
42452.65625	19278	-16632	
42452.6666666667	23814	-21168	
42452.6770833333	12852	-10773	
42452.6875	8694	-6048	
42452.6979166667	12474	-9828	
42453.375	2646	-756	
42453.3854166667	2646	-2646	
42453.3958333333	1890	-1890	
42453.40625	2268	-1512	
42453.4166666667	1890	-1512	
42453.4270833333	1134	-756	
42453.4375	2268	-1890	
42453.4479166667	3024	-2835	
42453.4583333333	2646	-2646	
42453.46875	2646	-2646	
42453.4791666667	2646	-2646	
42453.4895833333	2646	-2268	
42453.5	4158	-3780	
42453.5104166667	5292	-4914	
42453.5208333333	6048	-5292	
42453.53125	6048	-5103	
42453.5416666667	5292	-3969	
42453.5520833333	3780	-2079	
42453.5625	1890	189	
42453.5729166667	4536	-2646	
42453.5833333333	4914	-3402	
42453.59375	5292	-4158	
42453.6041666667	6048	-4914	
42453.6145833333	4158	-2646	
42453.625	4158	-2079	
42453.6354166667	3402	-1134	
42453.6458333333	3402	-945	
42453.65625	3780	-1512	
42453.6666666667	3402	-1890	
42453.6770833333	3024	-1512	
42453.6875	3402	-1890	
42453.6979166667	3402	-2268	
42454.375	0	1512	
42454.3854166667	-378	1890	
42454.3958333333	0	1512	
42454.40625	0	1890	
42454.4166666667	-378	2268	
42454.4270833333	0	2268	
42454.4375	756	1512	
42454.4479166667	1512	1323	
42454.4583333333	3024	0	
42454.46875	2646	0	
42454.4791666667	2646	-756	
42454.4895833333	2646	-756	
42454.5	2646	-1134	
42454.5104166667	2646	-1512	
42454.5208333333	2646	-945	
42454.53125	2646	-567	
42454.5416666667	2646	-567	
42454.5520833333	2646	-189	
42454.5625	2646	378	
42454.5729166667	2646	0	
42454.5833333333	2646	378	
42454.59375	2268	0	
42454.6041666667	3024	0	
42454.6145833333	1512	1323	
42454.625	1512	-378	
42454.6354166667	1134	0	
42454.6458333333	1134	-378	
42454.65625	1134	-378	
42454.6666666667	756	-567	
42454.6770833333	756	-1134	
42454.6875	1134	-567	
42454.6979166667	1134	-189	
42457.375	378	3402	
42457.3854166667	756	3024	
42457.3958333333	0	3591	
42457.40625	-378	3402	
42457.4166666667	-378	3024	
42457.4270833333	-1890	4536	
42457.4375	0	2268	
42457.4479166667	1134	756	
42457.4583333333	1134	756	
42457.46875	1134	756	
42457.4791666667	756	1134	
42457.4895833333	1134	945	
42457.5	1134	945	
42457.5104166667	1512	1512	
42457.5208333333	1512	2646	
42457.53125	6804	-2268	
42457.5416666667	9450	-7560	
42457.5520833333	9072	-7182	
42457.5625	7560	-4536	
42457.5729166667	3780	2646	
42457.5833333333	3402	5292	
42457.59375	4158	7938	
42457.6041666667	2268	9828	
42457.6145833333	1890	6615	
42457.625	2646	1512	
42457.6354166667	2646	1512	
42457.6458333333	2646	1701	
42457.65625	1890	1890	
42457.6666666667	1890	3402	
42457.6770833333	2646	3402	
42457.6875	2646	4536	
42457.6979166667	2268	5859	
42458.375	2268	5292	
42458.3854166667	3024	2646	
42458.3958333333	6426	756	
42458.40625	5670	-1323	
42458.4166666667	4158	2268	
42458.4270833333	6048	945	
42458.4375	6804	-567	
42458.4479166667	8694	-2268	
42458.4583333333	10962	-4347	
42458.46875	9828	-4158	
42458.4791666667	9072	-3402	
42458.4895833333	14742	-9072	
42458.5	27594	-21924	
42458.5104166667	34398	-29106	
42458.5208333333	38178	-32130	
42458.53125	28728	-25326	
42458.5416666667	11718	-9639	
42458.5520833333	8694	-7182	
42458.5625	14364	-12852	
42458.5729166667	18144	-11718	
42458.5833333333	23058	-15498	
42458.59375	30618	-27972	
42458.6041666667	30618	-27972	
42458.6145833333	14742	-12096	
42458.625	9450	-4347	
42458.6354166667	20034	-11718	
42458.6458333333	34020	-29484	
42458.65625	35532	-31185	
42458.6666666667	30240	-28161	
42458.6770833333	10584	-9072	
42458.6875	3780	378	
42458.6979166667	5670	-2646	
42459.375	10584	18522	
42459.3854166667	12096	18144	
42459.3958333333	10584	3780	
42459.40625	18144	-17010	
42459.4166666667	31374	-24759	
42459.4270833333	33264	-20790	
42459.4375	32508	-17388	
42459.4479166667	24570	-18333	
42459.4583333333	8316	0	
42459.46875	5292	4158	
42459.4791666667	9828	1890	
42459.4895833333	11718	1890	
42459.5	15876	-2268	
42459.5104166667	29862	-16254	
42459.5208333333	36666	-23058	
42459.53125	37044	-14931	
42459.5416666667	37044	-8694	
42459.5520833333	26082	-7560	
42459.5625	12852	3402	
42459.5729166667	7938	1134	
42459.5833333333	10206	-1512	
42459.59375	10962	-7938	
42459.6041666667	10962	-8694	
42459.6145833333	8694	-6048	
42459.625	9072	-3591	
42459.6354166667	9828	-3024	
42459.6458333333	10584	-2646	
42459.65625	9828	-3024	
42459.6666666667	9828	-3024	
42459.6770833333	9828	-3780	
42459.6875	9072	-3780	
42459.6979166667	9072	-2079	
42460.375	13986	3024	
42460.3854166667	15498	567	
42460.3958333333	24192	-11151	
42460.40625	24948	-13986	
42460.4166666667	13230	-2268	
42460.4270833333	13608	-1134	
42460.4375	26460	-13608	
42460.4479166667	31752	-18711	
42460.4583333333	32130	-18144	
42460.46875	27216	-10962	
42460.4791666667	15498	1890	
42460.4895833333	15120	1512	
42460.5	26460	-7938	
42460.5104166667	33264	-16632	
42460.5208333333	32508	-12852	
42460.53125	31752	-18711	
42460.5416666667	32130	-16254	
42460.5520833333	22680	-3402	
42460.5625	12474	7938	
42460.5729166667	13986	11340	
42460.5833333333	28350	-6993	
42460.59375	34020	-13986	
42460.6041666667	33264	-19278	
42460.6145833333	17010	-3402	
42460.625	9828	11718	
42460.6354166667	14364	9072	
42460.6458333333	26838	1890	
42460.65625	33642	378	
42460.6666666667	27594	6426	
42460.6770833333	12474	19656	
42460.6875	7938	9072	
42460.6979166667	9828	7182	
42461.375	5670	-945	
42461.3854166667	7938	-3591	
42461.3958333333	7560	-3402	
42461.40625	5670	-1512	
42461.4166666667	4914	-756	
42461.4270833333	5670	-3402	
42461.4375	5292	-2835	
42461.4479166667	4914	-2268	
42461.4583333333	4158	-1512	
42461.46875	4158	-1890	
42461.4791666667	4158	-1890	
42461.4895833333	4158	-2268	
42461.5	3402	-1512	
42461.5104166667	3402	-1512	
42461.5208333333	3780	-1134	
42461.53125	4536	-2079	
42461.5416666667	3402	-945	
42461.5520833333	3402	-756	
42461.5625	3402	-756	
42461.5729166667	3402	-756	
42461.5833333333	1890	756	
42461.59375	2646	-1134	
42461.6041666667	3024	-1890	
42461.625	1512	-378	
42461.6354166667	1512	-567	
42461.6458333333	1134	-756	
42461.65625	1512	-1134	
42461.6666666667	378	-756	
42461.6770833333	378	-1134	
42461.6875	378	-1890	
42461.6979166667	378	-1890	
42464.375	1134	756	
42464.3854166667	756	756	
42464.3958333333	0	1134	
42464.40625	378	756	
42464.4166666667	756	378	
42464.4270833333	378	756	
42464.4375	0	1890	
42464.4479166667	378	1890	
42464.4583333333	0	2268	
42464.46875	378	1890	
42464.4791666667	1134	756	
42464.4895833333	1890	0	
42464.5	1134	945	
42464.5104166667	1890	756	
42464.5208333333	5292	0	
42464.53125	9828	-3780	
42464.5416666667	12096	-2268	
42464.5520833333	11718	1701	
42464.5625	9828	7938	
42464.5729166667	9072	14364	
42464.5833333333	8694	19278	
42464.59375	7182	20790	
42464.6041666667	4536	16632	
42464.6145833333	3780	12852	
42464.625	3402	23058	
42464.6354166667	2646	15876	
42464.6458333333	1134	14364	
42464.65625	378	12096	
42464.6666666667	378	8694	
42464.6770833333	1134	10962	
42464.6875	756	34776	
42464.6979166667	0	35532	
42465.375	1134	945	
42465.3854166667	1134	3213	
42465.3958333333	1512	4914	
42465.40625	1512	5670	
42465.4166666667	1134	5670	
42465.4270833333	378	7182	
42465.4375	756	6804	
42465.4479166667	1134	6048	
42465.4583333333	2646	4536	
42465.46875	1512	6426	
42465.4791666667	1134	7182	
42465.4895833333	2268	3402	
42465.5	4536	1134	
42465.5104166667	6804	-4158	
42465.5208333333	7938	-4914	
42465.53125	12096	-8694	
42465.5416666667	12852	-9450	
42465.5520833333	11340	-3780	
42465.5625	13230	-3402	
42465.5729166667	15498	-4536	
42465.5833333333	26838	-15498	
42465.59375	14364	-4536	
42465.6041666667	8316	7938	
42465.6145833333	9450	7560	
42465.625	13608	5670	
42465.6354166667	15120	11907	
42465.6458333333	29484	-3402	
42465.65625	24570	-7560	
42465.6666666667	3402	15120	
42465.6770833333	7560	12096	
42465.6875	7182	16821	
42465.6979166667	7182	16254	
42466.375	3402	-1134	
42466.3854166667	4536	-1890	
42466.3958333333	4914	-1134	
42466.40625	5292	-1512	
42466.4166666667	6048	-2268	
42466.4270833333	4158	0	
42466.4375	3780	756	
42466.4479166667	4536	-1134	
42466.4583333333	4914	-1512	
42466.46875	6048	2268	
42466.4791666667	8694	-189	
42466.4895833333	12852	-189	
42466.5	20412	-6804	
42466.5104166667	29106	-13986	
42466.5208333333	30240	-12096	
42466.53125	34020	-8694	
42466.5416666667	37044	-9828	
42466.5520833333	35532	-18144	
42466.5625	11340	-3024	
42466.5729166667	7182	1701	
42466.5833333333	6426	4536	
42466.59375	11718	567	
42466.6041666667	8694	3780	
42466.6145833333	7560	4914	
42466.625	6426	12285	
42466.6354166667	7938	14742	
42466.6458333333	7938	17010	
42466.65625	5292	20412	
42466.6666666667	5292	20412	
42466.6770833333	4536	12096	
42466.6875	4536	9828	
42466.6979166667	4536	10962	
42467.375	1512	-756	
42467.3854166667	1890	-1323	
42467.3958333333	1512	-378	
42467.40625	1512	-378	
42467.4166666667	1512	378	
42467.4270833333	2268	378	
42467.4375	2646	0	
42467.4479166667	1890	1134	
42467.4583333333	2268	756	
42467.46875	4158	4536	
42467.4791666667	4158	8883	
42467.4895833333	6048	9639	
42467.5	10584	12096	
42467.5104166667	13986	9450	
42467.5208333333	17010	4158	
42467.53125	27594	-13986	
42467.5416666667	31374	-12852	
42467.5520833333	7560	12474	
42467.5625	12474	7560	
42467.5729166667	16632	8694	
42467.5833333333	18144	10206	
42467.59375	27216	1323	
42467.6041666667	25326	-8694	
42467.6145833333	7182	9639	
42467.625	10962	6804	
42467.6354166667	13986	7560	
42467.6458333333	14364	12474	
42467.65625	21546	7560	
42467.6666666667	30618	-3024	
42467.6770833333	22302	-567	
42467.6875	4914	11718	
42467.6979166667	9450	7182	
42468.375	7560	-2646	
42468.3854166667	8694	-4914	
42468.3958333333	8316	-4725	
42468.40625	7182	-3780	
42468.4166666667	5670	-2268	
42468.4270833333	7182	-567	
42468.4375	6426	-3024	
42468.4479166667	4914	-2268	
42468.4583333333	4914	-2268	
42468.46875	4914	-2268	
42468.4791666667	5670	-2835	
42468.4895833333	4158	945	
42468.5	3402	-378	
42468.5104166667	5292	-3024	
42468.5208333333	5292	-3402	
42468.53125	4536	-2646	
42468.5416666667	4536	-2646	
42468.5520833333	4914	378	
42468.5625	5670	-1134	
42468.5729166667	6426	-1890	
42468.5833333333	5292	-1890	
42468.59375	6048	-2646	
42468.6041666667	5670	-2268	
42468.6145833333	3780	-378	
42468.625	4536	-1701	
42468.6354166667	3024	-567	
42468.6458333333	3024	-1323	
42468.65625	3024	-1512	
42468.6666666667	2268	-756	
42468.6770833333	2646	-1134	
42468.6875	2268	-567	
42468.6979166667	2268	-945	
42471.375	13608	8694	
42471.3854166667	15498	7938	
42471.40625	13608	-12096	
42471.4166666667	7938	-6426	
42471.4270833333	2646	-1134	
42471.4375	2646	-1134	
42471.4479166667	6048	-3402	
42471.4583333333	10206	-7560	
42471.46875	11340	-8694	
42471.4791666667	11340	-9639	
42471.4895833333	6048	-4536	
42471.5	6048	-4158	
42471.5104166667	20034	-17766	
42471.5208333333	30240	-27594	
42471.53125	34398	-28350	
42471.5416666667	34776	-25326	
42471.5520833333	33264	-23436	
42471.5625	17388	-7560	
42471.5729166667	8316	6237	
42471.5833333333	7938	13230	
42471.59375	13608	3024	
42471.6041666667	13608	1890	
42471.6145833333	12474	-3780	
42471.625	12096	-4914	
42471.6354166667	13230	-5292	
42471.6458333333	12474	-5292	
42471.65625	16254	-10962	
42471.6666666667	21168	-15876	
42471.6770833333	18522	-13608	
42471.6875	9450	-3402	
42471.6979166667	12474	-4914	
42472.375	13608	-6426	
42472.3854166667	19656	-15120	
42472.3958333333	30240	-25704	
42472.40625	26460	-21924	
42472.4166666667	7938	-1701	
42472.4270833333	9072	-2457	
42472.4375	13608	-6237	
42472.4479166667	17010	-10395	
42472.4583333333	26460	-22113	
42472.46875	29484	-27594	
42472.4791666667	12474	-10584	
42472.4895833333	12852	-10962	
42472.5	24570	-21924	
42472.5104166667	32886	-30618	
42472.5208333333	36666	-34587	
42472.53125	34776	-32886	
42472.5416666667	18900	-16632	
42472.5520833333	9450	-7182	
42472.5625	15876	-13608	
42472.5729166667	20034	-16065	
42472.5833333333	25704	-22302	
42472.59375	30240	-27216	
42472.6041666667	32508	-29484	
42472.6145833333	15876	-12474	
42472.625	11718	-7938	
42472.6354166667	20034	-17388	
42472.6458333333	29484	-27594	
42472.65625	35910	-34776	
42472.6666666667	29862	-27783	
42472.6770833333	10584	-7938	
42472.6875	7560	-3591	
42472.6979166667	9450	-5292	
42473.375	7560	-4158	
42473.3854166667	7938	-4536	
42473.3958333333	10206	-6615	
42473.40625	10206	-6426	
42473.4166666667	14742	-10584	
42473.4270833333	16632	-12474	
42473.4375	27972	-23814	
42473.4479166667	32508	-27594	
42473.4583333333	12096	-7371	
42473.46875	8694	-5292	
42473.4791666667	10206	-8694	
42473.4895833333	17388	-15498	
42473.5	29106	-27216	
42473.5104166667	33264	-31752	
42473.5208333333	37422	-35910	
42473.53125	33264	-31563	
42473.5416666667	30240	-27972	
42473.5520833333	26460	-23436	
42473.5625	16632	-10584	
42473.5729166667	11718	-1890	
42473.5833333333	12852	-378	
42473.59375	16254	-4347	
42473.6041666667	15120	-5670	
42473.6145833333	15498	-7560	
42473.625	13986	-9828	
42473.6354166667	17388	-15120	
42473.6458333333	21546	-19278	
42473.65625	21546	-19656	
42473.6666666667	13986	-12474	
42473.6770833333	11718	-10206	
42473.6875	12096	-10584	
42473.6979166667	13230	-11151	
42474.375	2646	-1701	
42474.3854166667	1134	0	
42474.3958333333	1512	-378	
42474.40625	1512	-378	
42474.4166666667	1512	-378	
42474.4270833333	1890	-378	
42474.4375	1134	756	
42474.4479166667	2268	-378	
42474.4583333333	2646	-1134	
42474.46875	3024	-1323	
42474.4791666667	5292	-3402	
42474.4895833333	9828	-7182	
42474.5	12474	-10206	
42474.5104166667	15498	-13419	
42474.5208333333	26082	-24192	
42474.53125	33264	-30240	
42474.5416666667	24570	-21546	
42474.5520833333	7938	-4914	
42474.5625	9072	-4725	
42474.5729166667	12474	-6237	
42474.5833333333	18144	-11718	
42474.59375	26082	-20412	
42474.6041666667	26082	-21546	
42474.6145833333	12474	-8316	
42474.625	8694	-5292	
42474.6354166667	13230	-9828	
42474.6458333333	15876	-12663	
42474.65625	16632	-13419	
42474.6666666667	19656	-16632	
42474.6770833333	16254	-13230	
42474.6875	10206	-6993	
42474.6979166667	8316	-4914	
42475.375	1890	0	
42475.3854166667	1890	0	
42475.3958333333	4536	-3024	
42475.40625	3402	-1512	
42475.4166666667	2646	-756	
42475.4270833333	1890	378	
42475.4375	1890	0	
42475.4479166667	1890	756	
42475.4583333333	1890	1134	
42475.46875	3402	-567	
42475.4791666667	3402	-756	
42475.4895833333	3402	-1323	
42475.5	3402	-1512	
42475.5104166667	3402	-1890	
42475.5208333333	3402	-2268	
42475.53125	4158	-3024	
42475.5416666667	3402	-1890	
42475.5520833333	3402	-1890	
42475.5625	3402	-2268	
42475.5729166667	3402	-2268	
42475.5833333333	2646	-1512	
42475.59375	2646	-1134	
42475.6041666667	3402	-756	
42475.6145833333	1890	378	
42475.625	1890	945	
42475.6354166667	1890	1134	
42475.6458333333	2268	756	
42475.65625	2268	189	
42475.6666666667	1890	0	
42475.6770833333	1890	0	
42475.6875	1512	378	
42475.6979166667	1512	0	
42478.375	2646	-756	
42478.3854166667	2646	-756	
42478.3958333333	3024	-1134	
42478.40625	2646	-1512	
42478.4166666667	4158	-2646	
42478.4270833333	4158	-2835	
42478.4375	3780	-1890	
42478.4479166667	4158	-2079	
42478.4583333333	4158	-1890	
42478.46875	5292	-3024	
42478.4791666667	5292	-3024	
42478.4895833333	6804	-4536	
42478.5	12096	-9828	
42478.5104166667	20034	-17766	
42478.5208333333	13230	-5859	
42478.53125	18144	-13230	
42478.5416666667	31374	-25704	
42478.5520833333	27972	-22680	
42478.5625	8316	-756	
42478.5729166667	7182	4158	
42478.5833333333	12474	378	
42478.59375	12096	2835	
42478.6041666667	9450	4158	
42478.6145833333	10962	-2646	
42478.625	12096	-4536	
42478.6354166667	17388	-8316	
42478.6458333333	23058	-13986	
42478.65625	19278	-10584	
42478.6666666667	8694	-2268	
42478.6770833333	6426	-378	
42478.6875	9072	-1890	
42478.6979166667	16254	-8127	
42479.375	12096	-3024	
42479.3854166667	13230	-7182	
42479.3958333333	24948	-18522	
42479.40625	25704	-18144	
42479.4166666667	14364	-6804	
42479.4270833333	11718	-4347	
42479.4375	20412	-8694	
42479.4479166667	30618	-20790	
42479.4583333333	29106	-22302	
42479.46875	11718	-8694	
42479.4791666667	7938	-5292	
42479.4895833333	18144	-15309	
42479.5	27216	-24570	
42479.5104166667	34020	-29862	
42479.5208333333	35532	-32130	
42479.53125	32886	-28539	
42479.5416666667	22302	-15498	
42479.5520833333	11718	-2646	
42479.5625	12474	-1890	
42479.5729166667	23814	-10584	
42479.5833333333	33642	-19278	
42479.59375	35910	-21546	
42479.6041666667	34776	-20790	
42479.6145833333	20412	-6804	
42479.625	12474	2646	
42479.6354166667	20790	5292	
42479.6458333333	32508	-7182	
42479.65625	34398	-16443	
42479.6666666667	32886	-14175	
42479.6770833333	24948	-5292	
42479.6875	9450	13986	
42479.6979166667	6426	17010	
42480.375	4158	0	
42480.3854166667	4536	-378	
42480.3958333333	5292	-756	
42480.40625	6804	-1890	
42480.4166666667	12096	-6804	
42480.4270833333	12852	-7938	
42480.4375	15120	-10206	
42480.4479166667	21924	-13986	
42480.4583333333	23814	-14553	
42480.46875	10962	-1134	
42480.4791666667	9828	-4536	
42480.4895833333	20412	-15687	
42480.5	21546	-18522	
42480.5104166667	14364	-11340	
42480.5208333333	14364	-11718	
42480.53125	25704	-23058	
42480.5416666667	31374	-28728	
42480.5520833333	32508	-27216	
42480.5625	15498	-5670	
42480.5729166667	8694	3402	
42480.5833333333	12852	567	
42480.59375	13986	1512	
42480.6041666667	15498	-2268	
42480.6145833333	13230	-3024	
42480.625	11340	-2646	
42480.6354166667	13986	-5670	
42480.6458333333	21546	-13230	
42480.65625	23058	-15120	
42480.6666666667	10206	-378	
42480.6770833333	8694	189	
42480.6875	11340	-2457	
42480.6979166667	12096	-3213	
42481.375	9072	-7560	
42481.3854166667	9072	-7938	
42481.3958333333	10206	-9072	
42481.40625	7938	-6804	
42481.4166666667	9450	-7938	
42481.4270833333	12096	-10584	
42481.4375	12852	-10962	
42481.4479166667	12474	-10584	
42481.4583333333	12096	-10206	
42481.46875	9450	-7560	
42481.4791666667	11718	-9828	
42481.4895833333	15120	-12285	
42481.5	29862	-25704	
42481.5104166667	34398	-30240	
42481.5208333333	34776	-31752	
42481.53125	28728	-25704	
42481.5416666667	23814	-20790	
42481.5520833333	15120	-8883	
42481.5625	14364	-7938	
42481.5729166667	21924	-19845	
42481.5833333333	28728	-26460	
42481.59375	33264	-31185	
42481.6041666667	28728	-26838	
42481.6145833333	8694	-6804	
42481.625	7938	-6048	
42481.6354166667	14364	-11151	
42481.6458333333	22680	-18711	
42481.65625	31374	-25704	
42481.6666666667	31752	-25704	
42481.6770833333	19656	-11718	
42481.6875	7182	4158	
42481.6979166667	8694	4914	
42482.375	14742	-10206	
42482.3854166667	22680	-19278	
42482.3958333333	30618	-27216	
42482.40625	24192	-19656	
42482.4166666667	7938	1890	
42482.4270833333	7938	1890	
42482.4375	10584	-7938	
42482.4479166667	11718	-9072	
42482.4583333333	11718	-2646	
42482.46875	12474	4914	
42482.4791666667	13608	17766	
42482.4895833333	15120	12474	
42482.5	14742	-6048	
42482.5104166667	13986	-8505	
42482.5208333333	14364	-9261	
42482.53125	13608	-10017	
42482.5416666667	13230	-9639	
42482.5520833333	12852	-7938	
42482.5625	13608	-8694	
42482.5729166667	13608	-8694	
42482.5833333333	12474	-7938	
42482.59375	12852	-9072	
42482.6041666667	12852	-9072	
42482.6145833333	6048	-2268	
42482.625	6048	-3024	
42482.6354166667	5670	-2646	
42482.6458333333	4536	-1512	
42482.65625	4158	-2268	
42482.6666666667	3024	-1134	
42482.6770833333	2268	-378	
42482.6875	1890	-189	
42482.6979166667	1512	0	
42485.375	756	14742	
42485.3854166667	1134	14931	
42485.3958333333	378	15687	
42485.40625	1134	10584	
42485.4166666667	1134	4158	
42485.4270833333	30996	-28350	
42485.4375	34020	-32508	
42485.4479166667	30996	-29862	
42485.4583333333	32508	-31374	
42485.46875	32130	-30996	
42485.4791666667	31752	-30429	
42485.4895833333	30240	-28728	
42485.5	29484	-27972	
42485.5104166667	30996	-29862	
42485.5208333333	32130	-30996	
42485.53125	32130	-28917	
42485.5416666667	28728	-21357	
42485.5520833333	28728	-18144	
42485.5625	27216	-12474	
42485.5729166667	24570	4914	
42485.5833333333	22680	6804	
42485.59375	12852	756	
42485.6041666667	6426	-6426	
42485.6145833333	25704	-25704	
42485.625	27594	-27972	
42485.6354166667	24570	-24948	
42485.6458333333	23058	-23436	
42485.65625	20412	-20412	
42485.6666666667	19656	-18522	
42485.6770833333	18144	-17010	
42485.6875	13986	-12852	
42485.6979166667	5292	-3780	
42486.375	28728	-8316	
42486.3854166667	27216	-4536	
42486.3958333333	21924	3024	
42486.4166666667	8694	4536	
42486.4270833333	26460	-15498	
42486.4375	29106	-17577	
42486.4479166667	22680	-10584	
42486.4583333333	10584	4536	
42486.46875	7938	9072	
42486.4791666667	17766	-756	
42486.4895833333	32130	-19656	
42486.5	34020	-19278	
42486.5104166667	30996	-14742	
42486.5208333333	26838	-11718	
42486.53125	17388	-2268	
42486.5416666667	8694	5292	
42486.5520833333	11718	1134	
42486.5625	25704	-11340	
42486.5729166667	30996	-16065	
42486.5833333333	32508	378	
42486.59375	31752	1134	
42486.6041666667	28350	378	
42486.6145833333	21924	6048	
42486.625	13986	11529	
42486.6354166667	23058	-7938	
42486.6458333333	32508	-29862	
42486.65625	32508	-29484	
42486.6666666667	31374	-27972	
42486.6770833333	24570	-21168	
42486.6875	19278	-17766	
42486.6979166667	8694	-7182	
42487.375	30996	-21546	
42487.3854166667	31752	-21924	
42487.3958333333	26082	-15498	
42487.40625	13230	-2646	
42487.4166666667	22680	-4536	
42487.4270833333	34776	-7560	
42487.4375	35154	-9261	
42487.4479166667	25326	-13986	
42487.4583333333	13986	-5670	
42487.46875	8316	378	
42487.4791666667	22680	-11907	
42487.4895833333	27972	-14175	
42487.5	24570	-9639	
42487.5104166667	30996	-17388	
42487.5208333333	33642	-20034	
42487.53125	34776	-16254	
42487.5416666667	30240	-15120	
42487.5520833333	17766	-8316	
42487.5625	12474	-7560	
42487.5729166667	18900	-14364	
42487.5833333333	27972	-20790	
42487.59375	29862	-19656	
42487.6041666667	18522	-8316	
42487.6145833333	9450	-1890	
42487.625	12096	-4158	
42487.6354166667	23436	-15498	
42487.6458333333	25326	-378	
42487.65625	22302	3780	
42487.6666666667	14742	16065	
42487.6770833333	6804	23625	
42487.6875	12852	18900	
42487.6979166667	18900	14742	
42488.375	17010	-12096	
42488.3854166667	24192	-12096	
42488.3958333333	25326	-13230	
42488.40625	21546	-10017	
42488.4166666667	17010	-5481	
42488.4270833333	9072	4158	
42488.4375	5292	8505	
42488.4479166667	12096	1890	
42488.4583333333	12852	1134	
42488.46875	13608	5859	
42488.4791666667	13608	2646	
42488.4895833333	18144	-2268	
42488.5	32508	-15876	
42488.5104166667	34398	-11340	
42488.5208333333	35532	-11718	
42488.53125	33264	-8694	
42488.5416666667	25326	-4914	
42488.5520833333	12474	8127	
42488.5625	13230	10584	
42488.5729166667	25704	2079	
42488.5833333333	34398	-1890	
42488.59375	37044	-3780	
42488.6041666667	27594	4536	
42488.6145833333	15498	15309	
42488.625	10206	18900	
42488.6354166667	22680	7182	
42488.6458333333	34020	-567	
42488.65625	33264	567	
42488.6666666667	27594	6048	
42488.6770833333	11718	13230	
42488.6875	6048	7938	
42488.6979166667	17388	-7560	
42489.375	29484	-15876	
42489.3854166667	16254	-1323	
42489.3958333333	10206	3024	
42489.40625	26460	-13986	
42489.4166666667	29484	-17010	
42489.4270833333	24948	-11151	
42489.4375	13986	3402	
42489.4479166667	7182	16254	
42489.4583333333	13608	9072	
42489.46875	23814	5292	
42489.4791666667	30240	567	
42489.4895833333	21924	3402	
42489.5	9450	3402	
42489.5104166667	12852	-756	
42489.5208333333	21924	-9450	
42489.53125	27972	-15120	
42489.5416666667	20412	-7560	
42489.5520833333	9450	3780	
42489.5625	13230	-378	
42489.5729166667	21924	-9072	
42489.6145833333	6048	13230	
42489.6770833333	3780	-3024	
42489.6875	3024	-1890	
42489.6979166667	3024	-1512	
42492.375	12096	-10206	
42492.3854166667	13230	-11718	
42492.3958333333	18900	-17766	
42492.40625	15120	-14364	
42492.4166666667	9450	-8694	
42492.4270833333	8694	-7938	
42492.4375	10584	-9828	
42492.4479166667	10206	-8694	
42492.4583333333	9828	-7938	
42492.46875	12096	-9828	
42492.4791666667	10584	-8316	
42492.4895833333	23058	-18522	
42492.5	28350	-23814	
42492.5104166667	18144	-11907	
42492.5208333333	9450	-2646	
42492.53125	7560	-756	
42492.5416666667	12474	-5670	
42492.5520833333	13986	-7938	
42492.5625	18522	-13608	
42492.5729166667	22680	-18900	
42492.5833333333	18522	-17010	
42492.59375	9450	-8316	
42492.6041666667	13986	-9450	
42492.6145833333	25326	-21546	
42492.625	25326	-24192	
42492.6354166667	20034	-17199	
42492.6458333333	12852	-10017	
42492.65625	7182	-4347	
42492.6666666667	4914	-2457	
42492.6770833333	8316	-6426	
42492.6875	9450	-7938	
42492.6979166667	9450	-7938	
42494.375	7938	-3591	
42494.3854166667	7182	-2268	
42494.3958333333	5670	378	
42494.40625	5670	1701	
42494.4166666667	8694	1890	
42494.4270833333	5292	11340	
42494.4375	6048	13230	
42494.4479166667	7560	3780	
42494.4583333333	5292	2457	
42494.46875	5292	3213	
42494.4791666667	7938	3780	
42494.4895833333	7938	6804	
42494.5	8694	7371	
42494.5104166667	8694	11718	
42494.5208333333	9072	16632	
42494.53125	8694	20223	
42494.5416666667	10584	16632	
42494.5520833333	10962	1512	
42494.5625	11340	-2079	
42494.5729166667	9828	-2646	
42494.5833333333	9072	1701	
42494.59375	9072	3024	
42494.6041666667	9828	2268	
42494.6145833333	11340	756	
42494.625	9072	3213	
42494.6354166667	9072	13986	
42494.6458333333	9828	12852	
42494.65625	10206	8316	
42494.6666666667	11340	14364	
42494.6770833333	9828	6804	
42494.6875	9072	9828	
42494.6979166667	9072	19656	
42495.375	4158	9828	
42495.3854166667	3402	15120	
42495.3958333333	3780	17766	
42495.40625	5670	7938	
42495.4166666667	6048	6426	
42495.4270833333	7182	6048	
42495.4375	9828	3402	
42495.4479166667	11340	1890	
42495.4583333333	12852	378	
42495.46875	13608	189	
42495.4791666667	20412	-4914	
42495.4895833333	28350	-10206	
42495.5	25326	-4347	
42495.5104166667	9828	13986	
42495.5208333333	13230	9828	
42495.53125	12852	8694	
42495.5416666667	12852	7749	
42495.5520833333	12096	8127	
42495.5625	12096	6426	
42495.5729166667	13230	9450	
42495.5833333333	15498	10773	
42495.59375	15120	12096	
42495.6041666667	14742	2079	
42495.6145833333	15498	1134	
42495.625	16254	756	
42495.6354166667	22302	-1701	
42495.6458333333	16632	7560	
42495.65625	12852	15498	
42495.6666666667	19278	7938	
42495.6770833333	26082	-3213	
42495.6875	18522	-1890	
42495.6979166667	9450	2268	
42496.375	5670	4158	
42496.3854166667	5670	3024	
42496.3958333333	5670	3591	
42496.40625	6048	3213	
42496.4166666667	6048	3780	
42496.4270833333	7938	5670	
42496.4375	6426	8883	
42496.4479166667	7938	7560	
42496.4583333333	8694	8694	
42496.46875	9828	3780	
42496.4791666667	9072	12852	
42496.4895833333	9828	5103	
42496.5	12096	945	
42496.5104166667	13608	-756	
42496.5208333333	12474	1134	
42496.53125	12852	756	
42496.5416666667	18144	-5103	
42496.5520833333	31752	-18900	
42496.5625	35910	-23058	
42496.5729166667	35532	-22680	
42496.5833333333	35532	-22680	
42496.59375	33264	-20412	
42496.6041666667	32508	-23058	
42496.6145833333	15498	-9450	
42496.625	14364	-7938	
42496.6354166667	11340	-4536	
42496.6458333333	6048	756	
42496.65625	3402	1890	
42496.6666666667	1890	3024	
42496.6770833333	378	3402	
42496.6875	-756	3780	
42496.6979166667	-1890	4914	
42499.375	27216	-13608	
42499.3854166667	14742	-9261	
42499.3958333333	18144	-10206	
42499.40625	32508	-24570	
42499.4166666667	31752	-16632	
42499.4270833333	27594	-5670	
42499.4375	13608	9072	
42499.4479166667	13986	8694	
42499.4583333333	31752	-11718	
42499.46875	34020	-20412	
42499.4791666667	29862	-13986	
42499.4895833333	21168	-5670	
42499.5	12474	3024	
42499.5104166667	26460	-20412	
42499.5208333333	32508	-25326	
42499.53125	32508	-13986	
42499.5416666667	24192	-11340	
42499.5520833333	10962	10962	
42499.5625	14364	11529	
42499.5729166667	30996	-5103	
42499.5833333333	32508	-8883	
42499.59375	24948	-11718	
42499.6041666667	11718	1512	
42499.6145833333	15120	10962	
42499.625	30996	-4347	
42499.6354166667	29106	2268	
42499.6458333333	24570	4725	
42499.65625	10962	17577	
42499.6666666667	12852	14364	
42499.6770833333	30240	-2646	
42499.6875	27594	-756	
42499.6979166667	25326	-4536	
42500.375	10962	13041	
42500.3854166667	23814	-378	
42500.3958333333	28350	-9072	
42500.40625	23058	-16632	
42500.4166666667	9450	-1890	
42500.4270833333	12096	-5103	
42500.4375	27594	-19089	
42500.4479166667	29862	-19656	
42500.4583333333	26460	-14175	
42500.46875	14742	-2079	
42500.4791666667	9450	3024	
42500.4895833333	19656	-10206	
42500.5104166667	27594	-21546	
42500.5208333333	14742	756	
42500.53125	8316	5292	
42500.5416666667	11718	1512	
42500.5520833333	19656	-6804	
42500.5625	25704	-13230	
42500.5729166667	23814	-15498	
42500.6979166667	13986	-378	
42501.375	7938	12285	
42501.3854166667	7938	7938	
42501.3958333333	7182	11718	
42501.40625	7182	14364	
42501.4166666667	8694	17010	
42501.4270833333	8316	22302	
42501.4375	7560	21924	
42501.4479166667	7560	12285	
42501.4583333333	7560	9828	
42501.46875	8694	16254	
42501.4791666667	9450	20412	
42501.4895833333	9450	17766	
42501.5	9450	7560	
42501.5104166667	9450	3402	
42501.5208333333	9450	3591	
42501.53125	10206	15498	
42501.5416666667	10206	20412	
42501.5520833333	10206	22680	
42501.5625	16632	17577	
42501.5729166667	15876	17577	
42501.5833333333	12096	21168	
42501.59375	11340	17199	
42501.6041666667	4914	29862	
42501.6145833333	3024	31752	
42501.625	4536	29862	
42501.6354166667	6804	28161	
42501.6458333333	8316	27216	
42501.65625	12852	22680	
42501.6666666667	13608	21168	
42501.6770833333	8316	26271	
42501.6875	3780	30618	
42501.6979166667	5292	29106	
42502.375	6048	11718	
42502.3854166667	6426	17766	
42502.3958333333	7182	3780	
42502.40625	7938	3024	
42502.4166666667	8316	1512	
42502.4270833333	8316	2835	
42502.4375	8316	3969	
42502.4479166667	7560	5292	
42502.4583333333	9072	4536	
42502.46875	8694	5292	
42502.4791666667	5292	10395	
42502.4895833333	4914	10962	
42502.5	4914	10962	
42502.5104166667	4158	9828	
42502.5208333333	3780	10017	
42502.53125	4536	7938	
42502.5416666667	4536	3213	
42502.5520833333	4536	7938	
42502.5625	4536	12096	
42502.5729166667	6426	10962	
42502.5833333333	7560	10584	
42502.59375	7182	14553	
42502.6041666667	3402	11907	
42502.6145833333	1890	14742	
42502.625	5292	11340	
42502.6354166667	7560	10584	
42502.6458333333	7182	13419	
42502.65625	3402	18144	
42502.6666666667	1134	23058	
42502.6770833333	3024	15876	
42502.6875	5292	9261	
42502.6979166667	4914	4914	
42503.375	18144	-4536	
42503.3854166667	9450	5292	
42503.3958333333	8316	6426	
42503.40625	13230	-756	
42503.4166666667	16632	-1701	
42503.4270833333	10962	3024	
42503.4375	7182	6048	
42503.4479166667	10206	3780	
42503.4583333333	17010	-3402	
42503.46875	15498	8316	
42503.4791666667	7938	13986	
42503.4895833333	8316	4347	
42503.5	16254	-3402	
42503.5104166667	17010	-4536	
42503.5208333333	8694	4158	
42503.53125	4158	9450	
42503.5416666667	8694	4914	
42503.5520833333	15498	-1890	
42503.5625	15498	-2268	
42503.5729166667	7938	14553	
42503.5833333333	1512	21546	
42503.59375	6426	21357	
42503.6041666667	12096	4536	
42503.6145833333	5292	6615	
42503.625	5670	3591	
42503.6354166667	4914	2079	
42503.6458333333	4158	2268	
42503.65625	3780	1323	
42503.6666666667	3024	567	
42503.6770833333	2646	-189	
42503.6875	1890	-1512	
42503.6979166667	1512	-2268	
42506.375	15120	-12663	
42506.3854166667	9072	-6426	
42506.3958333333	14364	-12096	
42506.40625	26082	-23814	
42506.4166666667	29484	-27216	
42506.4270833333	18900	-16632	
42506.4375	9450	-6804	
42506.4479166667	14364	-11718	
42506.4583333333	20412	-17955	
42506.46875	26082	-23814	
42506.4791666667	15498	-13230	
42506.4895833333	12096	-9828	
42506.5	19656	-17388	
42506.5104166667	25326	-23058	
42506.5208333333	17010	-14364	
42506.53125	13230	-5670	
42506.5416666667	19656	-9828	
42506.5520833333	27216	-16632	
42506.5625	18144	-7371	
42506.5729166667	11718	756	
42506.5833333333	13986	3402	
42506.59375	19278	-5670	
42506.6041666667	23436	-11340	
42506.6145833333	25326	-16254	
42506.625	10206	-2646	
42506.6354166667	9450	0	
42506.6458333333	12852	-3024	
42506.65625	15876	-10584	
42506.6666666667	18900	-12852	
42506.6770833333	14742	-9072	
42506.6875	9450	-2646	
42506.6979166667	14364	-6237	
42507.375	6426	0	
42507.3854166667	5670	756	
42507.3958333333	4914	3213	
42507.40625	4914	1890	
42507.4166666667	4536	3402	
42507.4270833333	3780	4158	
42507.4375	4158	4914	
42507.4479166667	4158	3024	
42507.4583333333	4158	4536	
42507.46875	4158	3780	
42507.4791666667	3402	4536	
42507.4895833333	3780	8694	
42507.5	3780	3402	
42507.5104166667	4158	3780	
42507.5208333333	4914	10206	
42507.53125	4914	9639	
42507.5416666667	4914	7182	
42507.5520833333	4914	7182	
42507.5625	4914	7182	
42507.5729166667	6048	6804	
42507.5833333333	6048	8316	
42507.59375	6048	6048	
42507.6041666667	6048	9261	
42507.6145833333	6804	8694	
42507.625	9072	7938	
42507.6354166667	12474	10962	
42507.6458333333	7938	18144	
42507.65625	4158	20412	
42507.6666666667	5292	13608	
42507.6770833333	7560	11340	
42507.6875	8694	12096	
42507.6979166667	4536	6804	
42508.375	1890	6048	
42508.3854166667	1890	5292	
42508.3958333333	2268	3402	
42508.40625	2268	2646	
42508.4166666667	4536	1134	
42508.4270833333	2268	10395	
42508.4375	2268	5292	
42508.4479166667	4158	3402	
42508.4583333333	4158	1323	
42508.46875	3780	1890	
42508.4791666667	3780	2268	
42508.4895833333	3780	-378	
42508.5	2646	0	
42508.5104166667	4158	-1134	
42508.5208333333	3402	-378	
42508.53125	4914	-3024	
42508.5416666667	4536	-1890	
42508.5520833333	5292	-2646	
42508.5625	5670	-3024	
42508.5729166667	4158	-1134	
42508.5833333333	3402	5670	
42508.59375	3402	6804	
42508.6041666667	4914	-2079	
42508.6145833333	5670	756	
42508.625	3024	5859	
42508.6354166667	1890	7182	
42508.6458333333	2646	7182	
42508.65625	3402	6804	
42508.6666666667	4158	5670	
42508.6770833333	2268	6804	
42508.6875	1512	7371	
42508.6979166667	1890	7182	
42509.375	3402	378	
42509.3854166667	3402	-1323	
42509.3958333333	3024	-1512	
42509.40625	3024	-1512	
42509.4166666667	2646	-756	
42509.4270833333	2646	-756	
42509.4375	2646	-756	
42509.4479166667	2646	-756	
42509.4583333333	2646	-756	
42509.46875	2646	-756	
42509.4791666667	2646	0	
42509.4895833333	2268	756	
42509.5	2268	-756	
42509.5104166667	1890	-378	
42509.5208333333	2646	945	
42509.53125	2646	-756	
42509.5416666667	2646	-378	
42509.5520833333	2646	-756	
42509.5625	2646	-567	
42509.5833333333	2268	0	
42509.59375	2268	-1134	
42509.6041666667	1890	-567	
42509.6145833333	1512	0	
42509.625	1890	378	
42509.6354166667	2268	378	
42509.6458333333	2268	1134	
42509.6666666667	2646	1134	
42509.6770833333	2646	1701	
42509.6875	3024	4725	
42509.6979166667	3024	4914	
42510.375	1134	4158	
42510.3854166667	4158	945	
42510.3958333333	26838	-21168	
42510.40625	29862	-24948	
42510.4166666667	24570	-19656	
42510.4270833333	21168	-16254	
42510.4375	24570	-19467	
42510.4479166667	24570	-16443	
42510.4583333333	24570	-17577	
42510.46875	26082	-17388	
42510.4791666667	23814	-15876	
42510.4895833333	23814	-16632	
42510.5	23814	-16443	
42510.5104166667	25326	-21924	
42510.5208333333	20790	-16254	
42510.53125	16254	-11718	
42510.5416666667	13230	-8316	
42510.5520833333	19656	-14553	
42510.5625	21168	-14742	
42510.5729166667	21168	-15876	
42510.5833333333	20412	-15498	
42510.59375	19656	-15120	
42510.6041666667	20790	-16632	
42510.6145833333	23436	-19656	
42510.625	23436	-20034	
42510.6354166667	25704	-22491	
42510.6458333333	22680	-19656	
42510.65625	21924	-19845	
42510.6666666667	22680	-20412	
42510.6770833333	21168	-19278	
42510.6875	20034	-18144	
42510.6979166667	17388	-15687	
42514.375	3402	19656	
42514.3854166667	3402	19467	
42514.3958333333	3402	19656	
42514.40625	3402	10962	
42514.4166666667	3780	5103	
42514.4270833333	4158	4914	
42514.4375	4914	7182	
42514.4479166667	4914	22113	
42514.4583333333	4914	21546	
42514.46875	4536	12852	
42514.4791666667	4536	10206	
42514.4895833333	4536	10017	
42514.5	4536	19089	
42514.5104166667	4914	17388	
42514.5208333333	5670	10395	
42514.53125	7938	2268	
42514.5416666667	7182	4536	
42514.5520833333	4914	14742	
42514.5625	2646	21168	
42514.5729166667	5292	18522	
42514.5833333333	5670	6426	
42514.59375	6804	5292	
42514.6041666667	3402	13230	
42514.6145833333	1512	23814	
42514.625	3402	21924	
42514.6354166667	4914	7182	
42514.6458333333	4914	7182	
42514.65625	4914	10962	
42514.6666666667	1134	14742	
42514.6770833333	1134	13608	
42514.6875	4158	9828	
42514.6979166667	4914	8883	
42515.4166666667	9072	18900	
42515.4270833333	7938	26460	
42515.4375	5670	28539	
42515.4479166667	2646	29862	
42515.4583333333	1890	30429	
42515.46875	3780	23247	
42515.4791666667	5670	19467	
42515.4895833333	7560	21735	
42515.5	5670	14742	
42515.5104166667	4158	8883	
42515.5208333333	756	12474	
42515.53125	756	14742	
42515.5416666667	5292	22869	
42515.5520833333	9072	23436	
42515.5625	8316	25893	
42515.5729166667	6426	28161	
42515.5833333333	6426	16632	
42515.59375	5292	17766	
42515.6041666667	2646	20034	
42515.6145833333	756	18900	
42515.625	4914	15687	
42515.6354166667	6048	15309	
42515.6458333333	5670	17577	
42515.65625	4536	19089	
42515.6666666667	4914	28728	
42515.6770833333	4536	29484	
42515.6875	1134	32886	
42515.6979166667	378	33642	
42516.375	3402	3024	
42516.3854166667	3402	3402	
42516.3958333333	3402	7560	
42516.40625	2646	10017	
42516.4166666667	2646	8316	
42516.4270833333	3402	3780	
42516.4375	3402	3780	
42516.4479166667	3402	9261	
42516.4583333333	3402	9450	
42516.46875	3402	9450	
42516.4791666667	3402	-189	
42516.4895833333	3402	-1512	
42516.5	3402	-1512	
42516.5104166667	3402	-1512	
42516.5208333333	3402	-1701	
42516.53125	3402	-1512	
42516.5416666667	3780	-1890	
42516.5520833333	3024	-1134	
42516.5625	3024	-1134	
42516.5729166667	3780	-1512	
42516.5833333333	2646	-378	
42516.59375	2268	0	
42516.6041666667	3402	-1134	
42516.6145833333	4158	2268	
42516.625	3780	3969	
42516.6354166667	3402	4536	
42516.6458333333	3402	8505	
42516.65625	3402	7560	
42516.6666666667	2646	5292	
42516.6770833333	2646	6993	
42516.6875	3024	8505	
42516.6979166667	2268	10962	
42517.375	4158	1323	
42517.3854166667	3780	1512	
42517.3958333333	3780	1512	
42517.40625	3024	2646	
42517.4166666667	3402	2268	
42517.4270833333	3402	2079	
42517.4375	3402	1890	
42517.4479166667	3402	756	
42517.4583333333	3402	-189	
42517.46875	3402	-378	
42517.4791666667	3024	-756	
42517.4895833333	3024	-756	
42517.5	3402	-1134	
42517.5104166667	2646	0	
42517.5208333333	2646	-378	
42517.53125	2646	-567	
42517.5416666667	2646	0	
42517.5520833333	3402	-756	
42517.5625	3402	-378	
42517.5729166667	3402	-756	
42517.5833333333	3024	-378	
42517.59375	3024	-378	
42517.6041666667	3024	-378	
42517.6145833333	2268	-756	
42517.625	2268	-945	
42517.6354166667	2646	-1512	
42517.6458333333	2646	-1512	
42517.65625	1890	-756	
42517.6666666667	1890	-945	
42517.6770833333	1890	5292	
42517.6875	1890	4914	
42517.6979166667	1890	4158	
42520.375	9450	4725	
42520.3854166667	7182	6426	
42520.3958333333	5670	7938	
42520.40625	9072	4347	
42520.4166666667	8694	3402	
42520.4270833333	8694	1134	
42520.4375	5670	7371	
42520.4479166667	5670	8127	
42520.4583333333	8316	4914	
42520.46875	9450	6048	
42520.4791666667	7938	1134	
42520.4895833333	4914	4158	
42520.5	7938	9828	
42520.5104166667	10962	8505	
42520.5208333333	10962	12285	
42520.53125	4914	10584	
42520.5416666667	4158	7749	
42520.5520833333	6426	8316	
42520.5625	8694	11718	
42520.5729166667	9072	2079	
42520.5833333333	5670	756	
42520.59375	4536	7182	
42520.6041666667	5670	6426	
42520.6145833333	8694	4914	
42520.625	9072	17010	
42520.6354166667	7182	18900	
42520.6458333333	4158	19656	
42520.65625	4536	15120	
42520.6666666667	9450	3402	
42520.6770833333	9450	4536	
42520.6875	7182	6804	
42520.6979166667	2646	11340	
42521.375	3024	12663	
42521.3854166667	5292	15876	
42521.3958333333	6048	14553	
42521.40625	5670	756	
42521.4166666667	5670	378	
42521.4270833333	6426	567	
42521.4375	8316	0	
42521.4479166667	9450	-756	
42521.4583333333	7938	1890	
42521.46875	3402	3780	
42521.4791666667	3402	3780	
42521.4895833333	4158	3024	
42521.5	5292	1890	
42521.5104166667	5670	9072	
42521.5208333333	5292	9828	
42521.53125	3402	7938	
42521.5416666667	1890	6804	
42521.5520833333	3780	7938	
42521.5625	5670	7560	
42521.5729166667	6426	19278	
42521.5833333333	4914	27216	
42521.59375	1890	30240	
42521.6041666667	1890	26649	
42521.6145833333	4536	20979	
42521.625	4914	18144	
42521.6354166667	5292	17766	
42521.6458333333	4158	18900	
42521.65625	1512	29862	
42521.6666666667	1890	4536	
42521.6770833333	3402	3969	
42521.6875	4158	3402	
42521.6979166667	1512	5670	
42522.375	1134	29106	
42522.3854166667	3402	19656	
42522.3958333333	3780	16632	
42522.40625	4158	19278	
42522.4166666667	6426	22302	
42522.4270833333	3780	25704	
42522.4375	4158	26460	
42522.4479166667	4914	20412	
42522.4583333333	4914	6237	
42522.46875	6048	8694	
42522.4791666667	8694	7938	
42522.4895833333	7182	14742	
42522.5	5292	7560	
42522.5104166667	1512	8505	
42522.5208333333	1134	9261	
42522.53125	4158	6237	
42522.5416666667	4536	13230	
42522.5520833333	5292	18144	
42522.5625	5670	18522	
42522.5729166667	3780	16065	
42522.5833333333	1134	10962	
42522.59375	2268	9072	
42522.6041666667	5292	0	
42522.6145833333	4914	0	
42522.625	4536	1512	
42522.6354166667	3024	5292	
42522.6458333333	0	10206	
42522.65625	2268	3780	
42522.6666666667	3402	6426	
42522.6770833333	3780	5670	
42522.6875	1134	7938	
42522.6979166667	378	9072	
42523.375	756	2646	
42523.3854166667	3780	-756	
42523.3958333333	3024	-378	
42523.40625	3024	-378	
42523.4166666667	3780	-1134	
42523.4270833333	3024	-378	
42523.4375	3024	-378	
42523.4479166667	3402	-378	
42523.4583333333	3402	-1134	
42523.46875	3402	-378	
42523.4791666667	3402	-378	
42523.4895833333	3402	0	
42523.5	3402	4914	
42523.5104166667	3402	9072	
42523.5208333333	3780	4725	
42523.53125	4158	0	
42523.5416666667	4914	7560	
42523.5520833333	4914	1890	
42523.5625	4914	-378	
42523.5729166667	4914	2646	
42523.5833333333	3780	5670	
42523.59375	4914	4536	
42523.6041666667	6426	3024	
42523.6145833333	8316	1512	
42523.625	7182	3024	
42523.6354166667	1890	10206	
42523.6458333333	3402	11340	
42523.65625	5670	7182	
42523.6666666667	6426	10206	
42523.6770833333	3402	14553	
42523.6875	756	15876	
42523.6979166667	4158	9450	
42524.375	-756	9072	
42524.3854166667	2268	3402	
42524.3958333333	2646	5670	
42524.40625	2268	6048	
42524.4166666667	3402	6426	
42524.4270833333	3780	4158	
42524.4375	4914	3780	
42524.4479166667	4536	3402	
42524.4583333333	4536	4158	
42524.46875	6048	5670	
42524.4791666667	5670	7371	
42524.4895833333	3024	11151	
42524.5	1890	11718	
42524.5104166667	3780	8694	
42524.5208333333	4158	8883	
42524.53125	4158	8883	
42524.5416666667	3024	10206	
42524.5520833333	1890	12852	
42524.5625	4158	9450	
42524.5729166667	4536	7938	
42524.5833333333	4158	1890	
42524.59375	1512	3402	
42524.6041666667	1890	2268	
42524.6145833333	1512	2268	
42524.625	2268	1512	
42524.6354166667	2268	1701	
42524.6458333333	2268	1512	
42524.65625	2268	756	
42524.6666666667	2268	0	
42524.6770833333	1890	0	
42524.6875	1890	0	
42524.6979166667	1512	189	
42527.375	4914	15876	
42527.3854166667	17766	-7938	
42527.3958333333	7560	378	
42527.40625	12096	-3780	
42527.4166666667	15876	6048	
42527.4270833333	23436	-1134	
42527.4375	22302	-945	
42527.4479166667	10962	9072	
42527.4583333333	9450	4158	
42527.46875	18900	-5292	
42527.4791666667	28728	756	
42527.4895833333	25704	3780	
42527.5	11718	16632	
42527.5104166667	7182	15876	
42527.5208333333	13608	-10017	
42527.53125	17388	-17388	
42527.5416666667	25704	-19278	
42527.5520833333	24570	-17010	
42527.5625	15498	-6804	
42527.5729166667	7560	-1890	
42527.5833333333	10206	-5103	
42527.59375	18900	-13230	
42527.6041666667	22302	-14742	
42527.6145833333	11718	-2646	
42527.625	5670	9450	
42527.6354166667	10962	5103	
42527.6458333333	20034	-10962	
42527.65625	14364	-4158	
42527.6666666667	7182	3024	
42527.6770833333	11718	-567	
42527.6875	18144	-9828	
42527.6979166667	16254	-10017	
42528.4166666667	9450	-1134	
42528.4270833333	14742	-6237	
42528.4375	18900	-8694	
42528.4479166667	12474	-189	
42528.4583333333	7938	4914	
42528.46875	10962	0	
42528.4791666667	12852	-1890	
42528.4895833333	15498	-7560	
42528.5	15876	-378	
42528.5104166667	8694	6804	
42528.5208333333	13986	-378	
42528.53125	21168	-13041	
42528.5416666667	18522	-10962	
42528.5520833333	6426	0	
42528.5625	5670	0	
42528.5729166667	9828	-4158	
42528.5833333333	16632	-10962	
42528.59375	7560	-1890	
42528.6041666667	5670	567	
42528.6145833333	15876	-1890	
42528.625	10584	-2079	
42528.6354166667	4914	756	
42528.6458333333	12474	-6804	
42528.65625	14742	-8316	
42528.6666666667	6048	8694	
42528.6770833333	3402	7560	
42528.6875	12474	-1890	
42528.6979166667	12474	-5292	
42529.375	1134	3024	
42529.3854166667	13986	-9828	
42529.3958333333	14742	-9828	
42529.40625	9072	-3402	
42529.4166666667	8694	-756	
42529.4270833333	8316	-378	
42529.4375	15498	-8694	
42529.4479166667	14742	-9072	
42529.4583333333	6804	2079	
42529.46875	4914	4914	
42529.4791666667	9450	1323	
42529.4895833333	12096	2457	
42529.5	10962	7182	
42529.5104166667	1890	8694	
42529.5208333333	378	12096	
42529.53125	4536	756	
42529.5416666667	8694	-3402	
42529.5520833333	7938	756	
42529.5625	6426	2268	
42529.5729166667	1890	5481	
42529.5833333333	2268	4158	
42529.59375	5670	189	
42529.6041666667	7560	-2268	
42529.6145833333	7182	-2268	
42529.625	4536	1890	
42529.6354166667	756	6048	
42529.6458333333	1134	6426	
42529.65625	4914	7938	
42529.6666666667	5292	7560	
42529.6770833333	5670	2646	
42529.6875	4158	1134	
42529.6979166667	756	4536	
42530.5	1890	10206	
42530.5104166667	7938	16632	
42530.5208333333	9450	15876	
42530.53125	8694	14364	
42530.5416666667	1890	19845	
42530.5520833333	3780	18333	
42530.5625	7938	20979	
42530.5729166667	7938	25326	
42530.5833333333	6804	28350	
42530.59375	3024	32130	
42530.6041666667	378	34776	
42530.6145833333	3402	25137	
42530.625	7938	25326	
42530.6354166667	4914	28350	
42530.6458333333	5670	29484	
42530.65625	4536	30429	
42530.6666666667	3402	28539	
42530.6770833333	0	27594	
42530.6875	2268	20034	
42530.6979166667	4914	10584	
42531.375	378	15876	
42531.3854166667	9072	7182	
42531.3958333333	12474	756	
42531.40625	11718	4914	
42531.4166666667	4158	8316	
42531.4270833333	1512	11718	
42531.4375	3402	15120	
42531.4479166667	5670	16254	
42531.4583333333	8694	13986	
42531.46875	8694	15120	
42531.4791666667	7560	19467	
42531.4895833333	2646	18144	
42531.5	1134	15120	
42531.5104166667	1512	10773	
42531.5208333333	2646	6804	
42531.53125	4536	5670	
42531.5416666667	6048	8694	
42531.5520833333	10206	10773	
42531.5625	8694	16632	
42531.5729166667	4158	27594	
42531.5833333333	1134	20601	
42531.59375	4158	12096	
42531.6041666667	8694	3213	
42531.6145833333	4536	6048	
42531.625	5292	2835	
42531.6354166667	4536	3213	
42531.6458333333	4158	1323	
42531.65625	3024	1134	
42531.6666666667	2646	378	
42531.6770833333	2268	189	
42531.6875	1890	-378	
42531.6979166667	1512	-567	
42534.375	4158	7182	
42534.3854166667	23814	-11151	
42534.3958333333	18144	-6048	
42534.40625	9072	3024	
42534.4166666667	20412	-1512	
42534.4270833333	28350	-6048	
42534.4375	25326	-3024	
42534.4479166667	23058	-6237	
42534.4583333333	10584	1701	
42534.46875	8694	7560	
42534.4791666667	25704	1512	
42534.4895833333	25704	2835	
42534.5	23814	567	
42534.5104166667	20412	-5859	
42534.5208333333	9072	4536	
42534.53125	10206	5292	
42534.5416666667	24948	2268	
42534.5520833333	22302	7182	
42534.5625	20412	9072	
42534.5729166667	20034	9261	
42534.5833333333	10584	18522	
42534.59375	5670	9072	
42534.6041666667	18144	-3402	
42534.6145833333	18522	-18522	
42534.625	17388	-2646	
42534.6354166667	15876	13608	
42534.6458333333	9450	20034	
42534.65625	4914	24192	
42534.6666666667	18900	10206	
42534.6770833333	19278	9828	
42534.6875	16254	12474	
42534.6979166667	16254	12474	
42535.375	7560	3402	
42535.3854166667	18144	-2268	
42535.3958333333	10206	2079	
42535.40625	5670	3402	
42535.4166666667	9828	-1323	
42535.4270833333	18900	-6804	
42535.4375	18900	-5292	
42535.4479166667	12474	189	
42535.4583333333	5670	6804	
42535.46875	5670	6048	
42535.4791666667	13608	-1890	
42535.4895833333	18522	-7371	
42535.5	15498	-3402	
42535.5104166667	8694	6048	
42535.5208333333	5292	8505	
42535.53125	12096	1323	
42535.5416666667	18900	-5670	
42535.5520833333	16254	-3024	
42535.5625	12852	6426	
42535.5729166667	5670	6426	
42535.5833333333	7938	24192	
42535.59375	13230	18900	
42535.6041666667	14742	10584	
42535.6145833333	10584	14742	
42535.625	11340	17388	
42535.6354166667	5292	28728	
42535.6458333333	1134	32886	
42535.65625	10584	23436	
42535.6666666667	12096	15876	
42535.6770833333	9450	12852	
42535.6875	4914	16632	
42535.6979166667	8316	5292	
42536.375	12474	-8316	
42536.3854166667	18522	-13986	
42536.3958333333	10206	-2835	
42536.40625	5670	3213	
42536.4166666667	8694	-189	
42536.4270833333	15498	-6804	
42536.4375	15498	-7182	
42536.4479166667	12852	-2079	
42536.4583333333	6426	378	
42536.46875	4536	3591	
42536.4791666667	9828	2268	
42536.4895833333	17010	-4914	
42536.5	15498	15498	
42536.5104166667	8316	14931	
42536.5208333333	4536	10962	
42536.53125	10584	4914	
42536.5416666667	18900	4914	
42536.5520833333	15498	16254	
42536.5625	10584	25704	
42536.5729166667	4914	31374	
42536.5833333333	5670	30618	
42536.59375	15498	18522	
42536.6041666667	15120	18900	
42536.6145833333	12852	21168	
42536.625	7182	27216	
42536.6354166667	2268	32508	
42536.6458333333	12852	21924	
42536.65625	15120	19656	
42536.6666666667	13230	21546	
42536.6770833333	6048	28728	
42536.6875	1134	33642	
42536.6979166667	13608	21168	
42537.375	14742	-6426	
42537.3854166667	17766	-8694	
42537.3958333333	8694	3780	
42537.40625	12474	0	
42537.4166666667	21546	-12474	
42537.4270833333	22302	-18522	
42537.4375	10206	-6426	
42537.4479166667	5670	756	
42537.4583333333	13230	-3780	
42537.46875	21168	-11718	
42537.4791666667	17388	-7938	
42537.4895833333	7182	-3402	
42537.5	4158	-378	
42537.5104166667	13986	-5292	
42537.5208333333	18144	-8694	
42537.53125	13608	-4536	
42537.5416666667	5292	1512	
42537.5520833333	6426	0	
42537.5625	16254	0	
42537.5729166667	14742	5670	
42537.5833333333	7560	12852	
42537.59375	3402	16443	
42537.6041666667	7938	27216	
42537.6145833333	13230	20034	
42537.625	12474	20790	
42537.6354166667	4914	28350	
42537.6458333333	4536	31374	
42537.65625	13986	20790	
42537.6666666667	11718	18522	
42537.6770833333	5670	9450	
42537.6875	2268	7938	
42537.6979166667	13230	-756	
42538.375	21546	-15498	
42538.3854166667	17388	-8316	
42538.3958333333	10206	1512	
42538.40625	5670	2268	
42538.4166666667	6426	-2268	
42538.4270833333	14364	-10962	
42538.4375	16632	-10962	
42538.4479166667	15120	-6426	
42538.4583333333	9072	5670	
42538.46875	4914	9828	
42538.4791666667	5670	9828	
42538.4895833333	9072	4536	
42538.5	12852	-5670	
42538.5104166667	14742	-7938	
42538.5208333333	9450	-2457	
42538.53125	6048	1701	
42538.5416666667	14364	-4158	
42538.5520833333	18144	-7938	
42538.5625	12852	-1323	
42538.5729166667	5670	5292	
42538.5833333333	7182	-3024	
42538.59375	15498	-9072	
42538.6041666667	16632	-11151	
42538.6145833333	8694	-3213	
42538.625	9072	-4536	
42538.6354166667	8316	-3780	
42538.6458333333	7182	-3024	
42538.65625	5292	-2457	
42538.6666666667	5292	-2835	
42538.6770833333	4158	-4914	
42538.6875	4158	-5670	
42538.6979166667	2646	-4347	
42541.375	29862	-9072	
42541.3854166667	34776	-21924	
42541.3958333333	34776	-22680	
42541.40625	32886	-17010	
42541.4166666667	31752	-13608	
42541.4270833333	32130	-9261	
42541.4375	32886	-9828	
42541.4479166667	29484	-15876	
42541.4583333333	31374	-20790	
42541.46875	29484	-14742	
42541.4791666667	30240	-4536	
42541.4895833333	29484	-3780	
42541.5	29862	-6048	
42541.5104166667	30240	-14742	
42541.5208333333	27594	-13986	
42541.53125	18522	-4158	
42541.5416666667	26838	-3213	
42541.5520833333	32508	-6426	
42541.5625	32130	-6237	
42541.5729166667	28350	-3591	
42541.5833333333	27594	-3024	
42541.59375	14742	8883	
42541.6041666667	10584	13419	
42541.6145833333	30240	-6237	
42541.625	32130	-8127	
42541.6354166667	31374	-7938	
42541.6458333333	27594	-5103	
42541.65625	14742	9261	
42541.6666666667	9072	15120	
42541.6770833333	30618	-6615	
42541.6875	30240	-6237	
42541.6979166667	29106	-6615	
42542.375	26460	-13041	
42542.3854166667	19278	-6237	
42542.3958333333	9450	3591	
42542.40625	12852	-3213	
42542.4166666667	21924	-12474	
42542.4270833333	29106	-14364	
42542.4375	24948	-10206	
42542.4479166667	11340	1134	
42542.4583333333	7560	4158	
42542.46875	15876	-4914	
42542.4791666667	21168	-8694	
42542.4895833333	27594	-13986	
42542.5	24948	-9450	
42542.5104166667	12852	1512	
42542.5208333333	7560	4536	
42542.53125	15876	-2646	
42542.5416666667	24192	-10584	
42542.5520833333	25704	-12663	
42542.5625	24192	-11529	
42542.5729166667	14364	-3780	
42542.5833333333	8694	7560	
42542.59375	15120	4914	
42542.6041666667	26460	-8127	
42542.6145833333	21546	-3213	
42542.625	10962	5670	
42542.6354166667	5670	6804	
42542.6458333333	10962	2646	
42542.65625	21924	-9450	
42542.6666666667	26082	-13986	
42542.6770833333	22680	-10584	
42542.6875	10584	1890	
42542.6979166667	5292	4536	
42543.375	23436	-13608	
42543.3854166667	22680	-12474	
42543.3958333333	14742	-5670	
42543.40625	7182	1512	
42543.4166666667	18900	-10206	
42543.4270833333	23814	-15120	
42543.4375	23058	-9261	
42543.4479166667	17388	-4536	
42543.4583333333	9450	-2646	
42543.46875	8694	-2079	
42543.4791666667	17388	-7749	
42543.4895833333	20412	-8883	
42543.5	20412	-8316	
42543.5104166667	15120	-5481	
42543.5208333333	11718	-3402	
42543.53125	21168	-10584	
42543.5416666667	24948	-9450	
42543.5520833333	25326	-8127	
42543.5625	25326	-12285	
42543.5729166667	24570	-16443	
42543.5833333333	23058	-12474	
42543.59375	13608	1512	
42543.6041666667	7938	7182	
42543.6145833333	16632	-3780	
42543.625	28728	-21546	
42543.6354166667	27972	-17955	
42543.6458333333	24192	-9072	
42543.65625	12852	11718	
42543.6666666667	6048	18522	
42543.6770833333	21168	12852	
42543.6875	26838	7182	
42543.6979166667	24570	9450	
42544.375	17010	-8694	
42544.3854166667	29484	-20601	
42544.3958333333	30240	-17766	
42544.40625	25326	-12852	
42544.4166666667	13986	-1512	
42544.4270833333	7182	2457	
42544.4375	22680	-16632	
42544.4479166667	30240	-22302	
42544.4583333333	25326	-15876	
42544.46875	15120	-3780	
42544.4791666667	7560	1890	
42544.4895833333	22302	-16632	
42544.5	30996	-25326	
42544.5104166667	26838	-17388	
42544.5208333333	20412	-6426	
42544.53125	13608	-2079	
42544.5416666667	28728	-22302	
42544.5520833333	30240	-23814	
42544.5625	27594	-12852	
42544.5729166667	15498	-756	
42544.5833333333	7938	0	
42544.59375	17388	-9828	
42544.6041666667	26082	-18144	
42544.6145833333	25326	-12852	
42544.625	20034	-7560	
42544.6354166667	9072	-1134	
42544.6458333333	24948	-19278	
42544.65625	33264	-21546	
42544.6666666667	30996	-19278	
42544.6770833333	27972	-22302	
42544.6875	25326	-19656	
42544.6979166667	16254	-5292	
42545.375	29106	-17388	
42545.3854166667	18522	-7182	
42545.3958333333	10206	756	
42545.40625	19278	-12852	
42545.4166666667	29484	-23436	
42545.4270833333	30240	-20790	
42545.4375	24948	-10206	
42545.4479166667	10584	4536	
42545.4583333333	9072	3024	
42545.46875	23814	-15120	
42545.4791666667	29862	-21168	
42545.4895833333	26838	-17766	
42545.5	15498	-5103	
42545.5104166667	7560	2646	
42545.5208333333	23436	-15687	
42545.53125	27972	-21924	
42545.5416666667	24570	-14364	
42545.5520833333	20034	-6426	
42545.5625	10962	1890	
42545.5729166667	4914	7938	
42545.5833333333	23436	-10773	
42545.59375	21168	-8316	
42545.6041666667	19656	-8505	
42545.6145833333	9828	-1134	
42545.625	9828	-4158	
42545.6354166667	9072	-3780	
42545.6458333333	8316	-4158	
42545.65625	6426	-3402	
42545.6666666667	4914	-2268	
42545.6770833333	4158	-1890	
42545.6875	3780	-1701	
42545.6979166667	3024	-1323	
42548.375	28350	1512	
42548.3854166667	29862	2457	
42548.3958333333	32130	2646	
42548.40625	32508	378	
42548.4166666667	34020	-1890	
42548.4270833333	33264	-1134	
42548.4375	33264	-1134	
42548.4479166667	31752	-378	
42548.4583333333	32130	-2646	
42548.46875	31374	-1134	
42548.4791666667	28350	-2646	
42548.4895833333	32130	-8316	
42548.5	32886	-9828	
42548.5104166667	34398	-16443	
42548.5208333333	35532	-22302	
42548.53125	34020	-12285	
42548.5416666667	32508	-6615	
42548.5520833333	29862	-2646	
42548.5625	29106	378	
42548.5729166667	27594	756	
42548.5833333333	26838	756	
42548.59375	27594	-9450	
42548.6041666667	25326	4158	
42548.6145833333	23058	6993	
42548.625	18522	11718	
42548.6354166667	26460	3024	
42548.6458333333	31374	-3780	
42548.65625	30240	-11340	
42548.6666666667	26838	-7560	
42548.6770833333	26838	1890	
42548.6875	24948	3780	
42548.6979166667	23058	5670	
42549.375	28350	-10206	
42549.3854166667	24570	-8316	
42549.3958333333	25326	-15876	
42549.40625	13230	-2079	
42549.4166666667	9828	14175	
42549.4270833333	30996	-9072	
42549.4375	29484	-17577	
42549.5104166667	29484	-18711	
42549.5208333333	23814	-10584	
42549.53125	20034	-6048	
42549.5416666667	10962	-2646	
42549.5520833333	4536	7182	
42549.5625	12474	-1134	
42549.5729166667	18144	-5670	
42549.5833333333	14742	-2457	
42549.59375	11718	-945	
42549.6041666667	4158	8694	
42549.6145833333	5670	-3024	
42549.625	8694	-1134	
42549.6354166667	10206	6048	
42549.6458333333	12096	8694	
42549.65625	8694	-6804	
42549.6666666667	5670	-4158	
42549.6770833333	6804	-3591	
42549.6875	11340	-6048	
42549.6979166667	10962	-5292	
42550.375	15876	-4725	
42550.3854166667	12096	378	
42550.3958333333	7182	2457	
42550.40625	6426	2457	
42550.4166666667	13608	-4725	
42550.4270833333	11718	3780	
42550.4375	13608	1890	
42550.4479166667	12474	1323	
42550.4583333333	5670	5481	
42550.46875	6426	1323	
42550.4791666667	12096	-2268	
42550.4895833333	15120	378	
42550.5	15498	-189	
42550.5104166667	7938	3402	
42550.5208333333	3780	5670	
42550.53125	9828	1323	
42550.5416666667	16254	-2268	
42550.5520833333	14742	756	
42550.5625	7560	3024	
42550.5729166667	4158	5292	
42550.5833333333	8316	-1890	
42550.59375	16632	-2268	
42550.6041666667	18144	-3780	
42550.6145833333	15498	-1512	
42550.625	12474	15498	
42550.6354166667	5292	22680	
42550.6458333333	12852	11340	
42550.65625	21168	-6048	
42550.6666666667	16254	-1134	
42550.6770833333	12474	8694	
42550.6875	4914	19656	
42550.6979166667	1134	23436	
42551.375	23814	-9072	
42551.3854166667	15876	-1134	
42551.3958333333	7182	5859	
42551.40625	8694	4347	
42551.4166666667	13608	-1134	
42551.4270833333	18900	-8694	
42551.4375	15876	-9450	
42551.4479166667	9072	378	
42551.4583333333	13608	-2268	
42551.46875	23058	-11718	
42551.4791666667	20412	-10962	
42551.4895833333	10206	-2646	
42551.5	4914	3024	
42551.5104166667	11718	4347	
42551.5208333333	20790	-6804	
42551.53125	18522	-4914	
42551.5416666667	8316	2835	
42551.5520833333	4158	7938	
42551.5625	15498	378	
42551.5729166667	16254	-1134	
42551.5833333333	10584	4158	
42551.59375	4914	3024	
42551.6041666667	12474	2835	
42551.6145833333	15876	756	
42551.625	11340	1512	
42551.6354166667	4158	6615	
42551.6458333333	10206	1323	
42551.65625	15120	9828	
42551.6666666667	12474	8505	
42551.6770833333	4536	13986	
42551.6875	2268	12096	
42551.6979166667	13986	-1323	
42552.375	24570	-4536	
42552.3854166667	15120	2835	
42552.3958333333	7938	5859	
42552.40625	8694	1512	
42552.4166666667	15876	945	
42552.4270833333	23436	-6804	
42552.4375	17766	-1890	
42552.4479166667	7938	2646	
42552.4583333333	12852	-3780	
42552.46875	25704	-16821	
42552.4791666667	22302	-13419	
42552.4895833333	10962	0	
42552.5	5670	6048	
42552.5104166667	13986	-3024	
42552.5208333333	21546	-12096	
42552.53125	17388	-7938	
42552.5416666667	7938	6426	
42552.5520833333	6048	6804	
42552.5625	19278	-9072	
42552.5729166667	17766	-10584	
42552.5833333333	7560	-1890	
42552.59375	4536	10962	
42552.6041666667	17010	-7749	
42552.6145833333	8694	189	
42552.625	8316	378	
42552.6354166667	7938	378	
42552.6458333333	7182	-756	
42552.65625	5292	-189	
42552.6666666667	4536	-378	
42552.6770833333	4158	0	
42552.6875	3402	0	
42552.6979166667	3024	-378	
42556.375	2646	25704	
42556.3854166667	1890	22680	
42556.3958333333	1512	11718	
42556.40625	1512	11340	
42556.4166666667	1512	12474	
42556.4270833333	1890	17010	
42556.4375	1134	17766	
42556.4479166667	1134	11340	
42556.4583333333	1512	9828	
42556.46875	1134	10773	
42556.4791666667	1134	14364	
42556.4895833333	1134	14553	
42556.5	378	16632	
42556.5104166667	756	14742	
42556.5208333333	756	12474	
42556.53125	378	13041	
42556.5416666667	756	15309	
42556.5520833333	756	15498	
42556.5625	1134	13230	
42556.5729166667	378	12474	
42556.5833333333	378	13986	
42556.59375	756	14364	
42556.6041666667	378	21168	
42556.6145833333	378	21168	
42556.625	378	10962	
42556.6354166667	756	10206	
42556.6458333333	756	10206	
42556.65625	0	21924	
42556.6666666667	378	21546	
42556.6770833333	756	20790	
42556.6875	756	9828	
42556.6979166667	756	9450	
42557.375	27972	-9450	
42557.3854166667	26838	-12096	
42557.3958333333	26082	-16443	
42557.40625	13986	-4914	
42557.4166666667	17388	-8505	
42557.4270833333	31374	-16821	
42557.4375	31752	-16254	
42557.4479166667	27972	-15120	
42557.4583333333	26838	-18144	
42557.46875	24192	-14742	
42557.4791666667	12474	-378	
42557.4895833333	10584	4914	
42557.5	29484	-13986	
42557.5104166667	24192	-9072	
42557.5208333333	20790	-9639	
42557.53125	12474	1890	
42557.5416666667	21546	-378	
42557.5520833333	27594	-2646	
42557.5625	22680	2646	
42557.5729166667	17388	7182	
42557.5833333333	9828	10017	
42557.59375	20790	-3969	
42557.6041666667	28728	-13230	
42557.6145833333	27594	-12096	
42557.625	26838	-10773	
42557.6354166667	19656	-1134	
42557.6458333333	7938	10206	
42557.65625	17388	-1701	
42557.6666666667	27594	-11907	
42557.6770833333	24570	-9828	
42557.6875	19278	-6237	
42557.6979166667	9828	3024	
42558.375	21168	-4914	
42558.3854166667	26082	-10773	
42558.3958333333	23814	-10773	
42558.40625	12474	567	
42558.4166666667	7938	5103	
42558.4270833333	16632	-2835	
42558.4375	26460	-16821	
42558.4479166667	27216	-17010	
42558.4583333333	21924	-8694	
42558.46875	10584	3024	
42558.4791666667	7182	3024	
42558.4895833333	15876	-7371	
42558.5	24192	-15120	
42558.5104166667	27216	-14364	
42558.5208333333	25326	-11340	
42558.53125	12096	1512	
42558.5416666667	7938	5670	
42558.5520833333	12852	3024	
42558.5625	21168	-5670	
42558.5729166667	24948	-10206	
42558.5833333333	21924	-14364	
42558.59375	13986	-7560	
42558.6041666667	7938	2646	
42558.6145833333	10206	2646	
42558.625	21546	-9072	
42558.6354166667	20034	-12474	
42558.6458333333	9072	1134	
42558.65625	5292	6804	
42558.6666666667	20790	-8694	
42558.6770833333	18522	-13419	
42558.6875	17388	-12285	
42558.6979166667	6804	4158	
42559.375	21924	-1890	
42559.3854166667	13230	4158	
42559.3958333333	7938	2268	
42559.40625	20412	-10206	
42559.4166666667	28350	-12474	
42559.4270833333	25704	-7938	
42559.4375	23058	-7182	
42559.4479166667	5670	4914	
42559.4583333333	4536	8316	
42559.46875	9072	14931	
42559.4791666667	3780	20223	
42559.4895833333	3024	10206	
42559.5	1890	8883	
42559.5104166667	1134	16632	
42559.5208333333	756	16632	
42559.53125	756	20790	
42559.5416666667	1134	16632	
42559.5520833333	29484	-13986	
42559.5625	4914	7938	
42559.5729166667	2646	4914	
42559.5833333333	9450	-1890	
42559.59375	17010	-1512	
42559.6041666667	28728	-18900	
42559.6145833333	12096	-3024	
42559.625	11718	-3024	
42559.6354166667	10584	-2268	
42559.6458333333	9828	-2646	
42559.65625	7182	-1890	
42559.6666666667	6426	-2079	
42559.6770833333	5292	-1134	
42559.6875	4158	-378	
42559.6979166667	3780	-945	
42562.375	32508	-2646	
42562.3854166667	31752	-1890	
42562.3958333333	31374	756	
42562.40625	32508	-378	
42562.4166666667	31752	378	
42562.4270833333	27216	5292	
42562.4375	30618	378	
42562.4479166667	31752	-378	
42562.4583333333	32130	-1701	
42562.46875	30996	-3024	
42562.4791666667	29106	-1512	
42562.4895833333	29106	-1890	
42562.5	27594	4536	
42562.5104166667	26838	1890	
42562.5208333333	25326	3969	
42562.53125	17010	10017	
42562.5416666667	24192	5481	
42562.5520833333	30240	-1134	
42562.5625	29862	-2268	
42562.5729166667	28350	-1512	
42562.5833333333	28350	-7182	
42562.59375	30618	-9450	
42562.6041666667	30996	-7938	
42562.6145833333	30996	-9450	
42562.625	33642	-12474	
42562.6354166667	30996	-10206	
42562.6458333333	32508	-8883	
42562.65625	29484	-6804	
42562.6666666667	29106	-2268	
42562.6770833333	26838	0	
42562.6875	25326	567	
42562.6979166667	23058	0	
42563.375	24948	-6048	
42563.3854166667	29862	-13608	
42563.3958333333	27216	-14364	
42563.40625	25326	-15687	
42563.4166666667	23058	-13230	
42563.4270833333	10584	8316	
42563.4375	21546	-4725	
42563.4479166667	31374	-19467	
42563.4583333333	26838	-15876	
42563.46875	25326	-15876	
42563.4791666667	18144	-4536	
42563.4895833333	17388	-1890	
42563.5	30996	-15498	
42563.5104166667	27594	-18900	
42563.5208333333	26838	-16443	
42563.53125	26082	-13986	
42563.5416666667	18522	-5292	
42563.5520833333	9828	3024	
42563.5625	26460	-13608	
42563.5729166667	29484	-21168	
42563.5833333333	27216	-13986	
42563.59375	25326	-10584	
42563.6041666667	24192	-9261	
42563.6145833333	22680	-9639	
42563.625	19656	-14364	
42563.6354166667	11718	-10773	
42563.6458333333	17010	-16065	
42563.65625	24570	-24003	
42563.6666666667	21546	-21168	
42563.6770833333	20034	-19278	
42563.6875	17766	-17010	
42563.6979166667	17010	-16254	
42564.375	23436	-2268	
42564.3854166667	23058	-8316	
42564.3958333333	23058	-10962	
42564.40625	20790	-2646	
42564.4166666667	13230	3213	
42564.4270833333	21546	-5103	
42564.4375	28728	-12285	
42564.4479166667	24570	-9450	
42564.4583333333	24570	-13608	
42564.46875	20034	-10206	
42564.4791666667	15120	0	
42564.4895833333	26082	-12096	
42564.5	25704	-10206	
42564.5104166667	24570	-9072	
42564.5208333333	22302	-10206	
42564.53125	12474	6426	
42564.5416666667	19656	1701	
42564.5520833333	27594	-3213	
42564.5625	27216	-10773	
42564.5729166667	24570	-14742	
42564.5833333333	21546	-5103	
42564.59375	20034	-2079	
42564.6041666667	14364	9828	
42564.6145833333	9072	18144	
42564.625	24948	1890	
42564.6354166667	23436	-189	
42565.375	24570	-7938	
42565.3854166667	23058	-6048	
42565.3958333333	18522	-4914	
42565.40625	10206	2268	
42565.4166666667	21546	-9072	
42565.4270833333	29484	-13608	
42565.4375	26082	-10206	
42565.4479166667	25326	-12096	
42565.4583333333	17010	-3591	
42565.46875	9828	3591	
42565.4791666667	26838	-16443	
42565.4895833333	30240	-20790	
42565.5	27216	-15498	
42565.5104166667	25326	-7182	
42565.5208333333	27216	-11151	
42565.53125	29106	-15498	
42565.5416666667	26082	-17766	
42565.5520833333	22680	-7182	
42565.5625	11718	4536	
42565.5729166667	13608	2646	
42565.5833333333	27972	-12852	
42565.59375	23058	-11529	
42565.6041666667	18522	-7182	
42565.6145833333	14364	-1890	
42565.625	7560	5292	
42565.6354166667	12474	-1701	
42565.6458333333	19278	-10206	
42565.65625	18522	-9450	
42565.6666666667	17388	1134	
42565.6770833333	8316	10206	
42565.6875	5292	12096	
42565.6979166667	21168	-10962	
42566.375	23814	-3780	
42566.3854166667	21168	-6993	
42566.3958333333	18522	-6804	
42566.40625	8694	1512	
42566.4166666667	12096	7749	
42566.4270833333	21924	1323	
42566.4375	23436	-6804	
42566.4479166667	20412	-9828	
42566.4583333333	10206	-1134	
42566.46875	6426	2646	
42566.4791666667	19656	-8694	
42566.4895833333	23058	-11151	
42566.5	17010	-7749	
42566.5104166667	8316	189	
42566.5208333333	4914	4536	
42566.53125	22302	-7938	
42566.5416666667	25326	-7938	
42566.5520833333	21168	-8316	
42566.5625	20790	-11340	
42566.5729166667	17388	-10017	
42566.5833333333	8694	-189	
42566.59375	12474	3591	
42566.6041666667	21546	-7182	
42566.6145833333	10584	-189	
42566.625	10206	1512	
42566.6354166667	9072	1512	
42566.6458333333	7938	1890	
42566.65625	6426	756	
42566.6666666667	5292	1134	
42566.6770833333	4158	1134	
42566.6875	3780	378	
42566.6979166667	3024	756	
42569.375	27972	3024	
42569.3854166667	29106	1512	
42569.3958333333	27972	3969	
42569.40625	27972	3969	
42569.4166666667	27972	3969	
42569.4270833333	27594	3591	
42569.4375	27594	2835	
42569.4479166667	28350	2646	
42569.4583333333	30618	-378	
42569.46875	30240	-945	
42569.4791666667	32130	-3024	
42569.4895833333	29862	-1890	
42569.5	29862	-4158	
42569.5104166667	28350	-3402	
42569.5208333333	27594	-4914	
42569.53125	26838	-3213	
42569.5416666667	26838	-2268	
42569.5520833333	24570	3591	
42569.5625	19656	9450	
42569.5729166667	18144	9450	
42569.5833333333	17766	9828	
42569.59375	18522	7560	
42569.6041666667	17766	9828	
42569.6145833333	18522	10962	
42569.625	16254	13419	
42569.6354166667	17766	11718	
42569.6458333333	16254	12096	
42569.65625	16254	10962	
42569.6666666667	15498	11340	
42569.6770833333	13230	12852	
42569.6875	15120	10017	
42569.6979166667	13608	9450	
42570.375	22680	-3402	
42570.3854166667	24192	-7560	
42570.3958333333	23814	-10773	
42570.40625	24570	-11340	
42570.4166666667	21924	-7938	
42570.4270833333	21924	-3024	
42570.4375	17766	1134	
42570.4479166667	9450	3024	
42570.4583333333	5670	5670	
42570.46875	22680	-11718	
42570.4791666667	25326	-9828	
42570.4895833333	20790	-5103	
42570.5	15498	945	
42570.5104166667	10584	4914	
42570.5208333333	6426	6804	
42570.53125	19656	-6048	
42570.5416666667	23814	-10206	
42570.5520833333	20034	-6804	
42570.5625	17388	-4536	
42570.5729166667	8694	4158	
42570.5833333333	8316	6048	
42570.59375	21168	-6048	
42570.6041666667	21168	567	
42570.6145833333	17766	-6804	
42570.625	12474	-4158	
42570.6354166667	5292	0	
42570.6458333333	21924	-11340	
42570.65625	19278	-4725	
42570.6666666667	18144	3402	
42570.6770833333	7938	9828	
42570.6875	4536	6048	
42570.6979166667	18900	-9828	
42571.375	15876	2646	
42571.3854166667	27972	-13230	
42571.3958333333	27216	-13230	
42571.40625	20412	-10773	
42571.4166666667	13230	-756	
42571.4270833333	7560	7938	
42571.4375	21546	-5103	
42571.4479166667	27972	-12474	
42571.4583333333	20034	-7182	
42571.46875	20412	-9450	
42571.4791666667	11718	2079	
42571.4895833333	5670	9828	
42571.5	22680	-3969	
42571.5104166667	17766	-2268	
42571.5208333333	20034	-7560	
42571.53125	8694	8883	
42571.5416666667	6426	14742	
42571.5520833333	23436	1512	
42571.5625	21168	4158	
42571.5729166667	17388	5670	
42571.5833333333	10584	10206	
42571.59375	4158	14931	
42571.6041666667	16254	-189	
42571.6145833333	15876	-1134	
42571.625	14742	4914	
42571.6354166667	12474	7182	
42571.6458333333	5670	11718	
42571.65625	15876	1512	
42571.6666666667	16632	756	
42571.6770833333	14742	756	
42571.6875	11340	2268	
42571.6979166667	7182	6426	
42572.375	7560	9828	
42572.3854166667	18900	-756	
42572.3958333333	27972	-14364	
42572.40625	24570	-12096	
42572.4166666667	20034	-7560	
42572.4270833333	9450	8316	
42572.4375	7938	9828	
42572.4479166667	19656	-4914	
42572.4583333333	26082	-12474	
42572.46875	21168	-7560	
42572.4791666667	10584	0	
42572.4895833333	5292	7749	
42572.5	16632	-1701	
42572.5104166667	23814	-3213	
42572.5208333333	22302	-3780	
42572.53125	15498	2835	
42572.5416666667	7182	5292	
42572.5520833333	9450	6426	
42572.5625	22680	-7182	
42572.5729166667	20034	-4536	
42572.5833333333	15498	-378	
42572.59375	8316	7938	
42572.6041666667	3780	10206	
42572.6145833333	16632	-4158	
42572.625	18900	-5481	
42572.6354166667	16254	-378	
42572.6458333333	14364	1134	
42572.65625	5292	12663	
42572.6666666667	6426	11529	
42572.6770833333	17010	378	
42572.6875	15498	-2646	
42572.6979166667	15120	-1323	
42573.375	6426	14931	
42573.3854166667	20034	-2079	
42573.3958333333	27216	-13986	
42573.40625	23058	-12852	
42573.4166666667	18144	1134	
42573.4270833333	8694	14364	
42573.4375	9072	10017	
42573.4479166667	20412	-7560	
42573.4583333333	26082	-17010	
42573.46875	22302	-12096	
42573.4791666667	8694	378	
42573.4895833333	4536	5859	
42573.5	16632	-10962	
42573.5104166667	23814	-20412	
42573.5208333333	20790	-14175	
42573.53125	15498	-9072	
42573.5416666667	6804	14364	
42573.5520833333	7182	13608	
42573.5625	20412	-1323	
42573.5729166667	19278	-10206	
42573.5833333333	15876	-4914	
42573.59375	7560	7182	
42573.6041666667	4158	10584	
42573.6145833333	3024	8883	
42573.625	3024	7560	
42573.6354166667	3780	6237	
42573.6458333333	3780	4725	
42573.65625	3780	3024	
42573.6666666667	2646	3213	
42573.6770833333	2646	2079	
42573.6875	2646	1323	
42573.6979166667	2268	1134	
42576.375	30240	-378	
42576.3854166667	29862	-756	
42576.3958333333	30240	-378	
42576.40625	30240	378	
42576.4166666667	30240	378	
42576.4270833333	29862	756	
42576.4375	29862	0	
42576.4479166667	27972	2646	
42576.4583333333	29484	756	
42576.46875	29106	1134	
42576.4791666667	30618	-1323	
42576.4895833333	29484	-378	
42576.5	30240	-2268	
42576.5104166667	30618	-3024	
42576.5208333333	30240	-3402	
42576.53125	32508	-6426	
42576.5416666667	30996	-6426	
42576.5520833333	30618	-6048	
42576.5625	30996	-3024	
42576.5729166667	30996	-3402	
42576.5833333333	30996	-6615	
42576.59375	29106	-5859	
42576.6041666667	31752	-7560	
42576.6145833333	31374	-10395	
42576.625	32886	-21546	
42576.6354166667	29862	-8316	
42576.6458333333	29106	-11907	
42576.65625	24948	-11340	
42576.6666666667	18144	-7182	
42576.6770833333	13230	-1512	
42576.6875	30240	-18522	
42576.6979166667	27972	-11718	
42577.375	25704	-10773	
42577.3854166667	27972	-9828	
42577.3958333333	23058	-10017	
42577.40625	12474	-4536	
42577.4166666667	25704	-19656	
42577.4270833333	31374	-22680	
42577.4375	30240	-18144	
42577.4479166667	26838	-14175	
42577.4583333333	24570	-12474	
42577.46875	12852	-1134	
42577.4791666667	17010	-2835	
42577.4895833333	30618	-15120	
42577.5	30618	-15120	
42577.5104166667	26838	-11340	
42577.5208333333	22302	-9450	
42577.53125	11718	3024	
42577.5416666667	18144	-2079	
42577.5520833333	30240	-13986	
42577.5625	25704	-11340	
42577.5729166667	24948	-14553	
42577.5833333333	24570	-11340	
42577.59375	20412	-5292	
42577.6041666667	11718	9450	
42577.6145833333	10584	9072	
42577.625	27972	-16443	
42577.6354166667	24570	-13419	
42577.6458333333	21924	-10962	
42577.65625	15120	3024	
42577.6666666667	14742	4914	
42577.6770833333	16254	-1323	
42577.6875	16254	-6237	
42577.6979166667	15876	-5670	
42578.375	10584	2646	
42578.3854166667	30996	-16254	
42578.3958333333	30996	-17010	
42578.40625	26838	-15120	
42578.4166666667	22302	-9828	
42578.4270833333	9828	4725	
42578.4375	17010	-1512	
42578.4479166667	30996	-13608	
42578.4583333333	30618	-15876	
42578.46875	26838	-15120	
42578.4791666667	15120	-5670	
42578.4895833333	8316	7560	
42578.5	21924	-8316	
42578.5104166667	29106	-13986	
42578.5208333333	24192	-11718	
42578.53125	13608	7560	
42578.5416666667	5670	12096	
42578.5520833333	15120	-3591	
42578.5625	25704	-15309	
42578.5729166667	24570	-15120	
42578.5833333333	11340	-1512	
42578.59375	7560	3213	
42578.6041666667	19656	-8127	
42578.6145833333	27216	-15876	
42578.625	22302	-10206	
42578.6354166667	8694	3402	
42578.6458333333	10206	6048	
42578.65625	26082	-15309	
42578.6666666667	22680	-12852	
42578.6770833333	7182	8316	
42578.6875	7560	8883	
42578.6979166667	21546	-5292	
42579.375	27972	-10962	
42579.3854166667	27216	-8694	
42579.3958333333	20412	-2646	
42579.40625	9828	3780	
42579.4166666667	12096	945	
42579.4270833333	29106	-13230	
42579.4375	29484	-12852	
42579.4479166667	18900	-1890	
42579.4583333333	18900	-1890	
42579.46875	15498	-378	
42579.4791666667	17766	-7182	
42579.4895833333	18522	-7938	
42579.5	8316	7560	
42579.5104166667	6048	14742	
42579.5208333333	24192	-4725	
42579.53125	26838	-11340	
42579.5416666667	24570	-12096	
42579.5520833333	12852	2646	
42579.5625	7938	8316	
42579.5729166667	12852	3402	
42579.5833333333	25704	-10206	
42579.59375	22302	-8316	
42579.6041666667	11340	3024	
42579.6145833333	5670	10584	
42579.625	17388	-5481	
42579.6354166667	23058	-12474	
42579.6458333333	10962	756	
42579.65625	4914	6048	
42579.6666666667	12474	-1134	
42579.6770833333	15876	-6804	
42579.6875	7938	2079	
42579.6979166667	7560	4725	
42580.375	20412	-1134	
42580.3854166667	15498	1890	
42580.3958333333	8316	7560	
42580.40625	13608	-1323	
42580.4166666667	22680	-10206	
42580.4270833333	22302	-7182	
42580.4375	10962	3780	
42580.4479166667	7182	7182	
42580.4583333333	9828	756	
42580.46875	11340	-1701	
42580.4791666667	16632	3024	
42580.4895833333	17766	-2268	
42580.5	11718	-378	
42580.5104166667	7182	3024	
42580.5208333333	13608	-4725	
42580.53125	17766	-8316	
42580.5416666667	14742	756	
42580.5520833333	7938	8316	
42580.5625	4158	8694	
42580.5729166667	12852	-1890	
42580.5833333333	16632	-8505	
42580.59375	15120	-3402	
42580.6041666667	5292	6993	
42580.6145833333	4914	4914	
42580.625	5292	3591	
42580.6354166667	4536	3780	
42580.6458333333	4914	2268	
42580.65625	4158	1134	
42580.6666666667	3780	1323	
42580.6770833333	3780	378	
42580.6875	3402	378	
42580.6979166667	3024	-378	
