Date	ZoneLoadforContainerFPVAV22	ZoneLoadResidualforContainerFPVAV22	
42430.375	23760	20493	
42430.3854166667	26730	21681	
42430.3958333333	38610	14256	
42430.40625	43956	8019	
42430.4166666667	43362	5940	
42430.4270833333	42174	10989	
42430.4375	45144	8019	
42430.4479166667	47520	3564	
42430.4583333333	48114	3267	
42430.46875	43956	7128	
42430.4791666667	43956	7128	
42430.4895833333	43956	5643	
42430.5	39798	10098	
42430.5104166667	38610	13662	
42430.5208333333	47520	5049	
42430.53125	49302	2376	
42430.5416666667	53460	1188	
42430.5520833333	55836	-1485	
42430.5625	52866	1188	
42430.5729166667	49896	5049	
42430.5833333333	51678	3267	
42430.59375	50490	5346	
42430.6041666667	49896	6534	
42430.6145833333	51084	5346	
42430.625	52272	4158	
42430.6354166667	52272	2970	
42430.6458333333	52866	2376	
42430.65625	54648	0	
42430.6666666667	54648	1188	
42430.6770833333	54648	1188	
42430.6875	55242	594	
42430.6979166667	54054	594	
42431.375	19008	3564	
42431.3854166667	20196	5346	
42431.3958333333	23166	5346	
42431.40625	22572	21978	
42431.4166666667	44550	3267	
42431.4270833333	53460	-1782	
42431.4375	56430	-2673	
42431.4479166667	45738	9207	
42431.4583333333	41580	13662	
42431.46875	40986	13662	
42431.4791666667	38610	16335	
42431.4895833333	43362	11880	
42431.5	44550	10395	
42431.5104166667	46926	8019	
42431.5208333333	51084	4455	
42431.53125	52272	2673	
42431.5416666667	52272	2376	
42431.5520833333	53460	1188	
42431.5625	54054	297	
42431.5729166667	54648	594	
42431.5833333333	52272	2673	
42431.59375	52272	1782	
42431.6041666667	53460	0	
42431.6145833333	54648	-891	
42431.625	54648	-297	
42431.6354166667	54648	594	
42431.6458333333	54648	-594	
42431.65625	52866	2970	
42431.6666666667	54648	1188	
42431.6770833333	54648	-1188	
42431.6875	54648	-2376	
42431.6979166667	54054	-1782	
42432.375	43956	-5643	
42432.3854166667	46332	-10098	
42432.3958333333	53460	-4158	
42432.40625	55836	-5049	
42432.4166666667	57618	-5940	
42432.4270833333	55836	-1188	
42432.4375	55836	-1188	
42432.4479166667	54648	0	
42432.4583333333	53460	594	
42432.46875	54054	-297	
42432.4791666667	53460	-297	
42432.4895833333	54054	594	
42432.5	54648	1188	
42432.5104166667	56430	-594	
42432.5208333333	56430	-594	
42432.53125	55836	-297	
42432.5416666667	55242	-594	
42432.5520833333	55836	-1485	
42432.5625	55836	-1782	
42432.5729166667	56430	-2079	
42432.5833333333	55836	-1188	
42432.59375	54054	1485	
42432.6041666667	54648	1188	
42432.6145833333	55836	0	
42432.625	55836	0	
42432.6354166667	54648	1188	
42432.6458333333	54648	1782	
42432.65625	56430	-594	
42432.6666666667	55836	0	
42432.6770833333	57024	-1485	
42432.6875	57024	-2376	
42432.6979166667	54054	594	
42433.375	20790	3564	
42433.3854166667	19008	9504	
42433.3958333333	24354	4158	
42433.40625	23166	2673	
42433.4166666667	30888	8316	
42433.4270833333	42768	-2079	
42433.4375	45144	-12474	
42433.4479166667	43362	9504	
42433.4583333333	41580	8910	
42433.46875	36828	13662	
42433.4791666667	39204	7128	
42433.4895833333	43956	2376	
42433.5	47520	-594	
42433.5104166667	48114	-1188	
42433.5208333333	45738	1188	
42433.53125	43956	4455	
42433.5416666667	43362	5643	
42433.5520833333	42174	10098	
42433.5625	47520	6237	
42433.5729166667	51084	3564	
42433.5833333333	50490	4158	
42433.59375	51678	2970	
42433.6041666667	51084	3564	
42433.6145833333	52866	1782	
42433.625	54054	594	
42433.6354166667	53460	1485	
42433.6458333333	51084	3564	
42433.65625	50490	4158	
42433.6666666667	49302	5346	
42433.6770833333	49302	5346	
42433.6875	48114	6534	
42433.6979166667	50490	3564	
42436.375	30888	3564	
42436.3854166667	43956	-5940	
42436.3958333333	48114	-5346	
42436.40625	47520	2376	
42436.4166666667	48708	2970	
42436.4270833333	42768	8910	
42436.4375	46332	7128	
42436.4479166667	42174	7722	
42436.4583333333	38610	12771	
42436.46875	35640	19008	
42436.4791666667	41580	5346	
42436.4895833333	39204	10098	
42436.5	36234	13068	
42436.5104166667	34452	14850	
42436.5208333333	31482	17226	
42436.53125	29106	22572	
42436.5416666667	30888	21384	
42436.5520833333	37422	16632	
42436.5625	43956	10098	
42436.5729166667	47520	6534	
42436.5833333333	48708	5940	
42436.59375	48708	5643	
42436.6041666667	52866	1782	
42436.6145833333	54054	594	
42436.625	55242	-594	
42436.6354166667	54648	0	
42436.6458333333	54648	0	
42436.65625	54648	-297	
42436.6666666667	54648	-594	
42436.6770833333	52866	1188	
42436.6875	54648	-1188	
42436.6979166667	54054	-594	
42437.375	41580	-3861	
42437.3958333333	47520	-3564	
42437.40625	44550	-594	
42437.4166666667	44550	2376	
42437.4270833333	44550	2970	
42437.4375	44550	3564	
42437.4479166667	43956	6534	
42437.4583333333	46332	4158	
42437.46875	48114	2376	
42437.4791666667	46332	3861	
42437.4895833333	43362	6237	
42437.5	42174	7128	
42437.5104166667	40986	6534	
42437.5208333333	38610	8316	
42437.53125	43362	2970	
42437.5416666667	42768	9504	
42437.5520833333	47520	6237	
42437.5625	51678	2376	
42437.5729166667	52272	1782	
42437.5833333333	54054	-594	
42437.59375	55242	594	
42437.6041666667	55836	1188	
42437.6145833333	55836	594	
42437.625	54648	1782	
42437.6354166667	52866	2376	
42437.6458333333	53460	1782	
42437.65625	55242	-594	
42437.6666666667	56430	-594	
42437.6770833333	55242	594	
42437.6875	54648	1188	
42437.6979166667	53460	1485	
42438.375	27918	7425	
42438.40625	48708	297	
42438.4166666667	48708	-4158	
42438.4270833333	48708	2970	
42438.4375	46926	6534	
42438.4479166667	48708	3564	
42438.4583333333	42174	5643	
42438.46875	39798	3267	
42438.4791666667	33858	4455	
42438.4895833333	32670	5940	
42438.5	35046	3564	
42438.5104166667	36828	5940	
42438.5208333333	36234	7128	
42438.53125	36828	-4158	
42438.5416666667	37422	-12177	
42438.5520833333	36234	-4752	
42438.5625	35640	1188	
42438.5729166667	39798	4158	
42438.5833333333	42174	1782	
42438.59375	38016	5643	
42438.6041666667	34452	8316	
42438.6145833333	31482	10692	
42438.625	24354	16335	
42438.6354166667	20196	19602	
42438.6458333333	26136	12474	
42438.65625	38016	594	
42438.6666666667	43362	-4752	
42438.6770833333	43956	-4752	
42438.6875	42174	-2079	
42438.6979166667	39798	3564	
42439.375	20196	8910	
42439.3854166667	21978	16038	
42439.3958333333	22572	22572	
42439.40625	22572	23166	
42439.4166666667	24948	21384	
42439.4270833333	28512	20196	
42439.4375	32670	16929	
42439.4479166667	38016	16632	
42439.4583333333	38610	16038	
42439.46875	35640	13068	
42439.4791666667	32076	14256	
42439.4895833333	30294	14256	
42439.5	38016	6534	
42439.5104166667	43956	5940	
42439.5208333333	45738	4752	
42439.53125	47520	1188	
42439.5416666667	48114	-2079	
42439.5520833333	48708	-2673	
42439.5625	51678	-5643	
42439.5729166667	52272	-6534	
42439.5833333333	51678	-7128	
42439.59375	52272	-5346	
42439.6041666667	52272	-5346	
42439.6145833333	51678	-14553	
42439.625	49302	4158	
42439.6354166667	50490	891	
42439.6458333333	49302	-594	
42439.65625	51084	-297	
42439.6666666667	49302	1485	
42439.6770833333	46926	3861	
42439.6875	49302	1782	
42439.6979166667	46332	4158	
42440.375	40392	-19008	
42440.3854166667	43956	-19305	
42440.3958333333	47520	-10692	
42440.40625	44550	-16929	
42440.4166666667	42768	-14256	
42440.4270833333	40392	-9504	
42440.4375	46332	-8613	
42440.4479166667	47520	-5940	
42440.4583333333	48708	-6237	
42440.46875	52272	-8316	
42440.4791666667	43956	0	
42440.4895833333	43362	0	
42440.5	38016	594	
42440.5104166667	35640	1188	
42440.5208333333	32076	4158	
42440.53125	25542	11286	
42440.5416666667	23760	19602	
42440.5520833333	34452	8910	
42440.5625	44550	2970	
42440.5729166667	46332	2673	
42440.5833333333	48114	3564	
42440.59375	49896	1485	
42440.6041666667	49302	2970	
42440.6145833333	47520	6534	
42440.625	50490	4158	
42440.6354166667	51084	3564	
42440.6458333333	51678	2970	
42440.65625	52272	2376	
42440.6666666667	52866	1188	
42440.6770833333	54648	-594	
42440.6875	54648	-594	
42440.6979166667	54648	-2970	
42443.375	17226	594	
42443.3854166667	20196	-1782	
42443.3958333333	21384	594	
42443.40625	21978	2376	
42443.4166666667	21384	10692	
42443.4270833333	25542	3861	
42443.4375	35046	1485	
42443.4479166667	42768	4752	
42443.4583333333	48708	4752	
42443.46875	48114	6534	
42443.4791666667	47520	6534	
42444.375	42768	-20196	
42444.3854166667	48708	-24948	
42444.3958333333	45144	-17820	
42444.40625	45144	-13662	
42444.4166666667	47520	-11880	
42444.4270833333	43956	-2376	
42444.4375	42174	1782	
42444.4479166667	46926	-2376	
42444.4583333333	46332	-1782	
42444.46875	39204	7722	
42444.4791666667	36234	11286	
42444.4895833333	36234	11880	
42444.5	45144	6237	
42444.5104166667	47520	3564	
42444.5208333333	51084	-1782	
42444.53125	52272	-2970	
42444.5416666667	55242	-297	
42444.5520833333	55242	1782	
42444.5625	54054	2376	
42444.5729166667	53460	2376	
42444.5833333333	54054	2970	
42444.59375	53460	3564	
42444.6041666667	55242	1782	
42444.6145833333	55836	1188	
42444.625	54648	1782	
42444.6354166667	55836	1782	
42444.6458333333	55836	1188	
42444.65625	54648	1782	
42444.6666666667	53460	1782	
42444.6770833333	53460	0	
42444.6875	53460	0	
42444.6979166667	54054	297	
42445.375	46332	-26136	
42445.3854166667	52866	-31482	
42445.3958333333	49302	-24948	
42445.40625	48114	-17820	
42445.4166666667	52272	-10692	
42445.4270833333	54648	-10692	
42445.4375	53460	-7722	
42445.4479166667	46926	1782	
42445.4583333333	45738	7425	
42445.46875	42768	11880	
42445.4791666667	43362	11286	
42445.4895833333	41580	8316	
42445.5	38610	8316	
42445.5104166667	36234	10395	
42445.5208333333	38610	7722	
42445.53125	40986	2970	
42445.5416666667	45144	-2970	
42445.5520833333	48708	-6534	
42445.5625	51084	-10098	
42445.5729166667	51678	-7722	
42445.5833333333	52272	-7722	
42445.59375	52272	-5049	
42445.6041666667	52866	-1188	
42445.6145833333	54648	-2376	
42445.625	53460	891	
42445.6354166667	53460	1188	
42445.6458333333	53460	1188	
42445.65625	53460	1188	
42445.6666666667	54648	-297	
42445.6770833333	53460	594	
42445.6875	53460	0	
42445.6979166667	53460	-3564	
42446.375	46332	-24354	
42446.3854166667	53460	-28215	
42446.3958333333	47520	-21384	
42446.40625	46926	-10989	
42446.4166666667	44550	-594	
42446.4270833333	43956	2376	
42446.4375	45738	7722	
42446.4479166667	43362	12474	
42446.4583333333	42768	13068	
42446.46875	46926	7722	
42446.4791666667	43956	10692	
42446.4895833333	43956	10692	
42446.5	43956	10692	
42446.5104166667	48114	1188	
42446.5208333333	43362	5940	
42446.53125	47520	-4158	
42446.5416666667	45738	1188	
42446.5520833333	43362	8019	
42446.5625	42174	13068	
42446.5729166667	43956	8019	
42446.5833333333	48708	2970	
42446.59375	51084	2970	
42446.6041666667	52272	1782	
42446.6145833333	51678	3564	
42446.625	53460	2376	
42446.6354166667	53460	2376	
42446.6458333333	54054	1485	
42446.65625	54648	297	
42446.6666666667	54648	0	
42446.6770833333	54648	0	
42446.6875	52866	1188	
42446.6979166667	54648	0	
42447.375	26136	-5346	
42447.3854166667	43362	-19602	
42447.3958333333	43956	-12177	
42447.40625	46332	-11880	
42447.4166666667	47520	-5643	
42447.4270833333	42174	0	
42447.4375	47520	-594	
42447.4479166667	45144	1782	
42447.4583333333	48114	2970	
42447.46875	48708	2376	
42447.4791666667	48708	-891	
42447.4895833333	48114	-1188	
42447.5	47520	-1782	
42447.5104166667	45738	-1485	
42447.5208333333	43362	-4752	
42447.53125	45144	-7128	
42447.5416666667	42768	-4158	
42447.5520833333	43362	-4752	
42447.5625	46926	-6534	
42447.5729166667	46926	-4158	
42447.5833333333	48114	-5346	
42447.59375	51084	-2970	
42447.6041666667	51678	-2376	
42447.6145833333	53460	-2376	
42447.625	52272	1782	
42447.6354166667	54054	594	
42447.6458333333	53460	1188	
42447.65625	54648	-1188	
42447.6666666667	54648	-594	
42447.6770833333	54648	-594	
42447.6875	55242	-594	
42447.6979166667	53460	1782	
42450.375	13662	-1485	
42450.3854166667	13068	-594	
42450.3958333333	14256	-297	
42450.40625	16038	-297	
42450.4166666667	15444	1485	
42450.4270833333	17226	1485	
42450.4375	17226	3861	
42450.4479166667	17226	4752	
42450.4583333333	17226	6534	
42450.46875	17820	8019	
42450.4791666667	19602	8316	
42450.4895833333	21384	10692	
42450.5	21384	14256	
42450.5104166667	21384	15147	
42450.5208333333	21384	14256	
42450.53125	21384	13662	
42450.5416666667	22572	12474	
42450.5520833333	23760	17226	
42450.5625	42174	-1782	
42450.5729166667	40392	594	
42450.5833333333	45738	-2376	
42450.59375	42768	1782	
42450.6041666667	43362	297	
42450.6145833333	41580	4752	
42450.625	42174	5940	
42450.6354166667	40986	7128	
42450.6458333333	37422	10692	
42450.65625	36234	10692	
42450.6666666667	38610	8613	
42450.6770833333	37422	9504	
42450.6875	36234	10395	
42450.6979166667	37422	9801	
42451.375	16632	0	
42451.3854166667	16632	594	
42451.3958333333	17820	594	
42451.40625	19602	1782	
42451.4166666667	20196	3564	
42451.4270833333	21978	5940	
42451.4375	23166	10098	
42451.4479166667	22572	19008	
42451.4583333333	27918	16038	
42451.46875	35046	11286	
42451.4791666667	40392	8613	
42451.4895833333	40986	9504	
42451.5	40986	6237	
42451.5104166667	38610	8910	
42451.5208333333	41580	5940	
42451.53125	46332	2970	
42451.5416666667	46926	0	
42451.5520833333	46332	-1485	
42451.5625	48114	-3564	
42451.5729166667	51084	-5940	
42451.5833333333	51084	-7722	
42451.59375	54648	-10098	
42451.6041666667	54648	-7722	
42451.6145833333	58212	-10098	
42451.625	55836	-5940	
42451.6354166667	54648	-3861	
42451.6458333333	52866	-1782	
42451.65625	53460	-2673	
42451.6666666667	55836	-5940	
42451.6770833333	56430	-5346	
42451.6875	55836	-4752	
42451.6979166667	55836	-4752	
42452.375	40392	-16632	
42452.3854166667	48708	-24948	
42452.3958333333	41580	-15741	
42452.40625	43362	-3267	
42452.4166666667	43362	1485	
42452.4270833333	47520	-2376	
42452.4375	48114	-1782	
42452.4479166667	48708	-1782	
42452.4583333333	48708	-1782	
42452.46875	48708	-1782	
42452.4791666667	50490	-3564	
42452.4895833333	51084	-5940	
42452.5	52272	-7425	
42452.5104166667	52272	-7425	
42452.5208333333	49302	-5643	
42452.53125	46926	-2970	
42452.5416666667	45144	-1188	
42452.5520833333	45144	0	
42452.5625	44550	2376	
42452.5729166667	48114	-2970	
42452.5833333333	48114	-1188	
42452.59375	52272	-3564	
42452.6041666667	54054	-2376	
42452.6145833333	55836	-3564	
42452.625	55836	-2079	
42452.6354166667	55242	-1188	
42452.6458333333	55836	-2376	
42452.65625	55836	-4158	
42452.6666666667	54648	-2079	
42452.6770833333	54648	-2079	
42452.6875	54648	-2079	
42452.6979166667	55242	-4752	
42453.375	21978	-5940	
42453.3854166667	26136	-10692	
42453.3958333333	23166	-7128	
42453.40625	29700	-11286	
42453.4166666667	43956	-23166	
42453.4270833333	45144	-24057	
42453.4375	39204	-17226	
42453.4479166667	48114	-22572	
42453.4583333333	43362	-17226	
42453.46875	38610	-10098	
42453.4791666667	36234	5346	
42453.4895833333	36828	7722	
42453.5	40986	594	
42453.5104166667	44550	-4158	
42453.5208333333	47520	-10098	
42453.53125	43362	-3861	
42453.5416666667	43956	-6237	
42453.5520833333	43362	-5049	
42453.5625	44550	-6237	
42453.5729166667	43956	-5940	
42453.5833333333	48708	-8910	
42453.59375	51084	-1782	
42453.6041666667	50490	-2970	
42453.6145833333	48708	0	
42453.625	48114	1485	
42453.6354166667	51084	-1782	
42453.6458333333	48114	1188	
42453.65625	44550	4752	
42453.6666666667	42768	5346	
42453.6770833333	43362	4752	
42453.6875	44550	4158	
42453.6979166667	46332	4752	
42454.375	13068	4752	
42454.3854166667	16038	4158	
42454.3958333333	13662	8316	
42454.40625	16038	8316	
42454.4166666667	17226	7128	
42454.4270833333	20196	6237	
42454.4375	21384	5049	
42454.4479166667	21384	8316	
42454.4583333333	22572	5940	
42454.46875	23166	17226	
42454.4791666667	31482	10098	
42454.4895833333	42768	3564	
42454.5	36234	11880	
42454.5104166667	31482	16632	
42454.5208333333	23760	20196	
42454.53125	34452	8910	
42454.5416666667	40392	-2079	
42454.5520833333	39204	-2673	
42454.5625	36234	-2079	
42454.5729166667	38610	-5940	
42454.5833333333	41580	-4752	
42454.59375	39798	6534	
42454.6041666667	47520	2673	
42454.6145833333	49302	3564	
42454.625	48708	4158	
42454.6354166667	42768	9207	
42454.6458333333	37422	17820	
42454.65625	36828	19305	
42454.6666666667	36234	17523	
42454.6770833333	31482	22275	
42454.6875	29106	24948	
42454.6979166667	25542	27324	
42457.375	19008	594	
42457.3958333333	23760	0	
42457.40625	24354	-2079	
42457.4166666667	35640	-10692	
42457.4270833333	43362	-16632	
42457.4375	43956	-13662	
42457.4583333333	43956	-6534	
42457.46875	40392	-2970	
42457.4791666667	39204	8316	
42457.4895833333	37422	10692	
42457.5	37422	12771	
42457.5104166667	38610	11583	
42457.53125	43956	6534	
42457.5416666667	47520	3564	
42457.5520833333	47520	4752	
42457.5625	52272	-891	
42457.5729166667	54648	-1188	
42457.59375	52272	2079	
42457.6145833333	57618	-2970	
42457.6354166667	55242	-594	
42457.6458333333	53460	1188	
42457.65625	53460	1188	
42457.6666666667	54648	0	
42457.6770833333	54648	0	
42457.6875	55242	-594	
42457.6979166667	54648	-297	
42458.375	32076	-12177	
42458.3854166667	46332	-23166	
42458.3958333333	43956	-18711	
42458.40625	45738	-20493	
42458.4166666667	48114	-14850	
42458.4270833333	47520	-6237	
42458.4375	43956	-1485	
42458.4479166667	43362	594	
42458.4583333333	46926	-2376	
42458.46875	39798	5346	
42458.4791666667	38610	7722	
42458.4895833333	36234	11286	
42458.5	35046	13068	
42458.5104166667	39798	7722	
42458.5208333333	43956	2970	
42458.53125	44550	2376	
42458.5416666667	47520	-1188	
42458.5520833333	46332	1485	
42458.5625	44550	2376	
42458.5729166667	48114	-1188	
42458.5833333333	51084	0	
42458.59375	50490	594	
42458.6041666667	49896	1188	
42458.6145833333	52272	0	
42458.625	53460	-1485	
42458.6354166667	54648	-2673	
42458.6458333333	51678	594	
42458.65625	54054	-1188	
42458.6666666667	54648	-1782	
42458.6770833333	54054	-594	
42458.6875	52866	0	
42458.6979166667	50490	594	
42459.375	43956	-6534	
42459.3854166667	47520	-12474	
42459.3958333333	48708	-11286	
42459.40625	48708	-8316	
42459.4166666667	51084	-2970	
42459.4270833333	51084	-2376	
42459.4375	52272	-3861	
42459.4479166667	54648	-5940	
42459.4583333333	51084	-2376	
42459.46875	51678	-2970	
42459.4791666667	51678	-1782	
42459.4895833333	51084	-1188	
42459.5	52272	-5346	
42459.5104166667	50490	-4158	
42459.5208333333	50490	-4158	
42459.53125	48708	-3564	
42459.5416666667	49896	-5346	
42459.5520833333	51084	-6237	
42459.5625	48114	-2970	
42459.5729166667	46332	594	
42459.5833333333	45738	1188	
42459.59375	47520	1188	
42459.6041666667	49896	-1188	
42459.6145833333	43956	9504	
42459.625	48114	5346	
42459.6354166667	45738	7722	
42459.6458333333	51084	2376	
42459.65625	51084	3564	
42459.6666666667	52272	2376	
42459.6770833333	52272	2376	
42459.6875	51084	3564	
42459.6979166667	52866	2673	
42460.375	39204	3861	
42460.3854166667	42768	891	
42460.3958333333	37422	10098	
42460.40625	36828	11286	
42460.4166666667	40392	10098	
42460.4270833333	43956	7128	
42460.4375	45144	6831	
42460.4479166667	48708	4752	
42460.4583333333	52272	1782	
42460.46875	53460	1188	
42460.4791666667	53460	1188	
42460.4895833333	53460	891	
42460.5	53460	594	
42460.5104166667	52866	891	
42460.5208333333	52866	594	
42460.53125	53460	594	
42460.5416666667	54648	1188	
42460.5520833333	58212	-2079	
42460.5625	57618	-1782	
42460.5729166667	56430	-594	
42460.5833333333	54648	1188	
42460.59375	54054	1782	
42460.6041666667	54648	1188	
42460.6145833333	54054	1782	
42460.625	54648	0	
42460.6354166667	54648	0	
42460.6458333333	55836	-594	
42460.65625	56430	-1188	
42460.6666666667	57618	-2376	
42460.6770833333	57618	-2673	
42460.6875	57618	-2970	
42460.6979166667	57618	-1782	
42461.375	20790	-2079	
42461.3854166667	22572	-1782	
42461.3958333333	35640	-14256	
42461.40625	47520	-24354	
42461.4166666667	49896	-24948	
42461.4270833333	54648	-17820	
42461.4375	54648	-10395	
42461.4479166667	57024	-13365	
42461.4583333333	52866	-11286	
42461.46875	46926	-5346	
42461.4791666667	45738	-2970	
42461.4895833333	43362	-594	
42461.5	43956	-594	
42461.5104166667	41580	2376	
42461.5208333333	35640	7722	
42461.53125	33858	8019	
42461.5416666667	35046	3861	
42461.5520833333	33858	4158	
42461.5625	33264	4158	
42461.5729166667	32670	5049	
42461.5833333333	29106	14850	
42461.59375	24354	19008	
42461.6041666667	26136	15741	
42461.6145833333	34452	8910	
42461.625	36828	7128	
42461.6354166667	36234	8316	
42461.6458333333	35046	12771	
42461.65625	36234	2376	
42461.6666666667	35046	-5940	
42461.6770833333	35640	-6831	
42461.6875	35046	-11286	
42461.6979166667	29700	-6534	
42464.3854166667	23760	-4752	
42464.3958333333	24948	-3861	
42464.40625	42768	-20196	
42464.4166666667	52866	-22572	
42464.4270833333	55836	-15444	
42464.4375	54054	-7722	
42464.4479166667	53460	-4158	
42464.4583333333	54648	-6534	
42464.46875	54648	-5346	
42464.4791666667	56430	-10098	
42464.4895833333	58212	-11880	
42464.5	57024	-8910	
42464.5104166667	53460	-6534	
42464.5208333333	46332	4158	
42464.53125	42174	7128	
42464.5416666667	41580	9207	
42464.5520833333	43956	8019	
42464.5625	48708	3267	
42464.5729166667	46926	594	
42464.5833333333	51084	-1782	
42464.59375	53460	-4158	
42464.6041666667	54648	-8910	
42464.6145833333	54054	-7128	
42464.625	54054	-5346	
42464.6354166667	55242	-4752	
42464.6458333333	54648	-1782	
42464.65625	54648	-297	
42464.6666666667	55836	-1188	
42464.6770833333	56430	-297	
42464.6875	56430	-1188	
42464.6979166667	56430	-1485	
42465.375	20196	3267	
42465.3854166667	20196	5049	
42465.3958333333	23760	7722	
42465.40625	24354	11286	
42465.4166666667	35640	2079	
42465.4270833333	44550	-594	
42465.4375	45144	-1188	
42465.4479166667	44550	0	
42465.4583333333	40392	4158	
42465.46875	40986	4158	
42465.4791666667	42768	2376	
42465.4895833333	43362	4752	
42465.5	43362	4752	
42465.5104166667	42768	6534	
42465.5208333333	36234	13959	
42465.53125	40986	10692	
42465.5416666667	46332	8910	
42465.5520833333	48114	7128	
42465.5625	48114	7128	
42465.5729166667	50490	4455	
42465.5833333333	49302	5940	
42465.59375	46332	9504	
42465.6041666667	49302	6534	
42465.6145833333	52272	3564	
42465.625	51678	4158	
42465.6354166667	53460	2376	
42465.6458333333	55242	594	
42465.65625	54648	1188	
42465.6666666667	53460	1188	
42465.6770833333	53460	594	
42465.6875	52866	1485	
42465.6979166667	53460	1188	
42466.375	48114	-8910	
42466.3854166667	48114	-1782	
42466.3958333333	48708	-12177	
42466.40625	48708	-24948	
42466.4166666667	51084	-23166	
42466.4270833333	51084	-8316	
42466.4375	48114	-4158	
42466.4479166667	50490	-6534	
42466.4583333333	52272	-5940	
42466.46875	54054	-7128	
42466.4791666667	55242	-8316	
42466.4895833333	53460	-2673	
42466.5	51678	-1485	
42466.5104166667	51678	-3564	
42466.5208333333	50490	-3861	
42466.53125	50490	-4158	
42466.5416666667	50490	-5346	
42466.5520833333	49896	-4752	
42466.5625	51678	-6534	
42466.5729166667	53460	-8613	
42466.5833333333	52272	-5049	
42466.59375	54054	-5643	
42466.6041666667	54648	-2376	
42466.6145833333	53460	0	
42466.625	55242	-594	
42466.6354166667	53460	1188	
42466.6458333333	52866	1782	
42466.65625	50490	3861	
42466.6666666667	50490	3564	
42466.6770833333	51084	2376	
42466.6875	54054	-594	
42466.6979166667	54648	-1188	
42467.375	22572	-5940	
42467.3854166667	24354	-5643	
42467.3958333333	27918	-5346	
42467.40625	46332	-21384	
42467.4166666667	52272	-13068	
42467.4270833333	54648	-9504	
42467.4375	55836	-10098	
42467.4479166667	53460	-4158	
42467.4583333333	50490	1485	
42467.46875	51084	3564	
42467.4791666667	50490	4158	
42467.4895833333	49896	4158	
42467.5	49896	3564	
42467.5104166667	54648	-1188	
42467.5208333333	53460	0	
42467.53125	55242	-1188	
42467.5416666667	52866	2376	
42467.5520833333	53460	2970	
42467.5625	55242	1188	
42467.5729166667	55836	0	
42467.5833333333	56430	-1188	
42467.59375	55836	-1188	
42467.6041666667	55242	-1188	
42467.6145833333	54648	0	
42467.625	54648	0	
42467.6354166667	54648	0	
42467.6458333333	54648	1188	
42467.65625	54648	1188	
42467.6666666667	56430	-594	
42467.6770833333	57618	-1782	
42467.6875	56430	0	
42467.6979166667	56430	-594	
42468.375	38016	-15147	
42468.3854166667	44550	-18414	
42468.3958333333	46926	-9207	
42468.40625	47520	-7128	
42468.4166666667	48708	-6534	
42468.4270833333	48708	-3267	
42468.4375	51084	-4158	
42468.4479166667	52272	-4752	
42468.4583333333	52272	-3564	
42468.46875	49896	-1188	
42468.4791666667	49896	-594	
42468.4895833333	50490	-1782	
42468.5	49302	-1188	
42468.5104166667	49302	-2673	
42468.5208333333	49896	-5346	
42468.53125	53460	-12177	
42468.5416666667	55836	-17820	
42468.5520833333	57024	-16632	
42468.5625	55836	-15444	
42468.5729166667	55836	-13068	
42468.5833333333	57024	-9504	
42468.59375	54054	-4455	
42468.6041666667	54054	-2673	
42468.6145833333	55836	-2970	
42468.625	56430	-2970	
42468.6354166667	55836	-2376	
42468.6458333333	56430	-2079	
42468.65625	55836	-2376	
42468.6666666667	55836	-1188	
42468.6770833333	54648	0	
42468.6875	55242	-297	
42468.6979166667	53460	1188	
42471.375	32076	7722	
42471.3854166667	42768	-5346	
42471.40625	43362	-21978	
42471.4166666667	43362	-19899	
42471.4270833333	36234	-9504	
42471.4375	37422	-2376	
42471.4479166667	38610	4158	
42471.4583333333	40392	7128	
42471.46875	36234	17226	
42471.4791666667	35046	19305	
42471.4895833333	33858	20790	
42471.5	36828	16929	
42471.5104166667	35640	11286	
42471.5208333333	43956	2376	
42471.53125	45144	-891	
42471.5416666667	48708	-4752	
42471.5520833333	51084	-5346	
42471.5625	51678	-4455	
42471.5729166667	52272	-297	
42471.5833333333	51678	594	
42471.59375	51678	1782	
42471.6041666667	49302	4752	
42471.6145833333	48114	5940	
42471.625	46926	7722	
42471.6354166667	48708	5940	
42471.6458333333	52272	2376	
42471.65625	53460	1188	
42471.6666666667	53460	1188	
42471.6770833333	53460	1188	
42471.6875	51678	2970	
42471.6979166667	51084	3564	
42472.375	49896	-23166	
42472.3854166667	51678	-24948	
42472.3958333333	49896	-22572	
42472.40625	46926	-12474	
42472.4166666667	48708	-6534	
42472.4270833333	50490	-6237	
42472.4375	49302	-5346	
42472.4479166667	42174	1782	
42472.4583333333	39204	4455	
42472.46875	36234	4752	
42472.4791666667	36234	4752	
42472.4895833333	35046	5940	
42472.5	30888	9801	
42472.5104166667	26730	14850	
42472.5208333333	24948	19305	
42472.53125	34452	11583	
42472.5416666667	43956	2376	
42472.5520833333	43362	2970	
42472.5625	47520	-2079	
42472.5729166667	42174	4752	
42472.5833333333	44550	2970	
42472.59375	42174	8613	
42472.6041666667	35640	15444	
42472.6145833333	30294	21978	
42472.625	20196	32076	
42472.6354166667	19008	33264	
42472.6458333333	20790	31482	
42472.65625	21384	30888	
42472.6666666667	21384	30888	
42472.6770833333	25542	27324	
42472.6875	33858	17226	
42472.6979166667	33264	17820	
42473.375	16038	13662	
42473.3854166667	16038	21384	
42473.3958333333	16038	20196	
42473.40625	16038	11880	
42473.4166666667	21384	21384	
42473.4270833333	18414	24948	
42473.4375	20196	26433	
42473.4479166667	20790	27918	
42473.4583333333	21384	28215	
42473.46875	19008	33264	
42473.4791666667	19602	38016	
42473.4895833333	20790	35046	
42473.5	21978	31779	
42473.5104166667	22572	29700	
42473.5208333333	24948	27324	
42473.53125	33264	19008	
42473.5416666667	35640	18414	
42473.5520833333	32670	21384	
42473.5625	25542	29106	
42473.5729166667	21978	32076	
42473.5833333333	32076	21978	
42473.59375	36828	16632	
42473.6041666667	35640	17820	
42473.6145833333	31482	20790	
42473.625	28512	23760	
42473.6354166667	26136	24948	
42473.6458333333	26136	24948	
42473.65625	34452	16632	
42473.6666666667	35640	15444	
42473.6770833333	36828	13662	
42473.6875	32076	18711	
42473.6979166667	27324	23166	
42474.375	13068	5346	
42474.3854166667	14850	6534	
42474.3958333333	13662	8316	
42474.40625	15444	7128	
42474.4166666667	15444	8613	
42474.4270833333	19008	8910	
42474.4375	18414	18414	
42474.4479166667	18414	25542	
42474.4583333333	19602	24948	
42474.46875	21384	20196	
42474.4791666667	19602	19008	
42474.4895833333	19602	25839	
42474.5	23760	14553	
42474.5104166667	21978	15147	
42474.5208333333	18414	17226	
42474.53125	19602	12474	
42474.5416666667	23760	13068	
42474.5520833333	24354	19602	
42474.5625	17820	30888	
42474.5729166667	16632	30294	
42474.5833333333	20790	25542	
42474.59375	18414	27918	
42474.6041666667	18414	29106	
42474.6145833333	14850	33264	
42474.625	13662	34452	
42474.6354166667	17820	30294	
42474.6458333333	18414	28512	
42474.65625	19008	27918	
42474.6666666667	18414	28512	
42474.6770833333	14256	33264	
42474.6875	14256	33264	
42474.6979166667	16038	32670	
42475.375	15444	2376	
42475.3854166667	15444	4158	
42475.3958333333	19008	891	
42475.40625	18414	3861	
42475.4166666667	18414	2970	
42475.4270833333	18414	5940	
42475.4375	21978	1188	
42475.4479166667	20790	3564	
42475.4583333333	19602	8910	
42475.46875	20790	15147	
42475.4791666667	20790	21978	
42475.4895833333	19602	23760	
42475.5	19602	23760	
42475.5104166667	20790	20790	
42475.5208333333	20790	23166	
42475.53125	22572	23166	
42475.5416666667	25542	21384	
42475.5520833333	29700	17523	
42475.5625	31482	15444	
42475.5729166667	24354	21384	
42475.5833333333	21978	27027	
42475.59375	29700	17820	
42475.6041666667	35640	15444	
42475.6145833333	33858	16632	
42475.625	29106	22275	
42475.6354166667	23760	28215	
42475.6458333333	23760	28809	
42475.65625	36828	16632	
42475.6666666667	35640	19008	
42475.6770833333	35640	19008	
42475.6875	36828	17820	
42475.6979166667	33264	20790	
42478.375	16632	2970	
42478.3854166667	19008	1782	
42478.3958333333	19008	2970	
42478.40625	20196	2376	
42478.4166666667	20790	13662	
42478.4270833333	21384	20196	
42478.4375	21384	26730	
42478.4479166667	24948	27027	
42478.4583333333	30294	22275	
42478.46875	35046	19602	
42478.4791666667	35046	19602	
42478.4895833333	27324	27324	
42478.5	21384	30888	
42478.5104166667	21978	29997	
42478.5208333333	29106	21681	
42478.53125	30294	19305	
42478.5416666667	29700	21384	
42478.5520833333	25542	25542	
42478.5625	27324	24354	
42478.5729166667	40392	11583	
42478.5833333333	40986	11286	
42478.59375	47520	5049	
42478.6041666667	46332	5940	
42478.6145833333	43956	8613	
42478.625	40392	13068	
42478.6354166667	39798	14256	
42478.6458333333	36234	17820	
42478.65625	36234	18414	
42478.6666666667	36828	17820	
42478.6770833333	35640	19008	
42478.6875	36828	17820	
42478.6979166667	36828	17820	
42479.375	29700	12474	
42479.3854166667	31482	6534	
42479.3958333333	32076	5940	
42479.40625	33264	4752	
42479.4166666667	32670	10098	
42479.4270833333	31482	12474	
42479.4375	24948	22275	
42479.4479166667	23166	23166	
42479.4583333333	37422	7128	
42479.46875	41580	1188	
42479.4791666667	40392	2673	
42479.4895833333	40986	3267	
42479.5	40392	4752	
42479.5104166667	39798	7722	
42479.5208333333	39204	8316	
42479.53125	43362	5643	
42479.5416666667	42768	9504	
42479.5520833333	43956	9504	
42479.5625	48708	5049	
42479.5729166667	48708	5940	
42479.5833333333	52272	1782	
42479.59375	51678	4158	
42479.6041666667	52866	2673	
42479.6145833333	54054	1782	
42479.625	51084	4752	
42479.6354166667	52272	3564	
42479.6458333333	49896	5940	
42479.65625	51084	4455	
42479.6666666667	51678	2970	
42479.6770833333	54648	-594	
42479.6875	54648	0	
42479.6979166667	54054	594	
42480.375	22572	-1782	
42480.3854166667	38016	-15147	
42480.3958333333	38016	-14256	
42480.40625	35046	-10692	
42480.4166666667	33264	-5346	
42480.4270833333	27918	14850	
42480.4375	28512	16632	
42480.4479166667	33264	13365	
42480.4583333333	39204	9504	
42480.46875	39204	9504	
42480.4791666667	39204	9504	
42480.4895833333	36828	13959	
42480.5	35640	17226	
42480.5104166667	33858	18414	
42480.5208333333	31482	20790	
42480.53125	29106	22572	
42480.5416666667	33858	18414	
42480.5520833333	37422	15147	
42480.5625	40392	11880	
42480.5729166667	39204	13068	
42480.5833333333	36828	16632	
42480.59375	39798	13959	
42480.6041666667	36234	17820	
42480.6145833333	36828	17226	
42480.625	34452	19008	
42480.6354166667	35640	17226	
42480.6458333333	35640	17820	
42480.65625	37422	16038	
42480.6666666667	43956	10692	
42480.6770833333	40392	14256	
42480.6875	39798	14850	
42480.6979166667	39204	13959	
42481.375	21384	-4752	
42481.3854166667	21384	-2673	
42481.3958333333	23166	-2376	
42481.40625	25542	-5346	
42481.4166666667	27324	-4752	
42481.4270833333	26730	5346	
42481.4375	26730	17820	
42481.4479166667	38016	5940	
42481.4583333333	36234	4158	
42481.46875	32670	9504	
42481.4791666667	28512	9801	
42481.4895833333	26730	11583	
42481.5	34452	4455	
42481.5104166667	32670	4455	
42481.5208333333	34452	-2376	
42481.53125	29700	5643	
42481.5416666667	26136	9504	
42481.5520833333	27324	12474	
42481.5625	36234	2079	
42481.5729166667	36828	10989	
42481.5833333333	36828	11880	
42481.59375	39204	10989	
42481.6041666667	36828	1485	
42481.6145833333	36828	3861	
42481.625	35640	-10098	
42481.6354166667	36828	17523	
42481.6458333333	36828	17820	
42481.65625	39204	15444	
42481.6666666667	42174	12474	
42481.6770833333	42768	11880	
42481.6875	48114	6534	
42481.6979166667	49896	4752	
42482.375	30888	-6534	
42482.3854166667	38016	5643	
42482.3958333333	40392	5940	
42482.40625	39798	8910	
42482.4166666667	40392	8910	
42482.4270833333	40392	8910	
42482.4375	40986	6534	
42482.4479166667	40986	7128	
42482.4583333333	43362	6534	
42482.46875	43362	5346	
42482.4791666667	44550	3564	
42482.4895833333	45144	1782	
42482.5	46926	-1188	
42482.5104166667	43956	594	
42482.5208333333	46332	-3267	
42482.53125	43956	-891	
42482.5416666667	42174	2079	
42482.5520833333	41580	1782	
42482.5625	43362	3564	
42482.5729166667	43362	3564	
42482.5833333333	46926	891	
42482.59375	46332	4752	
42482.6041666667	45738	6831	
42482.6145833333	46332	7128	
42482.625	46332	8019	
42482.6354166667	43956	10692	
42482.6458333333	43956	10692	
42482.65625	43956	10692	
42482.6666666667	42768	11880	
42482.6770833333	43362	11286	
42482.6875	45738	8910	
42482.6979166667	44550	10098	
42485.375	13662	23760	
42485.3854166667	16038	23166	
42485.3958333333	16038	25839	
42485.40625	19008	23166	
42485.4166666667	20196	19602	
42485.4270833333	21384	15444	
42485.4375	20790	16632	
42485.4479166667	21978	23760	
42485.4583333333	25542	22869	
42485.46875	31482	16929	
42485.4791666667	36234	13662	
42485.4895833333	35046	17226	
42485.5	30888	21978	
42485.5104166667	26136	26730	
42485.5208333333	32670	20196	
42485.53125	33858	19305	
42485.5416666667	35640	18117	
42485.5520833333	39798	14850	
42485.5625	40392	14256	
42485.5729166667	35640	19008	
42485.5833333333	36828	17226	
42485.59375	40986	13068	
42485.6041666667	41580	12474	
42485.6145833333	43956	8316	
42485.625	45144	7128	
42485.6354166667	44550	7722	
42485.6458333333	43956	8910	
42485.65625	45144	7722	
42485.6666666667	46332	6534	
42485.6770833333	44550	8316	
42485.6875	43362	10692	
42485.6979166667	45738	8316	
42486.375	44550	-2970	
42486.3854166667	44550	-1782	
42486.3958333333	41580	2376	
42486.4166666667	40392	14850	
42486.4270833333	40986	13662	
42486.4375	40392	14850	
42486.4479166667	39204	16632	
42486.4583333333	40392	16335	
42486.46875	42768	14256	
42486.4791666667	40392	13662	
42486.4895833333	42768	4752	
42486.5	38610	15444	
42486.5104166667	39204	16038	
42486.5208333333	36234	20196	
42486.53125	41580	14850	
42486.5416666667	49896	7128	
42486.5520833333	49302	6237	
42486.5625	52272	2970	
42486.5729166667	56430	-2673	
42486.5833333333	57024	0	
42486.59375	56430	594	
42486.6041666667	57024	0	
42486.6145833333	56430	594	
42486.625	55242	2079	
42486.6354166667	54648	2079	
42486.6458333333	53460	1782	
42486.65625	51678	2970	
42486.6666666667	53460	0	
42486.6770833333	51678	1782	
42486.6875	51678	1782	
42486.6979166667	51678	2376	
42487.375	20196	9207	
42487.3854166667	20196	19008	
42487.3958333333	20196	19008	
42487.40625	24354	21978	
42487.4166666667	37422	10692	
42487.4270833333	41580	7722	
42487.4375	39204	9207	
42487.4479166667	37422	11286	
42487.4583333333	39204	9504	
42487.46875	36828	13662	
42487.4791666667	39798	11286	
42487.4895833333	40986	10395	
42487.5	40986	7425	
42487.5104166667	40392	5940	
42487.5208333333	41580	4158	
42487.53125	38610	5940	
42487.5416666667	38016	5346	
42487.5520833333	39204	5643	
42487.5625	40986	2970	
42487.5729166667	43362	2673	
42487.5833333333	43362	8910	
42487.59375	48708	3564	
42487.6041666667	51084	2079	
42487.6145833333	52272	1188	
42487.625	51678	1782	
42487.6354166667	51678	1782	
42487.6458333333	51678	2970	
42487.65625	52272	2376	
42487.6666666667	49302	5940	
42487.6770833333	51678	3267	
42487.6875	49302	5643	
42487.6979166667	49302	3564	
42488.375	39204	-2970	
42488.3854166667	40392	1782	
42488.3958333333	38610	6534	
42488.40625	38016	8613	
42488.4166666667	39798	9504	
42488.4270833333	39798	10989	
42488.4375	41580	10098	
42488.4479166667	40392	11880	
42488.4583333333	42768	10692	
42488.46875	43956	10692	
42488.4791666667	42768	10692	
42488.4895833333	43956	10098	
42488.5	45144	8613	
42488.5104166667	46332	7128	
42488.5208333333	46332	8316	
42488.53125	43362	11880	
42488.5416666667	43362	12474	
42488.5520833333	46332	9801	
42488.5625	46926	8910	
42488.5729166667	48708	7128	
42488.5833333333	50490	4158	
42488.59375	51678	2673	
42488.6041666667	51678	2673	
42488.6145833333	51678	2970	
42488.625	53460	2970	
42488.6354166667	52272	3564	
42488.6458333333	51678	4158	
42488.65625	52272	3564	
42488.6666666667	51678	4158	
42488.6770833333	51678	5049	
42488.6875	52866	3861	
42488.6979166667	53460	2376	
42489.375	33264	12771	
42489.3854166667	40392	4158	
42489.3958333333	39798	5346	
42489.40625	36234	8910	
42489.4166666667	37422	9504	
42489.4270833333	36828	10395	
42489.4375	37422	14850	
42489.4479166667	38610	13662	
42489.4583333333	40986	12177	
42489.46875	43362	9801	
42489.4791666667	43362	9504	
42489.4895833333	40392	11880	
42489.5	42174	9504	
42489.5104166667	42768	10692	
42489.5208333333	41580	13662	
42489.53125	40392	16929	
42489.5416666667	40392	18117	
42489.5520833333	42768	15147	
42489.5625	43362	13662	
42489.5729166667	44550	12474	
42489.6145833333	48708	7128	
42489.6770833333	51678	3564	
42489.6875	50490	4158	
42489.6979166667	49302	5346	
42492.375	20196	-2673	
42492.3854166667	21384	-1188	
42492.3958333333	23166	-1782	
42492.40625	21384	3564	
42492.4166666667	17820	17820	
42492.4270833333	16632	22572	
42492.4375	19008	26136	
42492.4479166667	20790	26136	
42492.4583333333	21978	16929	
42492.46875	23760	17226	
42492.4791666667	26730	19008	
42492.4895833333	29700	19008	
42492.5	33858	15444	
42492.5104166667	33264	15444	
42492.5208333333	26136	23166	
42492.53125	21978	28215	
42492.5416666667	29700	19008	
42492.5520833333	38610	11880	
42492.5625	36828	14553	
42492.5729166667	36828	15147	
42492.5833333333	35046	11880	
42492.59375	32670	14256	
42492.6041666667	27918	17226	
42492.6145833333	25542	21681	
42492.625	26136	20196	
42492.6354166667	32076	16038	
42492.6458333333	35046	14553	
42492.65625	36234	15741	
42492.6666666667	33264	19305	
42492.6770833333	33264	19305	
42492.6875	34452	16038	
42492.6979166667	31482	18414	
42494.375	16038	5940	
42494.3854166667	16038	21384	
42494.3958333333	21384	15147	
42494.40625	27324	12771	
42494.4166666667	29700	13068	
42494.4270833333	29106	14850	
42494.4375	19008	26136	
42494.4479166667	21384	25542	
42494.4583333333	21978	24948	
42494.46875	27918	21681	
42494.4791666667	36828	13662	
42494.4895833333	39798	10989	
42494.5	40986	9207	
42494.5104166667	40986	5940	
42494.5208333333	39798	6534	
42494.53125	37422	7722	
42494.5416666667	36828	7128	
42494.5520833333	40986	2376	
42494.5625	36828	8910	
42494.5729166667	42768	594	
42494.5833333333	45144	5049	
42494.59375	46332	5940	
42494.6041666667	43362	8910	
42494.6145833333	46926	6534	
42494.625	49302	4455	
42494.6354166667	49302	4752	
42494.6458333333	48114	5346	
42494.65625	50490	2376	
42494.6666666667	54054	0	
42494.6770833333	51084	2376	
42494.6875	49302	2376	
42494.6979166667	46332	4158	
42495.375	20196	20196	
42495.3854166667	21384	20196	
42495.3958333333	42768	0	
42495.40625	48708	-5643	
42495.4166666667	47520	594	
42495.4270833333	46926	1782	
42495.4375	43956	7128	
42495.4479166667	44550	7128	
42495.4583333333	47520	4158	
42495.46875	45738	6534	
42495.4791666667	42768	10692	
42495.4895833333	43956	9504	
42495.5	42768	10395	
42495.5104166667	41580	11286	
42495.5208333333	38610	14850	
42495.53125	36828	16632	
42495.5416666667	39798	14850	
42495.5520833333	42174	13068	
42495.5625	43362	12474	
42495.5729166667	43956	11880	
42495.5833333333	46926	8910	
42495.59375	45738	9504	
42495.6041666667	47520	7128	
42495.6145833333	47520	7128	
42495.625	49896	4752	
42495.6354166667	48114	6534	
42495.6458333333	50490	4455	
42495.65625	47520	8316	
42495.6666666667	47520	8613	
42495.6770833333	49896	6534	
42495.6875	49896	6534	
42495.6979166667	51678	4158	
42496.375	32076	12177	
42496.3854166667	38016	2376	
42496.3958333333	40392	3564	
42496.40625	35640	12474	
42496.4166666667	31482	17820	
42496.4270833333	26136	23166	
42496.4375	25542	26136	
42496.4479166667	39204	12474	
42496.4583333333	40392	11286	
42496.46875	40986	3564	
42496.4791666667	39798	5346	
42496.4895833333	40392	5643	
42496.5	45144	297	
42496.5104166667	39798	6534	
42496.5208333333	39798	4158	
42496.53125	41580	1188	
42496.5416666667	44550	-2079	
42496.5520833333	43956	-1188	
42496.5625	42768	594	
42496.5729166667	43362	2376	
42496.5833333333	43956	2376	
42496.59375	42768	2673	
42496.6041666667	44550	1188	
42496.6145833333	46332	594	
42496.625	46926	1782	
42496.6354166667	46332	4158	
42496.6458333333	46926	3564	
42496.65625	46332	4752	
42496.6666666667	43956	7128	
42496.6770833333	46332	4752	
42496.6875	46332	4158	
42496.6979166667	46332	2970	
42499.375	19008	13068	
42499.3854166667	20196	6534	
42499.3958333333	19602	19602	
42499.40625	20790	20196	
42499.4166666667	21384	22572	
42499.4270833333	26136	18414	
42499.4375	35640	11286	
42499.4479166667	36234	11880	
42499.4583333333	35640	12474	
42499.46875	35046	12474	
42499.4791666667	28512	13365	
42499.4895833333	28512	13365	
42499.5	39204	4158	
42499.5104166667	35640	16632	
42499.5208333333	36828	16038	
42499.53125	36828	7722	
42499.5416666667	35046	8910	
42499.5520833333	36828	10395	
42499.5625	36234	11286	
42499.5729166667	38016	8910	
42499.5833333333	40986	6237	
42499.59375	40986	6534	
42499.6041666667	42174	6831	
42499.6145833333	39204	10989	
42499.625	40986	7425	
42499.6354166667	39204	10989	
42499.6458333333	40986	9207	
42499.65625	43956	6831	
42499.6666666667	44550	6237	
42499.6770833333	43362	7425	
42499.6875	42768	7425	
42499.6979166667	40392	5346	
42500.375	38016	6237	
42500.3854166667	39204	5049	
42500.3958333333	39204	4752	
42500.40625	38016	10692	
42500.4166666667	36828	8019	
42500.4270833333	38610	14850	
42500.4375	36234	20196	
42500.4479166667	35640	21087	
42500.4583333333	36828	19899	
42500.46875	38610	18414	
42500.4791666667	36234	20790	
42500.4895833333	38016	19602	
42500.5104166667	40392	19602	
42500.5208333333	40986	17820	
42500.53125	40392	15444	
42500.5416666667	43362	12474	
42500.5520833333	45144	11286	
42500.5625	46926	10098	
42500.5729166667	48114	8910	
42500.6979166667	52272	5346	
42501.375	22572	21384	
42501.3854166667	30888	16632	
42501.3958333333	38016	10692	
42501.40625	36828	13662	
42501.4166666667	35046	16632	
42501.4270833333	27918	25542	
42501.4375	26730	27027	
42501.4479166667	35640	18711	
42501.4583333333	36234	17820	
42501.46875	35046	19008	
42501.4791666667	35046	19008	
42501.4895833333	36828	16632	
42501.5	36828	17226	
42501.5104166667	37422	17226	
42501.5208333333	36234	18414	
42501.53125	37422	18711	
42501.5416666667	39798	17523	
42501.5520833333	38610	17226	
42501.5625	36828	19008	
42501.5729166667	36828	19008	
42501.5833333333	36828	19305	
42501.59375	38610	16632	
42501.6041666667	40986	14256	
42501.6145833333	45144	10395	
42501.625	48114	8019	
42501.6354166667	51084	4752	
42501.6458333333	52272	3564	
42501.65625	52272	3564	
42501.6666666667	52272	3861	
42501.6770833333	54648	1188	
42501.6875	54054	1782	
42501.6979166667	51678	4158	
42502.375	21384	20493	
42502.3854166667	22572	20196	
42502.3958333333	31482	17226	
42502.40625	36234	7722	
42502.4166666667	37422	8910	
42502.4270833333	37422	7128	
42502.4375	39798	8910	
42502.4479166667	36828	14850	
42502.4583333333	37422	14850	
42502.46875	35046	17820	
42502.4791666667	35046	16929	
42502.4895833333	34452	19008	
42502.5	32670	20790	
42502.5104166667	31482	21978	
42502.5208333333	27918	25839	
42502.53125	27324	26136	
42502.5416666667	36828	16335	
42502.5520833333	40986	13662	
42502.5625	39798	16038	
42502.5729166667	35640	20196	
42502.5833333333	36234	19008	
42502.59375	33264	21384	
42502.6041666667	33264	20790	
42502.6145833333	35640	19008	
42502.625	35640	19008	
42502.6354166667	34452	20196	
42502.6458333333	35046	19602	
42502.65625	35640	20196	
42502.6666666667	35640	19008	
42502.6770833333	37422	17226	
42502.6875	37422	17226	
42502.6979166667	39798	14850	
42503.375	20196	17226	
42503.3854166667	21384	19602	
42503.3958333333	20196	21978	
42503.40625	26730	17226	
42503.4270833333	39798	-2376	
42503.4375	39798	-891	
42503.4479166667	37422	3564	
42503.4583333333	43362	-2376	
42503.46875	40986	2376	
42503.4791666667	39204	4158	
42503.4895833333	39204	5049	
42503.5	43362	1782	
42503.5208333333	46926	5346	
42503.5416666667	46332	8316	
42503.5520833333	46332	8316	
42503.5625	46332	8316	
42503.5729166667	46926	2673	
42503.59375	50490	-6237	
42503.6041666667	51678	-6831	
42503.625	52272	-5049	
42503.6354166667	52866	-5643	
42503.6458333333	54054	-5346	
42503.65625	52272	-3564	
42503.6666666667	51678	-3267	
42503.6875	52866	-6534	
42506.375	13662	4455	
42506.3854166667	14256	6534	
42506.3958333333	15444	7128	
42506.40625	22572	0	
42506.4166666667	21384	4158	
42506.4270833333	21978	8910	
42506.4375	18414	18414	
42506.4479166667	17820	29700	
42506.4583333333	19008	29700	
42506.46875	20790	27918	
42506.4791666667	21978	26136	
42506.4895833333	21384	26730	
42506.5	21384	27324	
42506.5104166667	22572	25245	
42506.5208333333	26136	20790	
42506.53125	29700	15444	
42506.5416666667	36234	9207	
42506.5520833333	36234	10098	
42506.5625	29700	16632	
42506.5729166667	24948	22572	
42506.5833333333	26136	25245	
42506.59375	35640	14553	
42506.6041666667	36234	13068	
42506.6145833333	37422	11583	
42506.625	37422	15444	
42506.6354166667	33858	19602	
42506.6458333333	36234	17820	
42506.65625	36828	17820	
42506.6666666667	41580	13068	
42506.6770833333	40392	14256	
42506.6875	43956	10692	
42506.6979166667	44550	10098	
42507.375	13662	16038	
42507.3854166667	13662	18414	
42507.3958333333	13662	20196	
42507.40625	18414	15444	
42507.4166666667	20790	16929	
42507.4270833333	20790	21384	
42507.4375	17820	26136	
42507.4479166667	15444	29106	
42507.4583333333	16038	28512	
42507.46875	16038	24948	
42507.4791666667	21384	20196	
42507.4895833333	20790	21978	
42507.5	21978	21087	
42507.5104166667	21384	19008	
42507.5208333333	22572	20196	
42507.53125	22572	22275	
42507.5416666667	24948	23760	
42507.5520833333	28512	24057	
42507.5625	33858	19305	
42507.5729166667	35640	17820	
42507.5833333333	32076	21978	
42507.59375	33264	20790	
42507.6041666667	32076	21978	
42507.6145833333	33264	21087	
42507.625	32076	22275	
42507.6354166667	25542	29997	
42507.6458333333	26136	29106	
42507.65625	39204	15444	
42507.6666666667	37422	17226	
42507.6770833333	36828	17226	
42507.6875	35640	18414	
42507.6979166667	34452	20196	
42508.375	15444	5346	
42508.3854166667	15444	8910	
42508.3958333333	15444	10692	
42508.40625	16038	16038	
42508.4166666667	19602	18117	
42508.4270833333	16038	26136	
42508.4375	19008	24948	
42508.4479166667	18414	25542	
42508.4583333333	19008	27324	
42508.46875	18414	28215	
42508.4791666667	16632	27918	
42508.4895833333	17820	24948	
42508.5	17820	25542	
42508.5104166667	19008	28809	
42508.5208333333	19602	27621	
42508.53125	16632	34452	
42508.5416666667	13662	35640	
42508.5520833333	14850	35046	
42508.5625	16038	32076	
42508.5729166667	19602	26136	
42508.5833333333	19602	27027	
42508.59375	22572	24948	
42508.6041666667	20790	27324	
42508.6145833333	23166	27324	
42508.625	22572	29700	
42508.6354166667	26136	26136	
42508.6458333333	24354	27918	
42508.65625	20196	32076	
42508.6666666667	26136	28512	
42508.6770833333	29106	25542	
42508.6875	25542	29106	
42508.6979166667	24354	29403	
42509.375	13662	7128	
42509.3854166667	14850	6534	
42509.3958333333	15444	7722	
42509.40625	16038	9504	
42509.4166666667	15444	18414	
42509.4270833333	19008	13068	
42509.4375	18414	19602	
42509.4479166667	18414	24354	
42509.4583333333	18414	24948	
42509.46875	17820	14850	
42509.4791666667	17820	16929	
42509.4895833333	15444	22572	
42509.5	16632	33264	
42509.5104166667	14850	28215	
42509.5208333333	14850	32076	
42509.53125	13662	30591	
42509.5416666667	13662	29700	
42509.5520833333	13662	30294	
42509.5625	13662	30591	
42509.5729166667	13662	30294	
42509.5833333333	13662	32670	
42509.59375	13662	36828	
42509.6041666667	13662	35937	
42509.6145833333	13068	35640	
42509.625	13068	35640	
42509.6354166667	14256	35343	
42509.6458333333	14256	33858	
42509.65625	16038	30888	
42509.6666666667	16632	30294	
42509.6770833333	13662	33858	
42509.6875	14256	34452	
42509.6979166667	14256	35046	
42510.375	14850	8316	
42510.3854166667	17820	7128	
42510.3958333333	16038	19602	
42510.40625	19008	18414	
42510.4166666667	19602	20790	
42510.4270833333	19602	23760	
42510.4375	19602	27918	
42510.4479166667	19602	32373	
42510.4583333333	21384	34155	
42510.46875	20196	35640	
42510.4791666667	21384	34452	
42510.4895833333	21978	31482	
42510.5	21384	31482	
42510.5104166667	21384	29106	
42510.5208333333	20196	29997	
42510.53125	19008	29403	
42510.5416666667	23760	23166	
42510.5520833333	25542	17523	
42510.5625	24948	18414	
42510.5729166667	35640	10098	
42510.5833333333	39204	8316	
42510.59375	37422	12177	
42510.6041666667	36234	14553	
42510.6145833333	35046	16929	
42510.625	37422	16038	
42510.6354166667	39204	14553	
42510.6458333333	38016	16335	
42510.65625	35046	18414	
42510.6666666667	35640	19008	
42510.6770833333	35046	19602	
42510.6875	36234	17523	
42510.6979166667	34452	19008	
42514.375	25542	16038	
42514.3854166667	33264	8316	
42514.3958333333	30294	10098	
42514.40625	23760	19305	
42514.4166666667	21978	21681	
42514.4270833333	31482	13365	
42514.4375	35046	3564	
42514.4479166667	34452	2079	
42514.4583333333	34452	2376	
42514.46875	36234	3267	
42514.4791666667	33858	8910	
42514.4895833333	32670	5643	
42514.5	30888	8316	
42514.5104166667	33264	7425	
42514.5208333333	33264	7425	
42514.53125	33858	8316	
42514.5416666667	35046	8316	
42514.5520833333	37422	7722	
42514.5625	38610	8316	
42514.5729166667	40986	7128	
42514.5833333333	42174	5940	
42514.59375	42174	5940	
42514.6041666667	46332	4752	
42514.6145833333	50490	594	
42514.625	51678	594	
42514.6354166667	52272	1782	
42514.6458333333	51678	2970	
42514.65625	51678	2376	
42514.6666666667	49302	5346	
42514.6770833333	51678	2970	
42514.6875	51678	2970	
42514.6979166667	50490	3564	
42515.4166666667	35046	24948	
42515.4270833333	38016	21978	
42515.4375	39204	19008	
42515.4479166667	38610	18414	
42515.4583333333	39204	17820	
42515.46875	37422	19602	
42515.4791666667	40986	16038	
42515.4895833333	40986	16038	
42515.5	40392	13068	
42515.5104166667	42174	11880	
42515.5208333333	42174	12474	
42515.53125	44550	12474	
42515.5416666667	44550	14553	
42515.5520833333	45738	13068	
42515.5625	48114	8910	
42515.5729166667	49302	5346	
42515.5833333333	49896	-3267	
42515.59375	50490	-2673	
42515.6041666667	50490	-594	
42515.6145833333	50490	-2376	
42515.625	50490	594	
42515.6354166667	50490	1782	
42515.6458333333	51678	2376	
42515.65625	54054	0	
42515.6666666667	54054	1782	
42515.6770833333	54054	1782	
42515.6875	51678	4158	
42515.6979166667	51678	3861	
42516.375	31482	-8910	
42516.3854166667	45738	-18711	
42516.3958333333	45738	-4455	
42516.40625	44550	1485	
42516.4166666667	40986	5940	
42516.4270833333	36828	10395	
42516.4375	36234	11880	
42516.4479166667	36828	12474	
42516.4583333333	32670	18711	
42516.46875	32670	17820	
42516.4791666667	32670	20196	
42516.4895833333	32670	11286	
42516.5	31482	13068	
42516.5104166667	29700	14256	
42516.5208333333	19602	28215	
42516.53125	16632	27918	
42516.5416666667	19602	23760	
42516.5520833333	24354	14256	
42516.5625	31482	7128	
42516.5729166667	30294	8316	
42516.5833333333	30888	15444	
42516.59375	27324	20790	
42516.6041666667	30294	8910	
42516.6145833333	32076	12177	
42516.625	27918	16335	
42516.6354166667	21384	30294	
42516.6458333333	17820	34155	
42516.65625	21978	29700	
42516.6666666667	29700	20790	
42516.6770833333	30294	19602	
42516.6875	30294	20493	
42516.6979166667	26136	23166	
42517.375	7722	18414	
42517.3854166667	14850	16038	
42517.3958333333	16038	21978	
42517.40625	18414	21978	
42517.4166666667	17820	22572	
42517.4270833333	17226	23166	
42517.4375	19602	24354	
42517.4479166667	20790	25245	
42517.4583333333	21978	21681	
42517.46875	17226	27918	
42517.4791666667	16038	28215	
42517.4895833333	15444	27918	
42517.5	16632	24948	
42517.5104166667	16632	23760	
42517.5208333333	16038	22869	
42517.53125	15444	23463	
42517.5416666667	13068	25542	
42517.5520833333	18414	18117	
42517.5625	17226	17523	
42517.5833333333	15444	23166	
42517.59375	18414	25542	
42517.6041666667	17820	31185	
42517.6145833333	14850	36828	
42517.625	17820	33858	
42517.6354166667	20790	29997	
42517.6458333333	19602	31185	
42517.65625	17820	34452	
42517.6666666667	21978	31482	
42517.6770833333	22572	32076	
42517.6875	18414	33561	
42517.6979166667	17226	34155	
42520.375	5346	16038	
42520.3854166667	11286	11286	
42520.3958333333	11880	11286	
42520.40625	11286	14256	
42520.4166666667	11286	15741	
42520.4270833333	12474	19602	
42520.4375	11286	17820	
42520.4479166667	11286	22572	
42520.4583333333	11286	24948	
42520.46875	11286	30294	
42520.4791666667	11286	36234	
42520.4895833333	13068	34452	
42520.5	11880	31779	
42520.5104166667	12474	24057	
42520.5208333333	11880	24354	
42520.53125	12474	23166	
42520.5416666667	13662	23166	
42520.5520833333	13662	24651	
42520.5625	13068	25839	
42520.5729166667	13068	25542	
42520.5833333333	13662	25245	
42520.59375	14256	27324	
42520.6041666667	16038	26136	
42520.6145833333	16038	28215	
42520.625	16038	28809	
42520.6354166667	17226	28215	
42520.6458333333	17226	31482	
42520.65625	17226	29106	
42520.6666666667	17226	27918	
42520.6770833333	17226	27324	
42520.6875	17226	27324	
42520.6979166667	18414	27324	
42521.375	7722	30888	
42521.3854166667	23760	16632	
42521.3958333333	27918	11880	
42521.40625	26730	11286	
42521.4166666667	19008	18414	
42521.4270833333	18414	18117	
42521.4375	24354	11286	
42521.4479166667	26730	8910	
42521.4583333333	30294	5643	
42521.46875	31482	4752	
42521.4791666667	29106	7128	
42521.4895833333	21384	15741	
42521.5	20196	18414	
42521.5104166667	26730	10692	
42521.5208333333	30888	9504	
42521.53125	30294	10989	
42521.5416666667	23166	18414	
42521.5520833333	20790	29106	
42521.5625	32076	22275	
42521.5729166667	36234	20790	
42521.5833333333	38610	18414	
42521.59375	39798	17226	
42521.6041666667	40986	16038	
42521.6145833333	40392	16632	
42521.625	38016	18711	
42521.6354166667	36234	19602	
42521.6458333333	35046	19602	
42521.65625	32670	20790	
42521.6666666667	34452	19008	
42521.6770833333	33264	19899	
42521.6875	32670	20196	
42521.6979166667	32670	20790	
42522.375	6534	41580	
42522.3854166667	21978	23166	
42522.3958333333	20790	31482	
42522.40625	21978	33264	
42522.4166666667	26730	29106	
42522.4270833333	26730	29106	
42522.4375	20790	35046	
42522.4479166667	18414	36234	
42522.4583333333	27324	27027	
42522.46875	27324	26433	
42522.4791666667	25542	27918	
42522.4895833333	23166	30294	
42522.5	21978	29403	
42522.5104166667	27324	20493	
42522.5208333333	29106	19899	
42522.53125	17820	31779	
42522.5416666667	24354	25839	
42522.5520833333	33858	14256	
42522.5625	33264	16038	
42522.5729166667	34452	15444	
42522.5833333333	33264	16632	
42522.59375	36234	14256	
42522.6041666667	35046	15444	
42522.6145833333	35046	15444	
42522.625	37422	13068	
42522.6354166667	38610	13365	
42522.6458333333	40392	12771	
42522.65625	39204	11880	
42522.6666666667	40986	10395	
42522.6770833333	38016	13365	
42522.6875	37422	13959	
42522.6979166667	36828	10692	
42523.375	5940	29700	
42523.3854166667	21978	16929	
42523.3958333333	21978	16632	
42523.40625	23166	19008	
42523.4166666667	23760	20196	
42523.4270833333	18414	25542	
42523.4375	16038	29997	
42523.4479166667	17820	35640	
42523.4583333333	17226	33264	
42523.46875	16632	32076	
42523.4791666667	16632	30294	
42523.4895833333	17226	32967	
42523.5	17226	32967	
42523.5104166667	17226	36234	
42523.5208333333	11880	41877	
42523.53125	11880	41283	
42523.5416666667	17226	35937	
42523.5520833333	20790	32076	
42523.5625	22572	21681	
42523.5729166667	23166	24948	
42523.5833333333	23166	26136	
42523.59375	23166	29700	
42523.6041666667	24354	29700	
42523.6145833333	24354	30294	
42523.625	24948	30294	
42523.6354166667	24948	30888	
42523.6458333333	24354	30294	
42523.65625	26730	28512	
42523.6666666667	26136	28512	
42523.6770833333	21978	32670	
42523.6875	20790	33858	
42523.6979166667	30888	23760	
42524.375	7722	30294	
42524.3854166667	27918	10098	
42524.3958333333	34452	5940	
42524.40625	37422	2970	
42524.4166666667	36828	8316	
42524.4270833333	33858	8316	
42524.4375	29106	16929	
42524.4479166667	25542	17820	
42524.4583333333	30294	13068	
42524.46875	35046	9504	
42524.4791666667	37422	8613	
42524.4895833333	38016	8316	
42524.5	38610	6534	
42524.5104166667	38016	5940	
42524.5208333333	36828	5643	
42524.53125	40392	2673	
42524.5416666667	39798	2970	
42524.5520833333	42174	594	
42524.5625	42174	1188	
42524.5729166667	44550	-1188	
42524.5833333333	44550	1782	
42524.59375	43956	3267	
42524.6041666667	41580	7722	
42524.6145833333	45144	5940	
42524.625	40986	11880	
42524.6354166667	41580	11286	
42524.6458333333	43956	8613	
42524.65625	43956	8316	
42524.6666666667	43956	6831	
42524.6770833333	45144	5940	
42524.6875	43956	6534	
42524.6979166667	45144	4158	
42527.375	12474	26730	
42527.3854166667	19008	21978	
42527.3958333333	17226	26136	
42527.40625	17226	27324	
42527.4166666667	16038	30888	
42527.4270833333	13068	34452	
42527.4375	14256	35343	
42527.4479166667	22572	28512	
42527.4583333333	23760	28512	
42527.46875	24354	30294	
42527.4791666667	25542	29700	
42527.4895833333	27324	28512	
42527.5	21978	33858	
42527.5104166667	17226	38610	
42527.5208333333	23760	28809	
42527.53125	26730	25542	
42527.5416666667	24354	7128	
42527.5520833333	23760	7128	
42527.5625	29106	6534	
42527.5729166667	34452	2376	
42527.5833333333	35046	3861	
42527.59375	37422	3861	
42527.6041666667	37422	3861	
42527.6145833333	37422	4752	
42527.625	39204	4752	
42527.6354166667	38610	3861	
42527.6458333333	42174	1782	
42527.65625	44550	-297	
42527.6666666667	45738	-1188	
42527.6770833333	45738	-1782	
42527.6875	45738	-2376	
42527.6979166667	48114	-3861	
42528.4166666667	20790	35046	
42528.4270833333	17226	39204	
42528.4375	18414	38313	
42528.4479166667	26136	30591	
42528.4583333333	27918	28512	
42528.46875	25542	31482	
42528.4791666667	19602	37719	
42528.4895833333	20790	36828	
42528.5	30294	27324	
42528.5104166667	29106	11880	
42528.5208333333	26730	13662	
42528.53125	19602	18117	
42528.5416666667	22572	13662	
42528.5520833333	30294	7722	
42528.5625	33264	5346	
42528.5729166667	32670	8316	
42528.5833333333	33264	8910	
42528.59375	30294	16038	
42528.6041666667	26136	22572	
42528.6145833333	26730	24354	
42528.625	38016	13959	
42528.6354166667	37422	14850	
42528.6458333333	38610	14553	
42528.65625	38610	15444	
42528.6666666667	38610	13662	
42528.6770833333	40986	12177	
42528.6875	40392	13068	
42528.6979166667	40392	13068	
42529.375	27918	7128	
42529.3854166667	45144	-8316	
42529.3958333333	41580	-4752	
42529.40625	43362	-8316	
42529.4166666667	44550	-9504	
42529.4270833333	45738	-7722	
42529.4375	45738	-6831	
42529.4479166667	45144	-5940	
42529.4583333333	45738	2376	
42529.46875	49302	-297	
42529.4791666667	49302	-297	
42529.4895833333	49302	-297	
42529.5	48114	1188	
42529.5104166667	47520	1782	
42529.5208333333	47520	8316	
42529.53125	47520	-2970	
42529.5416666667	49302	-4752	
42529.5520833333	49302	-2376	
42529.5625	51678	-2970	
42529.5729166667	51678	-2079	
42529.5833333333	51678	-1188	
42529.59375	51678	-1188	
42529.6041666667	50490	0	
42529.6145833333	51084	-594	
42529.625	49302	1188	
42529.6354166667	49302	2079	
42529.6458333333	52272	0	
42529.65625	52272	1782	
42529.6666666667	51084	2970	
42529.6770833333	50490	3564	
42529.6875	49896	4158	
42529.6979166667	51084	1188	
42530.5	39798	17820	
42530.5104166667	36828	19305	
42530.5208333333	38610	19008	
42530.53125	38016	17820	
42530.5416666667	38016	17820	
42530.5520833333	40986	15147	
42530.5625	42174	15741	
42530.5729166667	44550	14850	
42530.5833333333	45738	11286	
42530.59375	46926	10098	
42530.6041666667	45738	11286	
42530.6145833333	46926	10098	
42530.625	49896	7128	
42530.6354166667	48114	8316	
42530.6458333333	52866	3564	
42530.65625	52866	3564	
42530.6666666667	55242	1188	
42530.6770833333	54648	1782	
42530.6875	52272	4752	
42530.6979166667	52272	4752	
42531.375	27918	12474	
42531.3854166667	35046	5346	
42531.3958333333	37422	2970	
42531.40625	34452	7425	
42531.4166666667	34452	5346	
42531.4270833333	37422	5940	
42531.4375	36828	5643	
42531.4479166667	43362	3564	
42531.4583333333	49302	-1188	
42531.46875	48114	1782	
42531.4791666667	48114	-2079	
42531.4895833333	49302	-3861	
42531.5	47520	-2079	
42531.5104166667	47520	0	
42531.5208333333	45144	4752	
42531.53125	43956	8910	
42531.5416666667	45144	10098	
42531.5520833333	45144	9801	
42531.5625	48114	7128	
42531.5729166667	45738	9504	
42531.5833333333	48114	7722	
42531.59375	49302	6534	
42531.6041666667	49302	7128	
42531.6145833333	51678	4752	
42531.625	54054	2376	
42531.6354166667	51084	5643	
42531.6458333333	51678	5940	
42531.65625	51678	5940	
42531.6666666667	51678	5940	
42531.6770833333	49302	8316	
42531.6875	49302	8316	
42531.6979166667	50490	7128	
42534.375	36828	-21087	
42534.3854166667	36828	-18711	
42534.3958333333	34452	-17226	
42534.40625	36828	-19602	
42534.4166666667	36828	-20196	
42534.4270833333	37422	-21384	
42534.4375	38610	-16038	
42534.4479166667	40986	-5049	
42534.4583333333	42174	-4455	
42534.46875	46926	-8019	
42534.4791666667	44550	-3564	
42534.4895833333	45738	-4455	
42534.5	48114	-6831	
42534.5104166667	48114	-9207	
42534.5208333333	49302	3564	
42534.53125	49302	3564	
42534.5416666667	49896	2970	
42534.5520833333	49302	3564	
42534.5625	52272	594	
42534.5729166667	52272	594	
42534.5833333333	52272	1188	
42534.59375	52272	1782	
42534.6041666667	51678	2376	
42534.6145833333	51678	2376	
42534.625	54648	-891	
42534.6354166667	52866	4158	
42534.6458333333	51678	5346	
42534.65625	51678	5346	
42534.6666666667	50490	5940	
42534.6770833333	51084	4752	
42534.6875	51084	4752	
42534.6979166667	52272	3564	
42535.375	44550	-27324	
42535.3854166667	52866	-35640	
42535.3958333333	53460	-32670	
42535.40625	52866	-30888	
42535.4166666667	52866	-25542	
42535.4270833333	52866	-33264	
42535.4375	52272	-29997	
42535.4479166667	52866	-25839	
42535.4583333333	51084	-23166	
42535.46875	49302	-6831	
42535.4791666667	49896	-8613	
42535.4895833333	49302	-5346	
42535.5	51678	-7722	
42535.5104166667	51678	-10692	
42535.5208333333	52272	-4158	
42535.53125	54054	1782	
42535.5416666667	54054	1782	
42535.5520833333	52272	3564	
42535.5625	51678	5346	
42535.5729166667	50490	5940	
42535.5833333333	51084	5940	
42535.59375	51678	5346	
42535.6041666667	50490	6534	
42535.6145833333	51084	5940	
42535.625	54054	2970	
42535.6354166667	52866	4158	
42535.6458333333	52866	4158	
42535.65625	50490	6534	
42535.6666666667	50490	5940	
42535.6770833333	50490	5940	
42535.6875	52866	4158	
42535.6979166667	53460	3564	
42536.375	42768	-6534	
42536.3854166667	45144	-8019	
42536.3958333333	45738	-6237	
42536.40625	45738	-6534	
42536.4166666667	49302	-8613	
42536.4270833333	50490	-5940	
42536.4375	50490	-5346	
42536.4479166667	52272	-6831	
42536.4583333333	51084	-5346	
42536.46875	52272	-2970	
42536.4791666667	54054	-4752	
42536.4895833333	54648	-5346	
42536.5	52272	4158	
42536.5104166667	52272	4158	
42536.5208333333	49302	7128	
42536.53125	49302	6534	
42536.5416666667	49302	6534	
42536.5520833333	51678	5346	
42536.5625	51084	5940	
42536.5729166667	52866	4158	
42536.5833333333	52866	4752	
42536.59375	52272	5346	
42536.6041666667	52866	5346	
42536.6145833333	52866	6534	
42536.625	55242	4158	
42536.6354166667	52866	4752	
42536.6458333333	51084	6534	
42536.65625	50490	6534	
42536.6666666667	51084	4752	
42536.6770833333	52866	2970	
42536.6875	53460	2970	
42536.6979166667	54054	2376	
42537.375	45738	-27324	
42537.3854166667	43362	-23760	
42537.3958333333	43362	-17820	
42537.40625	46332	-14850	
42537.4166666667	46332	-11286	
42537.4270833333	49896	-13662	
42537.4375	49896	-13068	
42537.4479166667	49896	-13068	
42537.4583333333	52866	-15444	
42537.46875	52272	-14850	
42537.4791666667	51678	-14256	
42537.4895833333	51678	-13662	
42537.5	51678	-14850	
42537.5104166667	52272	-13068	
42537.5208333333	52866	-14256	
42537.53125	52866	-14553	
42537.5416666667	52866	-13365	
42537.5520833333	52866	-11286	
42537.5625	50490	-594	
42537.5729166667	50490	-297	
42537.5833333333	51678	-891	
42537.59375	52866	-2079	
42537.6041666667	50490	6534	
42537.6145833333	51678	5346	
42537.625	55242	1782	
42537.6354166667	55242	1188	
42537.6458333333	52866	3564	
42537.65625	51084	5346	
42537.6666666667	50490	5940	
42537.6770833333	50490	5346	
42537.6875	50490	5346	
42537.6979166667	52272	4752	
42538.375	42174	-14256	
42538.3854166667	38610	-3564	
42538.3958333333	40986	-5940	
42538.40625	37422	-2970	
42538.4166666667	36828	594	
42538.4270833333	38610	-1188	
42538.4375	40392	2970	
42538.4479166667	39798	6534	
42538.4583333333	36828	11880	
42538.46875	36828	12771	
42538.4791666667	36828	12177	
42538.4895833333	36828	11583	
42538.5	35046	12474	
42538.5104166667	38610	8910	
42538.5208333333	40986	6534	
42538.53125	42174	6534	
42538.5416666667	42174	2970	
42538.5520833333	43362	4752	
42538.5625	44550	6831	
42538.5729166667	45144	6237	
42538.5833333333	45738	3564	
42538.59375	45738	3564	
42538.6041666667	48114	2376	
42538.6145833333	48114	4752	
42538.625	49302	2376	
42538.6354166667	46926	4752	
42538.6458333333	48708	2970	
42538.65625	48708	2970	
42538.6666666667	48114	3564	
42538.6770833333	47520	10098	
42538.6875	49302	8316	
42538.6979166667	49302	8316	
42541.375	41580	-7128	
42541.3854166667	36234	-594	
42541.3958333333	33858	594	
42541.40625	33858	594	
42541.4166666667	30294	-3267	
42541.4270833333	26730	-297	
42541.4375	27918	9504	
42541.4479166667	33858	4752	
42541.4583333333	37422	3564	
42541.46875	35046	8316	
42541.4791666667	34452	11286	
42541.4895833333	34452	11286	
42541.5	36828	11286	
42541.5104166667	34452	13662	
42541.5208333333	35046	14256	
42541.53125	36828	14256	
42541.5416666667	38610	12474	
42541.5520833333	40986	11286	
42541.5625	41580	10692	
42541.5729166667	40392	11880	
42541.5833333333	43362	8910	
42541.59375	41580	10989	
42541.6041666667	43362	9801	
42541.6145833333	45738	9207	
42541.625	46926	8019	
42541.6354166667	48114	7722	
42541.6458333333	49302	5643	
42541.65625	48114	5940	
42541.6666666667	49896	3861	
42541.6770833333	49896	3564	
42541.6875	49302	4752	
42541.6979166667	50490	4752	
42542.375	32670	-1485	
42542.3854166667	35046	-3564	
42542.3958333333	36234	1782	
42542.40625	35640	2376	
42542.4166666667	33858	19008	
42542.4270833333	33264	19008	
42542.4375	32076	20196	
42542.4479166667	33858	17226	
42542.4583333333	37422	12771	
42542.46875	38610	11286	
42542.4791666667	38016	11286	
42542.4895833333	36828	13068	
42542.5	40986	10692	
42542.5104166667	42174	9504	
42542.5208333333	40392	11880	
42542.53125	44550	9504	
42542.5416666667	43362	10692	
42542.5520833333	44550	10395	
42542.5625	48708	5940	
42542.5729166667	48114	5940	
42542.5833333333	51084	2970	
42542.59375	51678	2376	
42542.6041666667	51678	2673	
42542.6145833333	51678	3861	
42542.625	51678	3564	
42542.6354166667	51678	2376	
42542.6458333333	50490	2376	
42542.65625	49896	594	
42542.6666666667	50490	0	
42542.6770833333	49896	594	
42542.6875	51084	1188	
42542.6979166667	51678	1782	
42543.375	41580	-1188	
42543.3854166667	36234	5346	
42543.3958333333	38610	4752	
42543.40625	38610	4752	
42543.4166666667	43362	1188	
42543.4270833333	45738	0	
42543.4375	44550	1188	
42543.4479166667	44550	1188	
42543.4583333333	44550	6534	
42543.46875	45738	4455	
42543.4791666667	44550	6237	
42543.4895833333	46926	3861	
42543.5	45738	6534	
42543.5104166667	45738	5049	
42543.5208333333	43956	5346	
42543.53125	45738	3564	
42543.5416666667	45144	6534	
42543.5520833333	44550	7128	
42543.5625	48114	4158	
42543.5729166667	49302	3564	
42543.5833333333	50490	2376	
42543.59375	50490	2376	
42543.6041666667	50490	2376	
42543.6145833333	51678	1188	
42543.625	55242	-2376	
42543.6354166667	55242	-1188	
42543.6458333333	54648	-1782	
42543.65625	51678	891	
42543.6666666667	52272	1188	
42543.6770833333	49896	4158	
42543.6875	49896	5940	
42543.6979166667	50490	5346	
42544.375	29106	11286	
42544.3854166667	31482	5940	
42544.3958333333	33858	3564	
42544.40625	37422	1782	
42544.4166666667	33264	8316	
42544.4270833333	33264	8316	
42544.4375	30888	12771	
42544.4479166667	33858	9801	
42544.4583333333	33264	10395	
42544.46875	34452	10395	
42544.4791666667	35046	9801	
42544.4895833333	33264	12474	
42544.5	34452	11286	
42544.5104166667	38610	13068	
42544.5208333333	37422	15444	
42544.53125	38610	14256	
42544.5416666667	39798	13068	
42544.5520833333	40986	9504	
42544.5625	45144	5346	
42544.5729166667	45144	5346	
42544.5833333333	45738	5940	
42544.59375	45738	5940	
42544.6041666667	45738	5940	
42544.6145833333	45738	5940	
42544.625	48708	6534	
42544.6354166667	47520	7722	
42544.6458333333	46332	6534	
42544.65625	45144	7722	
42544.6666666667	45144	9504	
42544.6770833333	45144	9504	
42544.6875	43956	8316	
42544.6979166667	47520	4752	
42545.375	23166	13068	
42545.3854166667	20790	17226	
42545.3958333333	32076	5346	
42545.40625	33858	2970	
42545.4166666667	37422	0	
42545.4270833333	37422	594	
42545.4375	36828	3267	
42545.4479166667	36234	7128	
42545.4583333333	34452	10395	
42545.46875	34452	13662	
42545.4791666667	34452	13662	
42545.4895833333	34452	13068	
42545.5	32670	10395	
42545.5104166667	35046	8019	
42545.5208333333	35046	8019	
42545.53125	37422	5643	
42545.5416666667	38610	5346	
42545.5520833333	40986	4158	
42545.5625	42174	4752	
42545.5729166667	44550	3564	
42545.5833333333	45738	6237	
42545.59375	45738	6237	
42545.6041666667	48114	5643	
42545.6145833333	49302	4752	
42545.625	49302	2376	
42545.6354166667	49302	2376	
42545.6458333333	49302	2376	
42545.65625	49896	1782	
42545.6666666667	49896	1782	
42545.6770833333	51678	-2376	
42545.6875	52272	-2970	
42545.6979166667	51678	-1782	
42548.375	23166	13662	
42548.3854166667	19602	15741	
42548.3958333333	27918	5940	
42548.40625	38016	-4158	
42548.4166666667	38610	-8316	
42548.4270833333	38610	-10692	
42548.4375	35640	-7722	
42548.4479166667	36234	-2376	
42548.4583333333	38016	-2970	
42548.46875	38610	-3564	
42548.4791666667	38610	7128	
42548.4895833333	41580	6534	
42548.5	42174	5940	
42548.5104166667	39798	8910	
42548.5208333333	42174	7128	
42548.53125	40986	8613	
42548.5416666667	42174	7425	
42548.5520833333	44550	5346	
42548.5625	44550	7722	
42548.5729166667	45738	6534	
42548.5833333333	48114	4158	
42548.59375	49896	2376	
42548.6041666667	50490	-594	
42548.6145833333	52272	-1188	
42548.625	52272	594	
42548.6354166667	51084	1188	
42548.6458333333	49896	1782	
42548.65625	49896	1782	
42548.6666666667	51678	-594	
42548.6770833333	51678	-594	
42548.6875	51678	-594	
42548.6979166667	51678	594	
42549.375	43362	-10692	
42549.3854166667	36828	-1188	
42549.3958333333	38610	-2970	
42549.40625	42174	-13662	
42549.4166666667	40986	2079	
42549.4270833333	42174	0	
42549.4375	43956	-594	
42549.5104166667	44550	7425	
42549.5208333333	45738	-4158	
42549.53125	48114	-14256	
42549.5416666667	48708	-10989	
42549.5520833333	48114	891	
42549.5625	50490	0	
42549.5729166667	52866	-2376	
42549.5833333333	52866	-1782	
42549.59375	57024	-3861	
42549.6041666667	54054	-297	
42549.6145833333	48114	1782	
42549.625	48708	2376	
42549.6354166667	49302	2376	
42549.6458333333	49302	1782	
42549.65625	51678	594	
42549.6666666667	48114	4752	
42549.6770833333	45738	7722	
42549.6875	40986	13662	
42549.6979166667	39204	13662	
42550.375	42174	-3267	
42550.3854166667	38610	-1188	
42550.3958333333	36828	3267	
42550.40625	37422	5049	
42550.4166666667	38610	6534	
42550.4270833333	38610	7128	
42550.4375	40986	4752	
42550.4479166667	40392	5049	
42550.4583333333	40986	6534	
42550.46875	41580	5940	
42550.4791666667	40392	8910	
42550.4895833333	40392	8910	
42550.5	40392	8316	
42550.5208333333	40392	7128	
42550.53125	41580	6831	
42550.5520833333	45738	3564	
42550.5625	46926	4158	
42550.5729166667	49896	1485	
42550.5833333333	49896	1782	
42550.59375	49302	2673	
42550.6041666667	51678	297	
42550.625	52866	2376	
42550.6354166667	52272	2970	
42550.6458333333	50490	4158	
42550.65625	49302	2970	
42550.6666666667	49302	2970	
42550.6770833333	50490	2376	
42550.6875	49302	4158	
42550.6979166667	48708	4752	
42551.375	37422	-8316	
42551.3854166667	33858	-2376	
42551.3958333333	34452	1188	
42551.40625	34452	1782	
42551.4166666667	34452	2376	
42551.4270833333	37422	-594	
42551.4375	37422	0	
42551.4479166667	38610	-1188	
42551.4583333333	40986	-3564	
42551.46875	42174	-4455	
42551.4791666667	44550	-7128	
42551.4895833333	44550	-6534	
42551.5	44550	-5940	
42551.5104166667	45738	-6534	
42551.5208333333	46926	-8316	
42551.53125	48114	-8910	
42551.5416666667	48114	-7128	
42551.5520833333	49302	-5643	
42551.5625	49302	-1485	
42551.5729166667	49302	-1188	
42551.5833333333	50490	0	
42551.59375	51678	-2970	
42551.6041666667	51678	-2970	
42551.6145833333	50490	-297	
42551.625	51084	-297	
42551.6354166667	51678	1188	
42551.6458333333	52272	594	
42551.65625	52272	594	
42551.6666666667	52866	-891	
42551.6770833333	54648	-3267	
42551.6875	52272	0	
42551.6979166667	52272	0	
42552.375	41580	-11286	
42552.3854166667	37422	-2079	
42552.3958333333	38610	-2970	
42552.40625	40986	-3861	
42552.4166666667	42174	-4752	
42552.4270833333	44550	-7128	
42552.4375	44550	-5346	
42552.4479166667	44550	-4752	
42552.4583333333	46332	-8019	
42552.46875	46926	-10098	
42552.4791666667	48114	-11286	
42552.4895833333	49302	-12474	
42552.5	49302	-12474	
42552.5104166667	49302	-10692	
42552.5208333333	49302	-8316	
42552.53125	49302	-7128	
42552.5416666667	51678	-9504	
42552.5520833333	51678	-8316	
42552.5625	52272	-7722	
42552.5729166667	51678	-5940	
42552.5833333333	51084	-5346	
42552.59375	52866	-4752	
42552.6041666667	51678	-2970	
42552.6145833333	50490	-1188	
42552.625	52866	-3564	
42552.6354166667	52272	-2970	
42552.6458333333	52866	-3564	
42552.65625	51678	-1782	
42552.6666666667	49896	0	
42552.6770833333	50490	1188	
42552.6875	49896	1782	
42552.6979166667	49896	1782	
42556.375	44550	-7722	
42556.3854166667	39798	-2970	
42556.3958333333	40986	-4158	
42556.40625	46926	-11286	
42556.4166666667	50490	-15741	
42556.4270833333	51678	-17820	
42556.4375	51678	-17820	
42556.4479166667	49302	-8613	
42556.4583333333	49896	-1188	
42556.46875	51678	-9504	
42556.4791666667	51678	-4158	
42556.4895833333	51678	-5940	
42556.5	51678	-3861	
42556.5104166667	50490	1188	
42556.5208333333	52272	-297	
42556.53125	52272	891	
42556.5416666667	51678	1485	
42556.5520833333	51678	594	
42556.5625	51678	0	
42556.5729166667	52272	-1188	
42556.5833333333	51678	0	
42556.59375	52272	-594	
42556.6041666667	52866	-1188	
42556.6145833333	52272	-594	
42556.625	51084	1782	
42556.6354166667	52866	0	
42556.6458333333	55242	-2376	
42556.65625	52866	-2376	
42556.6666666667	51678	-1188	
42556.6770833333	50490	594	
42556.6875	49896	2376	
42556.6979166667	49896	3267	
42557.375	42768	-1188	
42557.3854166667	38610	4158	
42557.3958333333	35640	4455	
42557.40625	35046	8316	
42557.4166666667	33264	11880	
42557.4270833333	32670	12474	
42557.4375	30294	15444	
42557.4479166667	27324	17820	
42557.4583333333	30294	19008	
42557.46875	35046	14256	
42557.4791666667	36828	12474	
42557.4895833333	34452	13662	
42557.5	35046	12474	
42557.5104166667	33858	13662	
42557.5208333333	32670	14850	
42557.53125	33858	15444	
42557.5416666667	37422	11880	
42557.5520833333	37422	13662	
42557.5625	38610	13068	
42557.5729166667	40986	11880	
42557.5833333333	43362	9207	
42557.59375	41580	10989	
42557.6041666667	43956	8613	
42557.6145833333	45738	8316	
42557.625	45144	10098	
42557.6354166667	43956	10989	
42557.6458333333	45738	6831	
42557.65625	45738	5643	
42557.6666666667	46926	4455	
42557.6770833333	48114	3564	
42557.6875	49302	3861	
42557.6979166667	50490	2970	
42558.375	40392	-7722	
42558.3854166667	33264	594	
42558.3958333333	34452	-297	
42558.40625	35046	-594	
42558.4166666667	35046	891	
42558.4270833333	35046	1485	
42558.4375	37422	0	
42558.4479166667	37422	0	
42558.4583333333	39204	-594	
42558.46875	38610	2376	
42558.4791666667	39204	2970	
42558.4895833333	38016	4158	
42558.5	36234	5940	
42558.5104166667	36828	5346	
42558.5208333333	33858	11880	
42558.53125	38610	4752	
42558.5416666667	38016	10098	
42558.5520833333	41580	7722	
42558.5625	46926	2376	
42558.5729166667	49302	0	
42558.5833333333	50490	1188	
42558.59375	49302	1782	
42558.6041666667	49302	2970	
42558.6145833333	49302	4158	
42558.625	52272	2970	
42558.6354166667	51678	2376	
42558.6458333333	51678	594	
42558.65625	51678	594	
42558.6666666667	52272	-594	
42558.6770833333	51678	-297	
42558.6875	51678	594	
42558.6979166667	50490	1782	
42559.375	27918	8316	
42559.3854166667	33858	4752	
42559.3958333333	38610	-1188	
42559.40625	35640	1782	
42559.4166666667	35640	1782	
42559.4270833333	38016	594	
42559.4375	38610	1485	
42559.4479166667	41580	-1188	
42559.4583333333	42174	-2376	
42559.46875	45738	891	
42559.4791666667	48114	-594	
42559.4895833333	45144	3564	
42559.5	43956	-1782	
42559.5104166667	43956	-1782	
42559.5208333333	43956	-1782	
42559.53125	45738	-3564	
42559.5416666667	46926	-4158	
42559.5520833333	48114	-4158	
42559.5625	48114	3564	
42559.5729166667	49302	1782	
42559.5833333333	49896	1188	
42559.59375	50490	594	
42559.6041666667	52272	-2970	
42559.6145833333	52866	-3564	
42559.625	51678	-2376	
42559.6354166667	51678	-2376	
42559.6458333333	51678	-1782	
42559.65625	54054	-4752	
42559.6666666667	52272	-3267	
42559.6770833333	51678	-2079	
42559.6875	52272	-2673	
42559.6979166667	51084	-1485	
42562.375	42174	-19008	
42562.3854166667	36828	-11286	
42562.3958333333	36828	-8910	
42562.40625	36828	-6534	
42562.4166666667	38610	-8316	
42562.4270833333	38610	-11286	
42562.4375	42174	-11286	
42562.4479166667	45738	-10098	
42562.4583333333	45738	-19602	
42562.46875	48114	-20493	
42562.4791666667	45144	-17226	
42562.4895833333	46332	-17820	
42562.5	48114	-8316	
42562.5104166667	48114	-19008	
42562.5208333333	49302	-20196	
42562.53125	48114	-8316	
42562.5416666667	49896	-8910	
42562.5520833333	49302	-7722	
42562.5625	52272	-11880	
42562.5729166667	51678	-8316	
42562.5833333333	51678	-20790	
42562.59375	51678	-20790	
42562.6041666667	52272	-2376	
42562.6145833333	52866	-2376	
42562.625	55242	-15741	
42562.6354166667	53460	-4158	
42562.6458333333	52272	-3564	
42562.65625	51084	-1485	
42562.6666666667	49896	0	
42562.6770833333	49896	1782	
42562.6875	49896	1782	
42562.6979166667	52272	-594	
42563.375	40986	-5940	
42563.3854166667	35640	2079	
42563.3958333333	34452	4158	
42563.40625	34452	5346	
42563.4166666667	34452	7128	
42563.4270833333	37422	3564	
42563.4375	37422	5643	
42563.4479166667	39798	6534	
42563.4583333333	42174	7128	
42563.46875	42174	7128	
42563.4791666667	44550	4752	
42563.4895833333	41580	7722	
42563.5	41580	8910	
42563.5104166667	44550	7128	
42563.5208333333	45738	6237	
42563.53125	45738	6534	
42563.5416666667	45738	6534	
42563.5520833333	48114	3564	
42563.5625	48708	2970	
42563.5729166667	49896	1782	
42563.5833333333	51084	594	
42563.59375	52272	-594	
42563.6041666667	51084	891	
42563.6145833333	52272	-297	
42563.625	54054	-1188	
42563.6354166667	54054	-1188	
42563.6458333333	51678	1188	
42563.65625	49896	2376	
42563.6666666667	49302	2376	
42563.6770833333	49896	594	
42563.6875	52272	-2376	
42563.6979166667	51678	-1782	
42564.375	38016	2376	
42564.3854166667	33264	8316	
42564.3958333333	34452	4158	
42564.40625	34452	891	
42564.4166666667	38610	5346	
42564.4270833333	40986	4158	
42564.4375	42174	2673	
42564.4479166667	44550	0	
42564.4583333333	43956	891	
42564.46875	44550	0	
42564.4791666667	45738	-1188	
42564.4895833333	45738	-1188	
42564.5	46926	-1188	
42564.5104166667	48114	-1485	
42564.5208333333	48114	-3267	
42564.53125	48114	-594	
42564.5416666667	49302	-1782	
42564.5520833333	49302	-594	
42564.5625	51084	-5049	
42564.5729166667	51678	-8316	
42564.5833333333	51084	-8613	
42564.59375	52272	-8613	
42564.6041666667	52272	-7425	
42564.6145833333	51678	-6237	
42564.625	52272	-7128	
42564.6354166667	51678	-7128	
42565.375	40986	-7128	
42565.3854166667	38610	-4752	
42565.3958333333	38610	-4158	
42565.40625	41580	-7128	
42565.4166666667	40986	-5940	
42565.4270833333	40986	-4158	
42565.4375	42174	-4752	
42565.4479166667	43362	-5940	
42565.4583333333	44550	-5940	
42565.46875	44550	-5346	
42565.4791666667	45738	-6831	
42565.4895833333	48114	-8910	
42565.5	48114	-9504	
42565.5104166667	49302	-10692	
42565.5208333333	49302	-7128	
42565.53125	49302	-2376	
42565.5416666667	50490	-8910	
42565.5520833333	51678	-4752	
42565.5625	51678	-2376	
42565.5729166667	51678	-2376	
42565.5833333333	49302	1188	
42565.59375	49302	1188	
42565.6041666667	49302	2376	
42565.6145833333	51084	594	
42565.625	51084	891	
42565.6354166667	51678	891	
42565.6458333333	51678	0	
42565.65625	52866	-1188	
42565.6666666667	54054	-2376	
42565.6770833333	51678	0	
42565.6875	52272	-594	
42565.6979166667	52272	-1782	
42566.375	29700	3861	
42566.3854166667	28512	8910	
42566.3958333333	32670	4752	
42566.40625	31482	5940	
42566.4166666667	26730	10692	
42566.4270833333	21978	16335	
42566.4375	29106	10692	
42566.4479166667	35046	5346	
42566.4583333333	35046	6534	
42566.46875	36828	5346	
42566.4791666667	38016	7722	
42566.4895833333	38016	6534	
42566.5	37422	6534	
42566.5104166667	36828	7128	
42566.5208333333	32670	11286	
42566.53125	34452	9504	
42566.5416666667	35046	10692	
42566.5520833333	37422	9504	
42566.5625	39798	8910	
42566.5729166667	40986	8613	
42566.5833333333	42174	8019	
42566.59375	43362	7425	
42566.6041666667	44550	6534	
42566.6145833333	44550	7425	
42566.625	48708	2970	
42566.6354166667	48114	3564	
42566.6458333333	49302	2376	
42566.65625	50490	1782	
42566.6666666667	51678	594	
42566.6770833333	51678	594	
42566.6875	51678	0	
42566.6979166667	50490	594	
42569.375	29106	-1188	
42569.3854166667	30888	0	
42569.3958333333	30294	3564	
42569.40625	31482	2376	
42569.4166666667	29700	5643	
42569.4270833333	27918	5049	
42569.4375	30294	4455	
42569.4479166667	33858	2079	
42569.4583333333	37422	-594	
42569.46875	38610	-891	
42569.4791666667	40986	-2376	
42569.4895833333	42174	-297	
42569.5	36234	8019	
42569.5104166667	34452	10692	
42569.5208333333	35640	9504	
42569.53125	36828	8316	
42569.5416666667	38016	8316	
42569.5520833333	42768	4158	
42569.5625	46926	-1188	
42569.5729166667	49302	-1188	
42569.5833333333	49896	0	
42569.59375	50490	594	
42569.6041666667	51678	-1188	
42569.6145833333	51678	594	
42569.625	50490	1782	
42569.6354166667	52272	-594	
42569.6458333333	52866	-1782	
42569.65625	52866	-2673	
42569.6666666667	52866	-2673	
42569.6770833333	52272	-2079	
42569.6875	51678	-594	
42569.6979166667	51678	0	
42570.375	45738	-8910	
42570.3854166667	49302	-10692	
42570.3958333333	51678	-13959	
42570.40625	52866	-14256	
42570.4166666667	54648	-15444	
42570.4270833333	54054	-16632	
42570.4375	54054	-14256	
42570.4479166667	53460	-11286	
42570.4583333333	51678	-9504	
42570.46875	51678	-7128	
42570.4791666667	51678	-4158	
42570.4895833333	51084	-5346	
42570.5	49302	-1485	
42570.5104166667	51678	-1188	
42570.5208333333	52272	-1188	
42570.53125	52866	-594	
42570.5416666667	54054	-2376	
42570.5520833333	52866	-1188	
42570.5625	51678	0	
42570.5729166667	50490	594	
42570.5833333333	51084	594	
42570.59375	49302	2376	
42570.6041666667	50490	1782	
42570.6145833333	51678	594	
42570.625	54054	-1188	
42570.6354166667	54054	-1188	
42570.6458333333	51678	1188	
42570.65625	50490	1782	
42570.6666666667	50490	0	
42570.6770833333	49302	1188	
42570.6875	49896	1782	
42570.6979166667	52272	-594	
42571.375	46332	-8316	
42571.3854166667	44550	-6534	
42571.3958333333	44550	-6534	
42571.40625	44550	-5940	
42571.4166666667	45738	-7128	
42571.4270833333	45144	-2376	
42571.4375	40986	3564	
42571.4479166667	39798	4752	
42571.4583333333	38610	5940	
42571.46875	44550	594	
42571.4791666667	45144	594	
42571.4895833333	45144	594	
42571.5	45144	1782	
42571.5104166667	45144	1188	
42571.5208333333	45738	1188	
42571.53125	45738	2376	
42571.5416666667	48114	1188	
42571.5520833333	49302	0	
42571.5625	49896	1188	
42571.5729166667	51678	-594	
42571.5833333333	51678	-594	
42571.59375	50490	1485	
42571.6041666667	50490	1782	
42571.6145833333	51678	594	
42571.625	52272	-594	
42571.6354166667	52272	-594	
42571.6458333333	54054	-2970	
42571.65625	51678	-594	
42571.6666666667	51678	-594	
42571.6770833333	51678	594	
42571.6875	51678	594	
42571.6979166667	50490	1188	
42572.375	42174	-7128	
42572.3854166667	39204	-4752	
42572.3958333333	40986	-6534	
42572.40625	39798	-4752	
42572.4166666667	38016	-2079	
42572.4270833333	42174	-4752	
42572.4375	40392	-2970	
42572.4479166667	36828	2079	
42572.4583333333	42174	-2970	
42572.46875	42174	-1188	
42572.4791666667	42174	0	
42572.4895833333	43956	-1782	
42572.5	45144	-2970	
42572.5104166667	43956	-1782	
42572.5208333333	41580	5346	
42572.53125	44550	3564	
42572.5416666667	44550	4158	
42572.5520833333	45738	3564	
42572.5625	45738	3564	
42572.5729166667	45738	3564	
42572.5833333333	48114	1782	
42572.59375	49302	0	
42572.6041666667	49302	0	
42572.6145833333	49302	1782	
42572.625	50490	891	
42572.6354166667	51678	0	
42572.6458333333	52866	-1188	
42572.65625	54054	-2079	
42572.6666666667	51678	297	
42572.6770833333	50490	1485	
42572.6875	51678	0	
42572.6979166667	51678	-594	
42573.375	38610	-6831	
42573.3854166667	36828	-1188	
42573.3958333333	37422	-1782	
42573.40625	38610	-1782	
42573.4166666667	38610	-1188	
42573.4270833333	40986	-3564	
42573.4375	41580	-2970	
42573.4479166667	41580	-1782	
42573.4583333333	41580	594	
42573.46875	44550	1188	
42573.4791666667	41580	3564	
42573.4895833333	41580	-594	
42573.5	41580	-594	
42573.5104166667	41580	-891	
42573.5208333333	42768	-2079	
42573.53125	44550	-3267	
42573.5416666667	45738	0	
42573.5520833333	48114	-1188	
42573.5625	48114	-3564	
42573.5729166667	49302	-4158	
42573.5833333333	49302	-2970	
42573.59375	50490	-3267	
42573.6041666667	52272	-4752	
42573.6145833333	52272	-2079	
42573.625	51678	-1485	
42573.6354166667	51678	-1188	
42573.6458333333	52272	-1188	
42573.65625	51678	0	
42573.6666666667	51678	0	
42573.6770833333	51084	594	
42573.6875	52272	-594	
42573.6979166667	49896	1188	
42576.375	32076	-2970	
42576.3854166667	38016	-7128	
42576.3958333333	37422	-3564	
42576.40625	36828	-2970	
42576.4166666667	33858	-2376	
42576.4270833333	33264	-2970	
42576.4375	33264	594	
42576.4479166667	32670	2970	
42576.4583333333	30294	7128	
42576.46875	33264	4752	
42576.4791666667	34452	5346	
42576.4895833333	35046	6534	
42576.5	37422	4455	
42576.5104166667	38610	1188	
42576.5208333333	39798	0	
42576.53125	40986	-1485	
42576.5416666667	40986	1188	
42576.5520833333	43362	1188	
42576.5625	44550	594	
42576.5729166667	45738	0	
42576.5833333333	45738	4455	
42576.59375	45738	5346	
42576.6041666667	49302	1782	
42576.6145833333	48708	2970	
42576.625	51678	-11583	
42576.6354166667	49896	-6831	
42576.6458333333	49302	-5049	
42576.65625	49302	-4455	
42576.6666666667	49302	-4752	
42576.6770833333	49302	-4752	
42576.6875	51084	-5346	
42576.6979166667	51678	594	
42577.375	35046	297	
42577.3854166667	33858	5346	
42577.3958333333	37422	-891	
42577.40625	34452	2970	
42577.4166666667	34452	2970	
42577.4270833333	34452	-594	
42577.4375	34452	297	
42577.4479166667	40392	-4158	
42577.4583333333	42174	-4158	
42577.46875	45144	-6534	
42577.4791666667	44550	-5940	
42577.4895833333	45144	-7128	
42577.5	46926	-5940	
42577.5104166667	45738	-3564	
42577.5208333333	46926	-1188	
42577.53125	48114	-2376	
42577.5416666667	48114	3861	
42577.5520833333	49896	1782	
42577.5625	49302	1188	
42577.5729166667	51678	-594	
42577.5833333333	51678	-594	
42577.59375	51678	0	
42577.6041666667	51678	0	
42577.6145833333	51678	0	
42577.625	54054	-1188	
42577.6354166667	52272	1188	
42577.6458333333	51084	1782	
42577.65625	51084	594	
42577.6666666667	50490	0	
42577.6770833333	48708	1782	
42577.6875	49302	2079	
42577.6979166667	49302	2673	
42578.375	35046	5940	
42578.3854166667	36828	4752	
42578.3958333333	37422	1188	
42578.40625	38016	594	
42578.4166666667	38016	1782	
42578.4270833333	36828	4752	
42578.4375	32670	9504	
42578.4479166667	32670	11286	
42578.4583333333	33264	11286	
42578.46875	33264	11286	
42578.4791666667	35046	2079	
42578.4895833333	37422	9504	
42578.5	35640	10692	
42578.5104166667	33264	12474	
42578.5208333333	32670	11880	
42578.53125	33858	8316	
42578.5416666667	29106	10098	
42578.5520833333	31482	7128	
42578.5625	36828	4158	
42578.5729166667	38610	5049	
42578.5833333333	39798	7722	
42578.59375	40986	8910	
42578.6041666667	41580	10692	
42578.6145833333	41580	11286	
42578.625	41580	11880	
42578.6354166667	43362	10098	
42578.6458333333	40986	12474	
42578.65625	40392	12474	
42578.6666666667	42174	10098	
42578.6770833333	42768	10395	
42578.6875	42174	8613	
42578.6979166667	41580	8910	
42579.375	38610	-2970	
42579.3854166667	38610	-1188	
42579.3958333333	40986	-5940	
42579.40625	40986	-5940	
42579.4166666667	42174	-5049	
42579.4270833333	42174	-4752	
42579.4375	41580	-4158	
42579.4479166667	42174	-3564	
42579.4583333333	42174	-2970	
42579.46875	44550	-2376	
42579.4791666667	43956	-1782	
42579.4895833333	45144	-1188	
42579.5	44550	-594	
42579.5104166667	42768	1188	
42579.5208333333	41580	2673	
42579.53125	41580	2970	
42579.5416666667	42174	2970	
42579.5520833333	44550	3564	
42579.5625	45738	3564	
42579.5729166667	48114	1188	
42579.5833333333	49896	-594	
42579.59375	51678	-2376	
42579.6041666667	52272	-1782	
42579.6145833333	50490	4158	
42579.625	51678	2673	
42579.6354166667	54054	594	
42579.6458333333	51678	2970	
42579.65625	50490	4158	
42579.6666666667	50490	4158	
42579.6770833333	51678	2970	
42579.6875	52272	2376	
42579.6979166667	51678	2970	
42580.375	18414	15147	
42580.3854166667	24948	11880	
42580.3958333333	27918	9207	
42580.40625	27918	9504	
42580.4166666667	21978	15444	
42580.4270833333	18414	19008	
42580.4375	21978	16632	
42580.4479166667	28512	12177	
42580.4583333333	29106	14256	
42580.46875	19008	25245	
42580.4791666667	19008	26730	
42580.4895833333	30294	17226	
42580.5	30888	7425	
42580.5104166667	30294	12177	
42580.5208333333	20790	23166	
42580.53125	18414	25542	
42580.5416666667	27918	16632	
42580.5520833333	35640	9504	
42580.5625	37422	8316	
42580.5729166667	38610	9504	
42580.5833333333	39798	7128	
42580.59375	38610	10098	
42580.6041666667	38016	11286	
42580.6145833333	38610	11880	
42580.625	40392	10395	
42580.6354166667	36234	15444	
42580.6458333333	36828	14850	
42580.65625	36828	14850	
42580.6666666667	36828	14256	
42580.6770833333	38610	13068	
42580.6875	40986	10098	
42580.6979166667	42174	7722	
