Date	OADryBulbTemperature(NOAA)	ZoneLoadforContainerFPVAV214	
42463.25	42.98	1317.6	
42463.2604166667	42.98	1283.04	
42463.2708333333	42.98	1211.76	
42463.28125	42.98	1354.32	
42463.2916666667	43.211	1211.76	
42463.2395833333	43.244	1425.6	
42463.3020833333	43.706	1205.28	
42463.2291666667	43.739	1302.48	
42463.3125	44.201	-144.72	
42463.21875	44.234	1519.56	
42463.3229166667	44.696	-401.76	
42463.2083333333	44.729	1296	
42462.2916666667	45.086	1192.32	
42462.28125	45.104	622.08	
42463.1979166667	45.104	1105.92	
42462.3020833333	45.356	1360.8	
42462.2708333333	45.374	0	
42463.1875	45.374	1140.48	
42462.3125	45.626	1244.16	
42462.2604166667	45.644	-272.16	
42463.1770833333	45.644	142.56	
42462.3229166667	45.896	1263.6	
42462.25	45.914	-68.04	
42463.1666666667	45.914	-65.88	
42462.0833333333	46.04	1244.16	
42462.09375	46.04	1105.92	
42462.1041666667	46.04	1175.04	
42462.1145833333	46.04	1244.16	
42462.2083333333	46.04	-220.32	
42462.21875	46.04	-272.16	
42462.2291666667	46.04	0	
42462.2395833333	46.04	-133.92	
42463.3333333333	46.136	-434.16	
42462.125	46.145	1224.72	
42462.0729166667	46.16	967.68	
42462.1979166667	46.16	1146.96	
42463.15625	46.16	-71.28	
42462.1354166667	46.37	1230.12	
42462.0625	46.385	967.68	
42462.1875	46.385	1036.8	
42463.1458333333	46.385	0	
42462.3333333333	46.502	1382.4	
42462.1458333333	46.595	1119.96	
42462.0520833333	46.61	967.68	
42462.1770833333	46.61	1123.2	
42462.15625	46.82	1283.04	
42462.0416666667	46.835	1036.8	
42462.1666666667	46.835	1211.76	
42463.125	46.835	0	
42462	46.94	1302.48	
42462.0104166667	46.94	-1339.2	
42462.0208333333	46.94	-1755	
42462.03125	46.94	1088.64	
42461.9895833333	47.204	1244.16	
42463.1145833333	47.204	-65.88	
42462.34375	47.492	1296	
42461.9791666667	47.699	1224.72	
42463.1041666667	47.699	856.44	
42467.2083333333	48.125	1607.04	
42467.2916666667	48.125	1924.56	
42467.28125	48.14	1647	
42461.96875	48.194	1105.92	
42463.09375	48.194	1085.4	
42467.1979166667	48.284	1639.44	
42467.21875	48.35	1632.96	
42467.3020833333	48.35	1755	
42467.2708333333	48.365	1647	
42462.3541666667	48.482	1283.04	
42467.2291666667	48.575	1736.64	
42467.3125	48.575	1755	
42467.2604166667	48.59	1317.6	
42463.34375	48.656	-356.4	
42461.9583333333	48.689	1224.72	
42463.0833333333	48.689	1156.68	
42467.1875	48.779	1664.28	
42467.2395833333	48.8	1736.64	
42467.3229166667	48.8	1728	
42467.25	48.815	1581.12	
42461.9166666667	48.92	1374.84	
42461.9270833333	48.92	1004.4	
42461.9375	48.92	1224.72	
42461.9479166667	48.92	1205.28	
42463.0416666667	48.92	1138.32	
42463.0520833333	48.92	884.52	
42463.0625	48.92	1156.68	
42463.0729166667	48.92	1138.32	
42461.90625	49.208	1425.6	
42467.1770833333	49.274	1317.6	
42462.3645833333	49.472	1283.04	
42463.03125	49.592	1244.16	
42461.8958333333	49.748	1263.6	
42467.1666666667	49.769	1473.12	
42467.3333333333	50.096	1620	
42464.28125	50.144	1425.6	
42464.2916666667	50.231	1520.64	
42467.15625	50.264	1591.92	
42461.8854166667	50.288	1004.4	
42464.2708333333	50.414	1447.2	
42462.375	50.588	1175.04	
42464.2604166667	50.684	1263.6	
42464.3020833333	50.726	1589.76	
42467.1458333333	50.759	1591.92	
42461.875	50.828	1140.48	
42463.0208333333	50.852	1156.68	
42464.25	50.954	1544.4	
42463.3541666667	51.176	-421.2	
42467.0833333333	51.185	1317.6	
42464.2395833333	51.2	1272.24	
42464.3125	51.221	1404	
42467.1354166667	51.254	1383.48	
42461.8645833333	51.344	1101.6	
42467.09375	51.41	1447.2	
42464.2291666667	51.425	1292.76	
42467.0729166667	51.464	1383.48	
42467.1041666667	51.635	1447.2	
42464.21875	51.65	1292.76	
42464.3229166667	51.716	1354.32	
42467.125	51.749	1639.44	
42461.8541666667	51.839	1175.04	
42462.3854166667	51.848	1193.4	
42467.1145833333	51.86	1515.24	
42464.2083333333	51.875	1230.12	
42464.1666666667	51.98	1302.48	
42464.1875	51.98	1224.72	
42464.1979166667	51.98	1071.36	
42465.25	51.98	1701	
42465.2604166667	51.98	1836	
42465.2708333333	51.98	1728	
42465.28125	51.98	1701	
42465.2916666667	51.98	1701	
42465.3020833333	51.98	1836	
42465.3125	51.98	1809	
42465.3229166667	51.98	1701	
42463.0104166667	52.112	1244.16	
42467.0625	52.184	1496.88	
42462.9583333333	52.211	967.68	
42464.15625	52.244	1339.2	
42465.2395833333	52.244	1755	
42461.84375	52.334	1101.6	
42464.3333333333	52.568	1473.12	
42467.34375	52.616	1782	
42465.3333333333	52.673	1674	
42462.96875	52.706	967.68	
42464.1458333333	52.739	1354.32	
42465.2291666667	52.739	1428.84	
42462.9479166667	52.772	967.68	
42461.8333333333	52.829	1425.6	
42467.0520833333	52.904	1496.88	
42461.7916666667	53.06	1639.44	
42461.8020833333	53.06	1684.8	
42461.8125	53.06	1496.88	
42461.8229166667	53.06	1263.6	
42462.3958333333	53.108	856.44	
42462.9791666667	53.201	982.8	
42465.21875	53.234	1428.84	
42461.78125	53.324	1519.56	
42463	53.372	1244.16	
42467.0416666667	53.624	1451.52	
42462.9895833333	53.696	1224.72	
42463.3645833333	53.696	140.4	
42464.125	53.729	1138.32	
42465.2083333333	53.729	1542.24	
42461.7708333333	53.819	1406.16	
42464.34375	53.828	1664.28	
42464.0833333333	53.96	1211.76	
42464.09375	53.96	1138.32	
42464.1041666667	53.96	1119.96	
42464.1145833333	53.96	1140.48	
42461.7083333333	54.086	7840.8	
42465.34375	54.158	1496.88	
42461.6979166667	54.224	7935.84	
42465.1979166667	54.224	1382.4	
42462.9375	54.257	937.44	
42461.7604166667	54.314	2025	
42461.71875	54.356	7105.32	
42462.40625	54.368	535.68	
42467.03125	54.368	1251.72	
42464.0729166667	54.488	1211.76	
42461.7291666667	54.626	5234.76	
42461.6875	54.719	7935.84	
42465.1875	54.719	1360.8	
42461.75	54.809	3240	
42461.7395833333	54.896	4276.8	
42464.3541666667	55.088	1449.36	
42467.0208333333	55.133	1272.24	
42467.3541666667	55.136	1797.12	
42461.6770833333	55.214	7508.16	
42465.1770833333	55.214	1564.92	
42475.2395833333	55.4385714285714	1404	
42464.0625	55.478	1069.2	
42475.2291666667	55.5832142857143	1401.84	
42462.4166666667	55.628	136.08	
42465.3541666667	55.643	1564.92	
42461.6666666667	55.709	7745.76	
42465.1666666667	55.709	1496.88	
42475.21875	55.7278571428571	1474.2	
42463.375	55.733	795.96	
42462.9270833333	55.742	1054.08	
42475.2083333333	55.8725	1313.28	
42467.0104166667	55.898	1383.48	
42465.125	55.94	1428.84	
42465.1458333333	55.94	1451.52	
42465.15625	55.94	1428.84	
42475.25	55.94	1360.8	
42475.3020833333	55.94	1451.52	
42475.3125	55.94	1474.2	
42475.3229166667	55.94	1428.84	
42468.0833333333	56.066	1474.2	
42461.65625	56.084	7603.2	
42466.1979166667	56.084	1382.4	
42475.1979166667	56.084	1283.04	
42475.3333333333	56.0920689655172	1701	
42465.1145833333	56.204	1292.76	
42475.2604166667	56.3194594594595	1338.12	
42468.09375	56.336	1425.6	
42461.6458333333	56.354	7888.32	
42466.1875	56.354	1520.64	
42475.1875	56.354	1544.4	
42466.2083333333	56.36	1382.4	
42475.34375	56.4179310344828	1451.52	
42464.0520833333	56.468	1230.12	
42468.0729166667	56.492	1251.72	
42466.25	56.57	1451.52	
42468.1041666667	56.606	1317.6	
42461.6354166667	56.624	7888.32	
42466.1770833333	56.624	1313.28	
42475.1770833333	56.624	1520.64	
42467	56.663	1251.72	
42465.1041666667	56.699	1339.2	
42475.3541666667	56.7437931034483	1451.52	
42475.2708333333	56.7572972972973	1474.2	
42468.1145833333	56.876	1404	
42462.4270833333	56.888	0	
42461.625	56.894	8019	
42466.1666666667	56.894	1382.4	
42475.1666666667	56.894	1244.16	
42461.3229166667	57.02	1713.96	
42466.2604166667	57.02	1520.64	
42466.2708333333	57.02	1520.64	
42466.28125	57.02	1658.88	
42466.2916666667	57.02	1710.72	
42468.125	57.02	1317.6	
42468.1458333333	57.02	1333.8	
42468.15625	57.02	1231.2	
42475.2916666667	57.02	1728	
42466.21875	57.0384615384615	1451.52	
42475.3645833333	57.0696551724138	1520.64	
42466.2291666667	57.1076923076923	1451.52	
42475.28125	57.11	1589.76	
42468.1666666667	57.125	1474.2	
42469.25	57.125	1036.8	
42465.3645833333	57.128	1406.16	
42466.9895833333	57.14	1425.6	
42469.2395833333	57.14	1036.8	
42474.28125	57.14	1406.16	
42466.2395833333	57.1769230769231	1451.52	
42465.09375	57.194	1639.44	
42461.3125	57.2114893617021	1428.84	
42463.3854166667	57.218	829.44	
42462.9166666667	57.227	1101.6	
42475.15625	57.284	1205.28	
42483.28125	57.284	1428.84	
42468.1770833333	57.35	1496.88	
42469.2604166667	57.35	1244.16	
42466.9791666667	57.365	1496.88	
42469.2291666667	57.365	1140.48	
42474.2708333333	57.365	1428.84	
42466.15625	57.428	1360.8	
42464.0416666667	57.458	1283.04	
42461.3020833333	57.4987234042553	1451.52	
42474.2916666667	57.5046153846154	1383.48	
42468.0625	57.527	1166.4	
42468.1875	57.575	1333.8	
42469.2708333333	57.575	1053	
42466.96875	57.59	1383.48	
42469.21875	57.59	1140.48	
42474.2604166667	57.59	1383.48	
42461.3333333333	57.608	1589.76	
42466.3020833333	57.614	1544.4	
42467.3645833333	57.656	1797.12	
42483.2916666667	57.713	1428.84	
42475.1458333333	57.779	1224.72	
42483.2708333333	57.779	1428.84	
42461.2916666667	57.7859574468085	1713.96	
42468.1979166667	57.8	1333.8	
42469.28125	57.8	1263.6	
42466.9583333333	57.815	1383.48	
42469.2083333333	57.815	1105.92	
42474.25	57.815	1406.16	
42464	57.92	1105.92	
42464.0104166667	57.92	1263.6	
42464.0208333333	57.92	1036.8	
42464.03125	57.92	1140.48	
42469.125	57.92	1224.72	
42469.1354166667	57.92	1069.2	
42469.1458333333	57.92	1175.04	
42469.15625	57.92	1123.2	
42469.1666666667	57.92	1140.48	
42469.1770833333	57.92	1036.8	
42469.1875	57.92	1123.2	
42469.1979166667	57.92	1019.52	
42475.375	57.92	1568.16	
42475.3854166667	57.92	1639.44	
42461.6145833333	57.956	7921.8	
42475.3958333333	58.0064	1589.76	
42469.2916666667	58.046	1185.84	
42469.1145833333	58.064	1313.28	
42474.2395833333	58.064	1519.56	
42462.4375	58.148	136.08	
42466.1458333333	58.193	1404	
42461.28125	58.208	1451.52	
42465.0729166667	58.208	1382.4	
42466.9479166667	58.208	1496.88	
42483.2604166667	58.274	1292.76	
42469.3020833333	58.316	1101.6	
42462.90625	58.328	1013.04	
42463.9895833333	58.328	1053	
42469.1041666667	58.334	1105.92	
42474.2291666667	58.334	1468.8	
42466.3125	58.3565	1632.96	
42468.2083333333	58.508	1404	
42468.0520833333	58.562	1272.24	
42469.3125	58.586	1193.4	
42469.09375	58.604	1105.92	
42474.21875	58.604	1404	
42475.40625	58.6544	1451.52	
42463.3958333333	58.703	1013.04	
42465.375	58.739	1568.16	
42461.2708333333	58.748	1474.2	
42465.0625	58.748	1428.84	
42466.9375	58.748	1354.32	
42475.125	58.769	1244.16	
42483.25	58.769	1542.24	
42469.3229166667	58.856	1211.76	
42461.34375	58.868	1589.76	
42469.0833333333	58.874	1105.92	
42474.2083333333	58.874	1272.24	
42466.1354166667	58.958	1404	
42466.3229166667	59	1632.96	
42474.3020833333	59	1428.84	
42474.3125	59	1406.16	
42474.3229166667	59	1664.28	
42474.3333333333	59	1809	
42475.0833333333	59	1292.76	
42475.09375	59	1313.28	
42475.1041666667	59	1244.16	
42475.1145833333	59	1244.16	
42483.125	59	1490.4	
42483.1458333333	59	1451.52	
42483.15625	59	1451.52	
42483.1666666667	59	1292.76	
42483.1770833333	59	1542.24	
42483.1875	59	1406.16	
42483.1979166667	59	1564.92	
42483.2083333333	59	1360.8	
42483.21875	59	1360.8	
42483.2291666667	59	1473.12	
42483.2395833333	59	1544.4	
42462.8958333333	59.093	884.52	
42463.9791666667	59.093	1140.48	
42474.34375	59.1157142857143	1496.88	
42468.3229166667	59.144	1564.92	
42474.9479166667	59.144	1292.76	
42475.0729166667	59.144	1333.8	
42464.3854166667	59.198	1689.12	
42483.3020833333	59.198	1451.52	
42475.4166666667	59.231	1520.64	
42474.1979166667	59.2541176470588	1292.76	
42483.1145833333	59.264	1360.8	
42484.28125	59.264	1589.76	
42461.2604166667	59.288	1451.52	
42465.0520833333	59.288	1496.88	
42466.9270833333	59.288	1251.72	
42474.9583333333	59.378	1474.2	
42462.4479166667	59.408	0	
42469.0729166667	59.408	1175.04	
42468.3125	59.414	1614.6	
42474.9375	59.414	1428.84	
42475.0625	59.414	1313.28	
42469.3333333333	59.462	1211.76	
42484.2916666667	59.462	1564.92	
42468.3333333333	59.588	1589.76	
42468.0416666667	59.597	1272.24	
42466.3333333333	59.63	1589.76	
42468.3020833333	59.684	1589.76	
42474.9270833333	59.684	1451.52	
42475.0520833333	59.684	1313.28	
42474.3541666667	59.6942857142857	1639.44	
42461.6041666667	59.711	8296.56	
42466.125	59.723	1451.52	
42475.4270833333	59.726	1544.4	
42474.1875	59.7305882352941	1272.24	
42483.1041666667	59.759	1360.8	
42484.2708333333	59.759	1614.6	
42468.21875	59.768	1449.36	
42461.25	59.828	1451.52	
42465.0416666667	59.828	1519.56	
42466.9166666667	59.828	1354.32	
42462.8854166667	59.858	829.44	
42463.96875	59.858	1140.48	
42467.375	59.924	1614.6	
42468.2916666667	59.954	1589.76	
42474.9166666667	59.954	1404	
42475.0416666667	59.954	1360.8	
42465.0104166667	60.08	1272.24	
42465.0208333333	60.08	1374.84	
42465.03125	60.08	1542.24	
42466.0833333333	60.08	1474.2	
42466.09375	60.08	1451.52	
42466.1041666667	60.08	1313.28	
42466.1145833333	60.08	1428.84	
42466.34375	60.08	1658.88	
42466.3541666667	60.08	1782	
42466.3645833333	60.08	2049.84	
42474.96875	60.08	1451.52	
42474.9791666667	60.08	1451.52	
42474.9895833333	60.08	1360.8	
42482.25	60.08	1520.64	
42482.2604166667	60.08	1473.12	
42482.2708333333	60.08	1540.08	
42482.28125	60.08	1589.76	
42466.375	60.1166666666667	2021.76	
42461.3541666667	60.128	1658.88	
42469.0625	60.173	1105.92	
42463.40625	60.188	997.92	
42464.9895833333	60.2	1272.24	
42466.0729166667	60.2	1428.84	
42468.03125	60.2	1374.84	
42474.90625	60.2	1252.8	
42474.1770833333	60.2184615384615	1292.76	
42475.4375	60.221	1663.2	
42483.09375	60.254	1474.2	
42484.2604166667	60.254	1564.92	
42475	60.2832258064516	1360.8	
42482.2916666667	60.311	1564.92	
42475.03125	60.328275862069	1313.28	
42461.2395833333	60.344	1474.2	
42476.0729166667	60.344	1333.8	
42482.2395833333	60.344	1428.84	
42464.9791666667	60.425	1231.2	
42466.0625	60.425	1333.8	
42468.0208333333	60.425	1272.24	
42474.8958333333	60.425	1296	
42474.3645833333	60.4261538461538	1614.6	
42469.34375	60.452	1230.12	
42484.3020833333	60.452	1589.76	
42468.28125	60.464	1564.92	
42465.3854166667	60.494	1540.08	
42466.90625	60.608	1138.32	
42476.0833333333	60.6130769230769	1313.28	
42462.875	60.623	952.56	
42463.9583333333	60.623	1123.2	
42462.4583333333	60.647	72.36	
42466.0520833333	60.65	1313.28	
42468.0104166667	60.65	1272.24	
42474.8854166667	60.65	1382.4	
42466.3854166667	60.6666666666667	2332.8	
42464.3958333333	60.683	1686.96	
42483.3125	60.683	1406.16	
42475.4479166667	60.716	1763.64	
42475.0104166667	60.7187096774194	1360.8	
42474.1666666667	60.7376923076923	1341.36	
42483.0833333333	60.749	1428.84	
42484.25	60.749	1639.44	
42475.0208333333	60.7937931034483	1520.64	
42482.3020833333	60.806	1564.92	
42461.2291666667	60.839	1474.2	
42476.0625	60.839	1333.8	
42482.2291666667	60.839	1451.52	
42468.34375	60.848	1589.76	
42473.2395833333	60.872	1272.24	
42464.9583333333	60.875	1339.2	
42466.0416666667	60.875	1333.8	
42468	60.875	1272.24	
42474.875	60.875	1382.4	
42469.0520833333	60.938	1175.04	
42473.2083333333	60.98	1404	
42473.21875	60.98	1231.2	
42473.2291666667	60.98	1231.2	
42473.25	60.98	1425.6	
42473.2604166667	60.98	1568.16	
42473.2708333333	60.98	1591.92	
42473.28125	60.98	1449.36	
42473.2916666667	60.98	1568.16	
42473.3020833333	60.98	1639.44	
42473.3125	60.98	1614.6	
42473.3229166667	60.98	1639.44	
42474.1458333333	60.98	1321.92	
42474.15625	60.98	1374.84	
42480.3333333333	60.98	2457	
42480.34375	60.98	2555.28	
42480.3541666667	60.98	2611.44	
42483.0416666667	60.98	1701	
42483.0520833333	60.98	1292.76	
42483.0625	60.98	1313.28	
42483.0729166667	60.98	1428.84	
42484.2083333333	60.98	1763.64	
42484.21875	60.98	1614.6	
42484.2291666667	60.98	1639.44	
42484.2395833333	60.98	1474.2	
42468.2291666667	61.028	1589.76	
42474.375	61.106	1639.44	
42463.9479166667	61.124	967.68	
42484.1979166667	61.124	2047.68	
42473.3333333333	61.1342857142857	1614.6	
42481.34375	61.148	1664.28	
42473.1979166667	61.1763636363636	1425.6	
42468.2708333333	61.184	1589.76	
42466.3958333333	61.2166666666667	2332.8	
42462.8645833333	61.244	952.56	
42464.9479166667	61.244	1447.2	
42466.03125	61.244	1292.76	
42467.9895833333	61.244	1374.84	
42474.8645833333	61.244	1313.28	
42482.3125	61.301	1564.92	
42461.21875	61.334	1451.52	
42476.0520833333	61.334	1313.28	
42482.21875	61.334	1519.56	
42474.1354166667	61.34	1313.28	
42474.3854166667	61.376	1639.44	
42461.3645833333	61.388	2012.04	
42483.03125	61.388	1713.96	
42463.9375	61.394	1069.2	
42484.1875	61.394	2021.76	
42469.3541666667	61.442	1230.12	
42484.3125	61.442	1589.76	
42463.4166666667	61.442	803.52	
42475.4583333333	61.442	1639.44	
42473.34375	61.4648979591837	1614.6	
42461.59375	61.466	7899.12	
42481.3541666667	61.508	1892.16	
42480.3645833333	61.52	2886.84	
42473.1875	61.5445454545455	1542.24	
42466.8958333333	61.598	1119.96	
42474.3958333333	61.646	1664.28	
42476.1458333333	61.66	1404	
42463.9270833333	61.664	988.2	
42484.1770833333	61.664	2047.68	
42469.0416666667	61.703	1193.4	
42462.8541666667	61.739	982.8	
42464.9375	61.739	1283.04	
42466.0208333333	61.739	1292.76	
42467.9791666667	61.739	1374.84	
42474.8541666667	61.739	1474.2	
42476.09375	61.7553846153846	1292.76	
42466.40625	61.7666666666667	2912.76	
42473.3541666667	61.7955102040816	1710.72	
42482.3229166667	61.796	1564.92	
42461.2083333333	61.829	1382.4	
42476.0416666667	61.829	1292.76	
42482.2083333333	61.829	1519.56	
42474.125	61.8309090909091	1395.36	
42480.3229166667	61.844	2611.44	
42462.46875	61.862	72.36	
42481.3645833333	61.868	2162.16	
42468.2604166667	61.904	1614.6	
42467.3854166667	61.904	1544.4	
42473.1770833333	61.9127272727273	1339.2	
42474.40625	61.916	1813.32	
42463.9166666667	61.934	1004.4	
42484.1666666667	61.934	1937.52	
42469	62.06	1193.4	
42469.0104166667	62.06	898.56	
42469.0208333333	62.06	-1451.52	
42469.03125	62.06	1211.76	
42470.25	62.06	1224.72	
42470.2604166667	62.06	1292.76	
42470.2708333333	62.06	1105.92	
42470.28125	62.06	1156.68	
42470.2916666667	62.06	1224.72	
42473.0833333333	62.06	1406.16	
42473.09375	62.06	1406.16	
42473.125	62.06	1383.48	
42473.1354166667	62.06	1428.84	
42473.1458333333	62.06	1406.16	
42473.15625	62.06	1542.24	
42473.1666666667	62.06	1406.16	
42473.3645833333	62.06	1568.16	
42474.0520833333	62.06	1272.24	
42474.0625	62.06	1302.48	
42474.0729166667	62.06	1447.2	
42474.0833333333	62.06	1339.2	
42474.09375	62.06	1468.8	
42474.1041666667	62.06	1339.2	
42474.1145833333	62.06	1292.76	
42476.1875	62.06	1313.28	
42476.1979166667	62.06	1313.28	
42480.375	62.06	2779.92	
42480.3854166667	62.06	3582.36	
42480.3958333333	62.06	4471.2	
42480.40625	62.06	4860	
42481.375	62.06	2190.24	
42481.3854166667	62.06	2361.96	
42484.125	62.06	2177.28	
42484.1458333333	62.06	1962.36	
42484.15625	62.06	2203.2	
42476.1041666667	62.0975	1451.52	
42468.3541666667	62.108	1763.64	
42483.0208333333	62.153	-1292.76	
42461.375	62.165	1863	
42465.9583333333	62.165	1244.16	
42473.375	62.165	1813.32	
42474.4166666667	62.165	1736.64	
42464.40625	62.168	1763.64	
42483.3229166667	62.168	1428.84	
42470.3020833333	62.1725	1313.28	
42461.1979166667	62.18	1292.76	
42470.2395833333	62.18	1224.72	
42482.1979166667	62.18	1428.84	
42476.2083333333	62.2257894736842	1313.28	
42462.84375	62.234	937.44	
42464.9270833333	62.234	1302.48	
42466.0104166667	62.234	1292.76	
42467.96875	62.234	1230.12	
42474.84375	62.234	1451.52	
42465.3958333333	62.249	1589.76	
42473.1041666667	62.2664705882353	1519.56	
42476.125	62.267	1382.4	
42468.2395833333	62.288	1614.6	
42480.4166666667	62.291	5896.8	
42463.90625	62.324	988.2	
42476.03125	62.324	1404	
42484.1145833333	62.324	2306.88	
42481.3958333333	62.3511764705882	1944	
42466.4166666667	62.36	3598.56	
42461.3854166667	62.39	1589.76	
42465.96875	62.39	1263.6	
42473.3854166667	62.39	1614.6	
42474.4270833333	62.39	1918.08	
42461.1875	62.405	1313.28	
42470.2291666667	62.405	1193.4	
42482.1875	62.405	1428.84	
42476.15625	62.4061538461538	1382.4	
42476.1770833333	62.4061538461538	1313.28	
42469.3645833333	62.432	1193.4	
42484.3229166667	62.432	1589.76	
42463.4270833333	62.432	803.52	
42475.46875	62.432	1428.84	
42468.9895833333	62.444	1175.04	
42481.3333333333	62.5	1568.16	
42473.1145833333	62.5047058823529	1496.88	
42474.0416666667	62.51	1406.16	
42476.21875	62.5810526315789	1313.28	
42465.9479166667	62.588	1263.6	
42466.8854166667	62.588	1211.76	
42470.3125	62.594375	1105.92	
42461.3958333333	62.615	1840.32	
42465.9791666667	62.615	1382.4	
42473.3958333333	62.615	1993.68	
42474.4375	62.615	2133	
42468.25	62.624	1589.76	
42482.3333333333	62.627	1713.96	
42461.1770833333	62.63	1313.28	
42470.21875	62.63	1193.4	
42482.1770833333	62.63	1406.16	
42470.1145833333	62.6372413793103	1244.16	
42487.1979166667	62.6439024390244	1138.32	
42476.1145833333	62.66	1428.84	
42476.2395833333	62.6635294117647	1333.8	
42473.0729166667	62.7136842105263	1496.88	
42462.8333333333	62.729	937.44	
42466	62.729	1333.8	
42467.9583333333	62.729	1302.48	
42474.8333333333	62.729	1451.52	
42470.1041666667	62.7303448275862	1263.6	
42481.40625	62.7482352941176	2391.12	
42487.1875	62.7756097560976	1468.8	
42473.9895833333	62.78	1406.16	
42480.4270833333	62.786	5114.88	
42463.8958333333	62.819	926.64	
42476.0208333333	62.819	-1190.16	
42484.1041666667	62.819	1937.52	
42470.09375	62.8234482758621	1166.4	
42461.40625	62.84	2478.6	
42465.9895833333	62.84	1313.28	
42473.40625	62.84	2274.48	
42474.4479166667	62.84	2160	
42461.1666666667	62.855	1313.28	
42470.2083333333	62.855	1317.6	
42482.1666666667	62.855	1406.16	
42487.1770833333	62.9073170731707	1468.8	
42470.0833333333	62.9165517241379	1283.04	
42483.0104166667	62.918	1036.8	
42476.1666666667	62.9253846153846	1360.8	
42476.2291666667	62.9363157894737	1333.8	
42461.0416666667	62.96	1333.8	
42461.0520833333	62.96	1313.28	
42461.0625	62.96	1313.28	
42461.0729166667	62.96	1244.16	
42461.0833333333	62.96	1333.8	
42461.09375	62.96	1263.6	
42461.1041666667	62.96	1175.04	
42461.1145833333	62.96	1360.8	
42461.125	62.96	1404	
42461.1458333333	62.96	1313.28	
42461.15625	62.96	1292.76	
42470.125	62.96	1211.76	
42470.1458333333	62.96	1175.04	
42470.15625	62.96	1101.6	
42470.1666666667	62.96	1175.04	
42470.1770833333	62.96	1211.76	
42470.1875	62.96	1211.76	
42470.1979166667	62.96	1354.32	
42470.3229166667	62.96	1321.92	
42473.0416666667	62.96	1496.88	
42473.0520833333	62.96	1251.72	
42473.0625	62.96	1354.32	
42473.9583333333	62.96	1292.76	
42473.96875	62.96	1374.84	
42473.9791666667	62.96	1406.16	
42474	62.96	1406.16	
42474.0104166667	62.96	1272.24	
42474.0208333333	62.96	1374.84	
42474.03125	62.96	1519.56	
42487.1666666667	62.96	1468.8	
42487.2083333333	62.96	1138.32	
42487.21875	62.96	1620	
42487.2291666667	62.96	2012.04	
42487.2395833333	62.96	1987.2	
42466.4270833333	63.0615384615385	3929.04	
42462.4791666667	63.077	131.76	
42461.4166666667	63.086	2449.44	
42461.5416666667	63.086	4479.84	
42487.25	63.086	2349	
42467.9479166667	63.104	1230.12	
42470.0729166667	63.104	1166.4	
42473.03125	63.104	1404	
42473.9479166667	63.104	1272.24	
42482.15625	63.104	1428.84	
42468.9791666667	63.164	1175.04	
42476.25	63.1903225806452	1313.28	
42461.5833333333	63.221	7402.32	
42461.53125	63.224	4406.4	
42474.4583333333	63.2613043478261	2349	
42480.4375	63.281	4914	
42463.8854166667	63.314	884.52	
42476.0104166667	63.314	760.32	
42484.09375	63.314	2111.4	
42470.3333333333	63.317	1374.84	
42461.4270833333	63.356	2818.8	
42461.5520833333	63.356	4443.12	
42487.2604166667	63.356	2484	
42468.3645833333	63.368	1589.76	
42467.9375	63.374	1263.6	
42470.0625	63.374	1263.6	
42473.0208333333	63.374	1251.72	
42473.9375	63.374	1382.4	
42482.1458333333	63.374	1449.36	
42463.4375	63.422	842.4	
42469.375	63.422	1230.12	
42475.4791666667	63.422	1589.76	
42481.4166666667	63.422	2566.08	
42484.3333333333	63.422	1589.76	
42473.4166666667	63.455	2420.28	
42461.03125	63.488	1292.76	
42464.4166666667	63.548	1738.8	
42465.9375	63.578	1263.6	
42466.875	63.578	1193.4	
42461.4375	63.626	3818.88	
42461.5625	63.626	6486.48	
42487.2708333333	63.626	2511	
42462.8229166667	63.632	1036.8	
42467.9270833333	63.644	1138.32	
42470.0520833333	63.644	1166.4	
42473.0104166667	63.644	1317.6	
42473.9270833333	63.644	1382.4	
42482.1354166667	63.644	1425.6	
42474.8229166667	63.6486956521739	1701	
42483.3333333333	63.674	1292.76	
42483	63.683	1354.32	
42476.2604166667	63.6838709677419	1292.76	
42461.5208333333	63.719	4665.6	
42480.4479166667	63.776	6441.12	
42463.875	63.809	937.44	
42476	63.809	1313.28	
42484.0833333333	63.809	2403	
42482.34375	63.842	1814.4	
42467.3958333333	63.884	1892.16	
42468.96875	63.884	1175.04	
42461.4479166667	63.896	3706.56	
42461.5729166667	63.896	6441.12	
42487.28125	63.896	2799.36	
42474.46875	63.9069565217391	2536.92	
42467.9166666667	63.914	1085.4	
42470.0416666667	63.914	1263.6	
42473	63.914	1317.6	
42473.9166666667	63.914	1292.76	
42482.125	63.914	1447.2	
42465.40625	64.004	1428.84	
42470	64.04	1123.2	
42470.0104166667	64.04	1140.48	
42470.0208333333	64.04	1244.16	
42470.03125	64.04	1251.72	
42473.8333333333	64.04	1374.84	
42473.875	64.04	1360.8	
42473.8854166667	64.04	1317.6	
42473.8958333333	64.04	1360.8	
42473.90625	64.04	1339.2	
42479.0729166667	64.04	1360.8	
42479.0833333333	64.04	1382.4	
42479.2916666667	64.04	1589.76	
42479.3020833333	64.04	1564.92	
42482.0416666667	64.04	1354.32	
42482.0520833333	64.04	1496.88	
42482.0625	64.04	1474.2	
42482.0729166667	64.04	1406.16	
42482.0833333333	64.04	1428.84	
42482.09375	64.04	1406.16	
42482.1041666667	64.04	1339.2	
42482.1145833333	64.04	1447.2	
42487.2916666667	64.04	2828.52	
42487.3020833333	64.04	2974.32	
42487.3125	64.04	3084.48	
42487.3229166667	64.04	3207.6	
42473.84375	64.0676923076923	1542.24	
42470.34375	64.082	1175.04	
42480.3125	64.13	2555.28	
42461.4583333333	64.145	4432.32	
42480.4583333333	64.145	7175.52	
42469.9895833333	64.16	1313.28	
42484.0729166667	64.16	2235.6	
42476.2708333333	64.1774193548387	1474.2	
42479.3125	64.2025806451613	1428.84	
42473.8541666667	64.2061538461539	1406.16	
42461.5104166667	64.214	5644.08	
42488.1666666667	64.271	1354.32	
42479.09375	64.2823076923077	1360.8	
42462.4895833333	64.292	131.76	
42482.03125	64.304	1354.32	
42482.9895833333	64.304	1354.32	
42472.9895833333	64.3066666666667	1317.6	
42473.8645833333	64.3446153846154	1406.16	
42461.46875	64.37	3956.04	
42480.46875	64.37	7508.16	
42487.3333333333	64.376	2779.92	
42479.3229166667	64.3767741935484	1736.64	
42469.9791666667	64.385	1175.04	
42484.0625	64.385	2565	
42463.4479166667	64.412	723.6	
42469.3854166667	64.412	1230.12	
42475.4895833333	64.412	1866.24	
42481.4270833333	64.412	3421.44	
42484.34375	64.412	1589.76	
42475.9895833333	64.424	1313.28	
42479.28125	64.43375	1428.84	
42461.0208333333	64.478	1313.28	
42481.3229166667	64.4925714285714	1591.92	
42468.375	64.502	1763.64	
42473.4270833333	64.5157142857143	3386.88	
42479.1041666667	64.5419230769231	1436.4	
42473.8229166667	64.55	1542.24	
42474.4791666667	64.5526086956522	2682.72	
42479.2395833333	64.5675862068966	1428.84	
42465.9270833333	64.568	1341.36	
42463.8645833333	64.568	922.32	
42466.4375	64.5846153846154	4112.64	
42461.4791666667	64.595	4471.2	
42480.4791666667	64.595	7948.8	
42479.2708333333	64.6025	1428.84	
42468.9583333333	64.604	1175.04	
42469.96875	64.61	1101.6	
42484.0520833333	64.61	2857.68	
42479.0625	64.6111538461539	1382.4	
42479.15625	64.67	1292.76	
42476.28125	64.6709677419355	1231.2	
42461.5	64.709	5130	
42467.90625	64.712	1175.04	
42488.15625	64.76	1360.8	
42488.1770833333	64.766	1333.8	
42479.2604166667	64.77125	1451.52	
42482.0208333333	64.799	1354.32	
42482.9791666667	64.799	1333.8	
42479.1145833333	64.8015384615385	1313.28	
42472.9791666667	64.8066666666667	1339.2	
42464.4270833333	64.808	1969.92	
42461.4895833333	64.82	5171.04	
42480.4895833333	64.82	8395.92	
42469.9583333333	64.835	1292.76	
42484.0416666667	64.835	2673	
42470.3541666667	64.847	1224.72	
42462.8125	64.892	926.64	
42464.8854166667	64.898	1211.76	
42472.3333333333	64.94	1540.08	
42472.34375	64.94	1591.92	
42472.3541666667	64.94	1892.16	
42472.3645833333	64.94	2507.76	
42472.375	64.94	2507.76	
42472.3854166667	64.94	3456	
42472.3958333333	64.94	3559.68	
42472.40625	64.94	4075.92	
42472.4166666667	64.94	4510.08	
42472.9166666667	64.94	1383.48	
42472.9270833333	64.94	1374.84	
42472.9375	64.94	1425.6	
42472.9479166667	64.94	1496.88	
42472.9583333333	64.94	1383.48	
42472.96875	64.94	1339.2	
42473.4375	64.94	3490.56	
42473.4479166667	64.94	3892.32	
42473.8020833333	64.94	2036.88	
42473.8125	64.94	1723.68	
42474.8125	64.94	1746.36	
42479.125	64.94	1313.28	
42479.1666666667	64.94	1451.52	
42479.25	64.94	1564.92	
42479.3333333333	64.94	1736.64	
42479.34375	64.94	1496.88	
42479.3541666667	64.94	1713.96	
42481.0833333333	64.94	1451.52	
42481.09375	64.94	1451.52	
42481.1041666667	64.94	1451.52	
42481.1145833333	64.94	1428.84	
42466.8645833333	64.976	1175.04	
42479.2291666667	64.9865517241379	1451.52	
42488.1458333333	65.021	1354.32	
42482.3541666667	65.057	1713.96	
42462.5	65.066	940.68	
42473.4583333333	65.066	4471.2	
42480.5	65.066	7484.4	
42481.125	65.066	1474.2	
42469.9479166667	65.084	1211.76	
42472.3229166667	65.084	1540.08	
42472.90625	65.084	1354.32	
42481.0729166667	65.084	1451.52	
42481.2395833333	65.084	1210.68	
42487.34375	65.096	2974.32	
42472.4270833333	65.1305882352941	5006.88	
42475.9791666667	65.144	1313.28	
42481.25	65.1443243243243	1451.52	
42476.2916666667	65.1645161290323	1313.28	
42487.15625	65.165	1477.44	
42481.5	65.171	8476.92	
42479.0520833333	65.1823076923077	1244.16	
42468.9479166667	65.204	1036.8	
42483.34375	65.204	1224.72	
42484.03125	65.204	2700	
42479.1770833333	65.2456603773585	1313.28	
42481.4895833333	65.2485714285714	7899.12	
42488.1875	65.261	1474.2	
42482.0104166667	65.294	1251.72	
42482.96875	65.294	1333.8	
42479.1458333333	65.3	1292.76	
42462.5104166667	65.336	777.6	
42473.46875	65.336	4611.6	
42480.5104166667	65.336	7257.6	
42481.3125	65.3411428571429	1544.4	
42469.9375	65.354	1193.4	
42472.3125	65.354	1540.08	
42472.8958333333	65.354	1272.24	
42481.0625	65.354	1451.52	
42481.2291666667	65.354	1474.2	
42469.3958333333	65.402	1069.2	
42481.4375	65.402	4515.48	
42484.3541666667	65.402	1589.76	
42474.4895833333	65.4028571428571	2770.2	
42479.21875	65.4055172413793	1382.4	
42463.4583333333	65.423	658.8	
42461.0104166667	65.468	1175.04	
42468.3854166667	65.492	2025	
42479.1875	65.551320754717	1333.8	
42465.9166666667	65.558	1105.92	
42463.8541666667	65.558	1013.04	
42481.2604166667	65.5821621621622	1474.2	
42462.5208333333	65.606	712.8	
42473.4791666667	65.606	4898.88	
42480.5208333333	65.606	7257.6	
42481.1458333333	65.606	1496.88	
42472.4375	65.6070588235294	5335.2	
42470.3645833333	65.612	1263.6	
42469.9270833333	65.624	1175.04	
42472.3020833333	65.624	1540.08	
42472.8854166667	65.624	1292.76	
42481.0520833333	65.624	1451.52	
42481.21875	65.624	1496.88	
42465.4166666667	65.654	1734.48	
42476.3020833333	65.658064516129	1474.2	
42464.875	65.663	1175.04	
42481.5104166667	65.666	8495.28	
42473.7916666667	65.6763636363636	2653.56	
42475.5	65.696	2133	
42468.9375	65.699	1036.8	
42484.0208333333	65.699	2646	
42474.8020833333	65.7427027027027	2310.12	
42479.0416666667	65.7534615384615	1382.4	
42488.1979166667	65.756	1283.04	
42482	65.789	1283.04	
42482.9583333333	65.789	1333.8	
42487.3541666667	65.816	4332.96	
42479.2083333333	65.8244827586207	1639.44	
42481.4791666667	65.8271428571429	6919.56	
42488.125	65.831	1272.24	
42479.3645833333	65.8563636363636	1689.12	
42479.1979166667	65.8569811320755	1292.76	
42467.40625	65.864	1664.28	
42475.96875	65.864	1292.76	
42462.53125	65.876	723.6	
42473.4895833333	65.876	5581.44	
42480.53125	65.876	7076.16	
42481.15625	65.876	1404	
42469.9166666667	65.894	1211.76	
42472.2916666667	65.894	1406.16	
42472.875	65.894	1542.24	
42481.0416666667	65.894	1313.28	
42481.2083333333	65.894	1274.4	
42467.8958333333	65.972	937.44	
42472.4479166667	66.02	6078.24	
42472.4583333333	66.02	6350.4	
42472.46875	66.02	7032.96	
42472.4791666667	66.02	7460.64	
42472.4895833333	66.02	8246.88	
42472.8333333333	66.02	1859.76	
42472.84375	66.02	1564.92	
42472.8541666667	66.02	1272.24	
42472.8645833333	66.02	1272.24	
42473.78125	66.02	3351.24	
42478.3333333333	66.02	1520.64	
42478.34375	66.02	1589.76	
42478.3541666667	66.02	1614.6	
42478.3645833333	66.02	1892.16	
42478.375	66.02	2303.64	
42478.3854166667	66.02	2449.44	
42478.3958333333	66.02	3013.2	
42478.4166666667	66.02	3386.88	
42478.4270833333	66.02	3818.88	
42478.4375	66.02	4315.68	
42478.4479166667	66.02	4924.8	
42479.375	66.02	1589.76	
42481	66.02	1360.8	
42481.0104166667	66.02	1313.28	
42481.0208333333	66.02	1313.28	
42481.03125	66.02	1313.28	
42481.2708333333	66.02	1544.4	
42481.3020833333	66.02	1568.16	
42488.2083333333	66.02	1374.84	
42464.4375	66.068	2268	
42478.09375	66.0892307692308	1360.8	
42478.1041666667	66.092	1339.2	
42466.4479166667	66.1076923076923	4587.84	
42473.5	66.125	6168.96	
42474.5833333333	66.125	6220.8	
42472.8229166667	66.14	2161.08	
42479.03125	66.14	1382.4	
42488.1145833333	66.14	1354.32	
42472.5	66.146	8544.96	
42462.8020833333	66.152	1069.2	
42476.3125	66.1533333333333	1210.68	
42481.5208333333	66.161	9504	
42472.28125	66.164	1428.84	
42478.1145833333	66.1691428571429	1339.2	
42478.40625	66.1723076923077	2555.28	
42468.9270833333	66.194	1123.2	
42484.0104166667	66.194	3288.6	
42481.1979166667	66.2046153846154	1404	
42470.375	66.251	1224.72	
42474.5	66.251	3663.36	
42482.3645833333	66.272	1944	
42465.90625	66.284	1036.8	
42469.90625	66.284	1083.24	
42474.5729166667	66.284	5314.68	
42480.9895833333	66.284	1313.28	
42481.9895833333	66.284	1374.84	
42481.46875	66.30125	5938.92	
42481.1666666667	66.32	1382.4	
42473.5104166667	66.35	6022.08	
42474.59375	66.35	6023.16	
42472.8125	66.365	2886.84	
42479.0208333333	66.365	1490.4	
42488.1041666667	66.365	1374.84	
42462.5416666667	66.377	724.68	
42485.15625	66.3862068965517	1813.32	
42472.2083333333	66.3905882352941	1354.32	
42469.40625	66.392	1193.4	
42481.4479166667	66.392	5054.4	
42484.3645833333	66.392	1451.52	
42472.5104166667	66.416	8644.32	
42478.3229166667	66.4273684210526	1474.2	
42482.9479166667	66.428	1374.84	
42472.2708333333	66.434	1564.92	
42484.9895833333	66.44	2376	
42461	66.458	1193.4	
42463.46875	66.458	691.2	
42478.4583333333	66.47	5171.04	
42478.0729166667	66.4769230769231	1447.2	
42468.3958333333	66.482	2358.72	
42480.5416666667	66.482	7076.16	
42472.1979166667	66.5	1474.2	
42487.3645833333	66.536	5093.28	
42474.7916666667	66.5454054054054	3032.64	
42463.84375	66.548	1004.4	
42481.1875	66.5507692307692	1404	
42473.5208333333	66.575	6376.32	
42474.6041666667	66.575	6220.8	
42479.3854166667	66.5803773584906	2691.36	
42475.9583333333	66.584	1292.76	
42481.2916666667	66.5884210526316	1544.4	
42472.8020833333	66.59	3413.88	
42479.0104166667	66.59	1224.72	
42488.09375	66.59	1395.36	
42473.7708333333	66.5911538461538	3783.24	
42476.3229166667	66.6533333333333	1451.52	
42481.53125	66.656	9313.92	
42475.5104166667	66.68	2047.68	
42472.5208333333	66.686	8310.6	
42468.9166666667	66.689	1036.8	
42484	66.689	3476.52	
42472.2604166667	66.704	1639.44	
42481.4583333333	66.723125	4860	
42466.8541666667	66.731	1175.04	
42483.3541666667	66.734	1292.76	
42478.28125	66.74	1519.56	
42470.3854166667	66.746	1004.4	
42474.5104166667	66.746	4149.36	
42465.8958333333	66.779	1496.88	
42469.8958333333	66.779	1156.68	
42474.5625	66.779	4800.6	
42480.9791666667	66.779	1224.72	
42481.9791666667	66.779	1678.32	
42473.53125	66.8	7032.96	
42474.6145833333	66.8	6154.92	
42464.8645833333	66.812	1438.56	
42472.7916666667	66.815	3883.68	
42479	66.815	1313.28	
42488.0833333333	66.815	1251.72	
42485.1458333333	66.851724137931	1713.96	
42481.1770833333	66.8969230769231	1404	
42472.1875	66.92	1474.2	
42472.21875	66.92	1333.8	
42472.2291666667	66.92	1425.6	
42472.2395833333	66.92	1425.6	
42472.25	66.92	1664.28	
42473.5416666667	66.92	7291.08	
42474.625	66.92	6966	
42474.6354166667	66.92	7012.44	
42474.6458333333	66.92	7508.16	
42474.65625	66.92	8197.2	
42474.6666666667	66.92	8644.32	
42474.6770833333	66.92	9039.6	
42474.6875	66.92	8505	
42474.6979166667	66.92	10951.2	
42474.7083333333	66.92	10685.52	
42474.71875	66.92	9828	
42474.7291666667	66.92	7983.36	
42474.7395833333	66.92	6360.12	
42474.78125	66.92	3413.88	
42478.0833333333	66.92	1425.6	
42478.125	66.92	1425.6	
42478.21875	66.92	1383.48	
42478.2916666667	66.92	1383.48	
42478.3020833333	66.92	1710.72	
42478.3125	66.92	1474.2	
42478.46875	66.92	5942.16	
42481.28125	66.92	1425.6	
42481.5416666667	66.92	8748	
42481.5520833333	66.92	9339.84	
42483.9583333333	66.92	4218.48	
42483.96875	66.92	3664.44	
42483.9791666667	66.92	3664.44	
42483.9895833333	66.92	3664.44	
42488.21875	66.92	1451.52	
42488.2291666667	66.92	1251.72	
42488.2395833333	66.92	1734.48	
42488.25	66.92	1710.72	
42488.2604166667	66.92	1710.72	
42473.7083333333	67.046	8791.2	
42473.6979166667	67.064	8127	
42472.53125	67.136	8968.32	
42479.3958333333	67.1407547169811	2812.32	
42462.5520833333	67.142	784.08	
42473.7604166667	67.1623076923077	4218.48	
42473.5520833333	67.1624489795918	7793.28	
42469.4166666667	67.172	997.92	
42476.3333333333	67.172	1451.52	
42484.96875	67.175	2808	
42465.4270833333	67.184	2106	
42482.9375	67.193	1211.76	
42472.78125	67.208	4704.48	
42475.9479166667	67.208	1313.28	
42483.9479166667	67.208	4561.92	
42488.0729166667	67.208	1251.72	
42467.8854166667	67.232	940.68	
42470.3958333333	67.241	1004.4	
42474.5208333333	67.241	4587.84	
42465.8854166667	67.274	1458	
42469.8854166667	67.274	1101.6	
42474.5520833333	67.274	4687.2	
42480.96875	67.274	1175.04	
42481.96875	67.274	2161.08	
42484.375	67.277	1428.84	
42487.375	67.277	5209.92	
42474.75	67.298	5634.36	
42488.2708333333	67.31	1734.48	
42473.71875	67.316	7894.8	
42485.1354166667	67.3172413793103	1763.64	
42464.4479166667	67.328	2086.56	
42468.90625	67.328	884.52	
42478.1354166667	67.3314285714286	1425.6	
42473.6875	67.334	9136.8	
42474.7708333333	67.3442857142857	4118.04	
42478.4791666667	67.352	6305.04	
42478.2708333333	67.388	1496.88	
42462.7916666667	67.412	829.44	
42485	67.46	2255.04	
42468.40625	67.472	3386.88	
42480.5520833333	67.472	7523.28	
42463.4791666667	67.493	772.2	
42473.5625	67.4930612244898	8445.6	
42478.9895833333	67.496	1333.8	
42475.5208333333	67.505	1866.24	
42482.375	67.508	1918.08	
42478.0625	67.5153846153846	1302.48	
42463.8333333333	67.538	937.44	
42473.7291666667	67.586	7484.4	
42472.1770833333	67.595	1333.8	
42473.6770833333	67.604	10044	
42485.1666666667	67.6072727272727	1892.16	
42466.4583333333	67.634	5728.32	
42479.40625	67.7011320754717	3456	
42469.4270833333	67.712	972	
42476.34375	67.712	1313.28	
42473.75	67.7334615384615	5474.52	
42470.40625	67.736	1205.28	
42474.53125	67.736	4422.6	
42487.1458333333	67.736	1321.92	
42484.9583333333	67.7375	2700	
42467.4166666667	67.739	1639.44	
42472.7708333333	67.748	5329.8	
42475.9375	67.748	1333.8	
42483.9375	67.748	4597.56	
42488.0625	67.748	1272.24	
42488.28125	67.76	1615.68	
42465.875	67.769	1613.52	
42469.875	67.769	1193.4	
42474.5416666667	67.769	4649.4	
42480.9583333333	67.769	1146.96	
42481.9583333333	67.769	2673	
42485.125	67.7827586206897	1962.36	
42478.4895833333	67.8148571428572	6577.2	
42473.5729166667	67.8236734693878	8644.32	
42473.7395833333	67.856	6107.4	
42473.6666666667	67.874	11104.56	
42462.5625	67.907	795.96	
42474.7604166667	67.9228571428571	4740.12	
42478.2604166667	67.928	1360.8	
42482.9270833333	67.958	1374.84	
42470.4166666667	68	1157.76	
42473.5833333333	68	8359.2	
42473.59375	68	7935.84	
42473.6041666667	68	9155.16	
42473.6145833333	68	9419.76	
42473.625	68	9631.44	
42473.6354166667	68	10054.8	
42473.6458333333	68	10266.48	
42473.65625	68	10630.44	
42478.1458333333	68	1317.6	
42478.2083333333	68	1383.48	
42478.2291666667	68	1383.48	
42478.2395833333	68	1360.8	
42478.25	68	1474.2	
42478.5	68	7270.56	
42478.96875	68	1313.28	
42478.9791666667	68	1313.28	
42481.5625	68	8650.8	
42484.875	68	3984.12	
42484.8854166667	68	3682.8	
42484.8958333333	68	3382.56	
42484.90625	68	2889	
42484.9166666667	68	3939.84	
42484.9270833333	68	3351.24	
42484.9375	68	3194.64	
42484.9479166667	68	3235.68	
42485.0104166667	68	2384.64	
42485.0208333333	68	2555.28	
42485.03125	68	2583.36	
42485.0520833333	68	2229.12	
42485.0625	68	2280.96	
42485.0729166667	68	2442.96	
42485.1041666667	68	2255.04	
42485.1145833333	68	2099.52	
42485.1770833333	68	1838.16	
42485.1875	68	1710.72	
42485.1979166667	68	1866.24	
42485.2083333333	68	1892.16	
42485.21875	68	1892.16	
42485.2291666667	68	1892.16	
42485.2395833333	68	1840.32	
42488.2916666667	68	1758.24	
42488.3020833333	68	1734.48	
42488.3125	68	1918.08	
42488.3229166667	68	1734.48	
42490.2916666667	68	1415.88	
42490.3020833333	68	1251.72	
42484.3854166667	68.042	1614.6	
42487.3854166667	68.042	6233.76	
42468.8958333333	68.093	967.68	
42472.03125	68.0947368421053	1354.32	
42471.9895833333	68.108	1119.96	
42472.5416666667	68.126	8246.88	
42485.25	68.126	1840.32	
42488	68.126	1069.2	
42462.78125	68.144	912.6	
42478.5208333333	68.144	7921.8	
42481.9479166667	68.144	3476.52	
42488.3333333333	68.231	1734.48	
42469.4375	68.252	1020.6	
42476.3541666667	68.252	1333.8	
42469.8645833333	68.264	1105.92	
42480.9479166667	68.264	1382.4	
42483.3645833333	68.264	1119.96	
42484.8645833333	68.264	4151.52	
42472.7604166667	68.288	6444.36	
42475.9270833333	68.288	1436.4	
42483.9270833333	68.288	4811.4	
42488.0520833333	68.288	1069.2	
42464.8541666667	68.297	1438.56	
42468.4166666667	68.357	3628.8	
42478.1979166667	68.375652173913	1251.72	
42472.0208333333	68.3789473684211	1354.32	
42472.5520833333	68.396	8602.2	
42485.2604166667	68.396	1639.44	
42488.0104166667	68.396	1004.4	
42462.7708333333	68.414	855.36	
42481.9375	68.414	3950.64	
42480.5625	68.462	7555.68	
42475.53125	68.4628571428571	1969.92	
42466.84375	68.486	1244.16	
42467.875	68.492	1140.48	
42478.0520833333	68.5082352941176	1185.84	
42470.4270833333	68.5109677419355	1069.2	
42463.4895833333	68.528	641.52	
42487.9895833333	68.528	988.2	
42478.15625	68.54	1296	
42472.0416666667	68.5815384615385	1313.28	
42464.4583333333	68.588	3304.8	
42471.9791666667	68.648	1119.96	
42472.0104166667	68.6631578947368	1251.72	
42472.5625	68.666	9039.6	
42485.2708333333	68.666	1474.2	
42488.0208333333	68.666	988.2	
42462.5729166667	68.672	795.96	
42463.8229166667	68.672	803.52	
42465.8645833333	68.672	1944	
42472.1666666667	68.6821052631579	1333.8	
42478.9583333333	68.6821052631579	1313.28	
42462.7604166667	68.684	898.56	
42481.9270833333	68.684	4633.2	
42479.4166666667	68.693	4149.36	
42490.3125	68.7071428571429	1156.68	
42465.4375	68.714	2872.8	
42482.9166666667	68.723	1477.44	
42488.34375	68.726	2322	
42469.8541666667	68.759	1053	
42480.9375	68.759	1244.16	
42484.8541666667	68.759	4285.44	
42482.3854166667	68.768	2376	
42469.4479166667	68.792	1069.2	
42476.3645833333	68.792	1313.28	
42484.3958333333	68.807	1451.52	
42487.3958333333	68.807	6444.36	
42472.75	68.828	7348.32	
42475.9166666667	68.828	1313.28	
42483.9166666667	68.828	5103	
42488.0416666667	68.828	1085.4	
42468.8854166667	68.858	898.56	
42472.5729166667	68.936	8602.2	
42485.28125	68.936	1866.24	
42488.03125	68.936	1004.4	
42472	68.9473684210526	1354.32	
42462.75	68.954	855.36	
42481.9166666667	68.954	5514.48	
42478.5104166667	68.9818181818182	8048.16	
42471.0104166667	69.08	1105.92	
42471.0208333333	69.08	1175.04	
42471.03125	69.08	1244.16	
42471.0833333333	69.08	1244.16	
42472.15625	69.08	1354.32	
42472.5833333333	69.08	9896.04	
42472.59375	69.08	10410.12	
42472.6041666667	69.08	8456.4	
42472.6145833333	69.08	8553.6	
42472.625	69.08	8942.4	
42472.6354166667	69.08	10001.88	
42472.6458333333	69.08	10630.44	
42472.65625	69.08	11219.04	
42477.0833333333	69.08	1382.4	
42477.09375	69.08	1333.8	
42477.1041666667	69.08	1333.8	
42477.1145833333	69.08	1313.28	
42477.125	69.08	1313.28	
42477.1458333333	69.08	1313.28	
42477.15625	69.08	1313.28	
42477.1666666667	69.08	1451.52	
42477.1770833333	69.08	1313.28	
42477.1875	69.08	1313.28	
42477.1979166667	69.08	1428.84	
42477.2083333333	69.08	1451.52	
42477.21875	69.08	1313.28	
42477.2291666667	69.08	1313.28	
42477.2395833333	69.08	1428.84	
42478.1666666667	69.08	1251.72	
42478.1770833333	69.08	1251.72	
42478.1875	69.08	1272.24	
42478.5416666667	69.08	8019	
42478.9166666667	69.08	1292.76	
42478.9270833333	69.08	1313.28	
42478.9375	69.08	1313.28	
42478.9479166667	69.08	1244.16	
42480.2291666667	69.08	2436.48	
42480.2395833333	69.08	2611.44	
42480.25	69.08	2111.4	
42480.2604166667	69.08	2583.36	
42490.28125	69.08	1302.48	
42468.4270833333	69.122	4312.44	
42466.46875	69.164	6107.4	
42471.0416666667	69.1668965517241	1224.72	
42477.25	69.1668965517241	1451.52	
42485.2916666667	69.1668965517241	1892.16	
42477.0729166667	69.1828571428571	1382.4	
42462.5833333333	69.185	712.8	
42472.6666666667	69.185	10685.52	
42477.2916666667	69.185	1451.52	
42471.96875	69.188	1251.72	
42462.7395833333	69.2	829.44	
42472.7395833333	69.2	7983.36	
42478.90625	69.2	1292.76	
42488.3541666667	69.221	2903.04	
42485.3333333333	69.2375	1866.24	
42480.2708333333	69.24	2410.56	
42472.0520833333	69.2523404255319	1333.8	
42469.84375	69.254	1036.8	
42480.9270833333	69.254	1244.16	
42484.84375	69.254	4320	
42478.53125	69.26	8164.8	
42463.5	69.311	631.8	
42475.90625	69.344	1175.04	
42481.90625	69.344	6191.64	
42482.90625	69.344	997.92	
42471.0520833333	69.3531034482759	1224.72	
42477.2604166667	69.3531034482759	1428.84	
42485.3020833333	69.3531034482759	1684.8	
42480.21875	69.36125	2639.52	
42472.1458333333	69.3718918918919	1404	
42490.3333333333	69.3841379310345	1251.72	
42462.59375	69.41	724.68	
42472.6770833333	69.41	11344.32	
42477.3020833333	69.41	1360.8	
42469.4583333333	69.416	856.44	
42475.5416666667	69.416	1995.84	
42462.7291666667	69.425	842.4	
42472.7291666667	69.425	9389.52	
42478.8958333333	69.425	1266.84	
42480.5729166667	69.452	7212.24	
42483.90625	69.464	5178.6	
42477.0625	69.4864516129032	1382.4	
42467.4270833333	69.494	1892.16	
42471	69.4953846153846	1088.64	
42478.0416666667	69.4953846153846	1317.6	
42487.9791666667	69.518	1415.88	
42476.375	69.5182608695652	1451.52	
42480.2916666667	69.53	2555.28	
42471.0625	69.5393103448276	1244.16	
42477.2708333333	69.5393103448276	1313.28	
42485.3125	69.5393103448276	1866.24	
42472.0625	69.5395744680851	1354.32	
42483.375	69.542	1140.48	
42484.40625	69.572	1474.2	
42487.40625	69.572	7921.8	
42485.34375	69.575	2268	
42478.5520833333	69.5886956521739	8553.6	
42490.3229166667	69.5942857142857	1004.4	
42468.875	69.623	952.56	
42462.6041666667	69.635	784.08	
42472.6875	69.635	11333.52	
42477.3125	69.635	1451.52	
42480.28125	69.64	2384.64	
42462.71875	69.65	842.4	
42472.71875	69.65	11175.84	
42478.8854166667	69.65	1175.04	
42490.2708333333	69.6936363636364	1004.4	
42487.1354166667	69.716	1598.4	
42488.3645833333	69.716	2741.04	
42471.0729166667	69.7255172413793	1313.28	
42477.28125	69.7255172413793	1451.52	
42485.3229166667	69.7255172413793	1866.24	
42467.8645833333	69.728	1438.56	
42471.9583333333	69.728	1333.8	
42469.8333333333	69.749	1175.04	
42480.9166666667	69.749	1224.72	
42484.8333333333	69.749	4320	
42464.84375	69.782	1857.6	
42480.2083333333	69.783125	2611.44	
42463.5104166667	69.806	622.08	
42480.15625	69.8098181818182	2751.84	
42477.40625	69.8220408163265	1339.2	
42472.0729166667	69.8268085106383	1251.72	
42475.8958333333	69.839	1175.04	
42481.8958333333	69.839	6998.4	
42482.8958333333	69.839	922.32	
42464.46875	69.848	3767.04	
42480.1458333333	69.8589090909091	2751.84	
42462.6145833333	69.86	795.96	
42472.6979166667	69.86	10476	
42477.3229166667	69.86	1474.2	
42471.09375	69.8675	1313.28	
42462.7083333333	69.875	777.6	
42472.7083333333	69.875	11547.36	
42478.875	69.875	1374.84	
42477.3958333333	69.8771428571429	1360.8	
42468.4375	69.887	4516.56	
42472.1145833333	69.9	1272.24	
42480.1354166667	69.908	3337.2	
42485.3541666667	69.9125	2782.08	
42477.0520833333	69.921935483871	1360.8	
42480.0729166667	69.9303448275862	2808	
42463.8125	69.932	669.6	
42465.8541666667	69.932	2409.48	
42477.3854166667	69.9322448979592	1425.6	
42480.125	69.9570909090909	2808	
42471.1041666667	69.98	1244.16	
42471.1145833333	69.98	1224.72	
42472.0833333333	69.98	1333.8	
42472.09375	69.98	1451.52	
42472.1041666667	69.98	1451.52	
42472.125	69.98	1333.8	
42477.0416666667	69.98	1360.8	
42477.3333333333	69.98	1451.52	
42477.34375	69.98	1360.8	
42477.3541666667	69.98	1382.4	
42477.3645833333	69.98	1404	
42477.375	69.98	1382.4	
42478.0208333333	69.98	1425.6	
42478.03125	69.98	1519.56	
42480.0833333333	69.98	2836.08	
42480.09375	69.98	2808	
42480.1041666667	69.98	3024	
42480.1145833333	69.98	2808	
42480.1666666667	69.98	2751.84	
42480.1770833333	69.98	2751.84	
42480.1875	69.98	2808	
42480.1979166667	69.98	2210.76	
42480.3020833333	69.98	2583.36	
42490.2395833333	69.98	1447.2	
42490.25	69.98	1230.12	
42490.2604166667	69.98	1101.6	
42481.5729166667	69.995652173913	9383.04	
42482.3958333333	70.028	3084.48	
42490.34375	70.0358620689655	1354.32	
42462.625	70.106	712.8	
42480.5833333333	70.106	7166.88	
42462.6979166667	70.124	855.36	
42468.8645833333	70.124	816.48	
42471.9479166667	70.124	1138.32	
42477.03125	70.124	1382.4	
42469.46875	70.136	1105.92	
42475.5520833333	70.136	2268	
42471.125	70.1408510638298	1193.4	
42471.3333333333	70.1558139534884	1451.52	
42483.8958333333	70.184	5443.2	
42487.4166666667	70.211	10017	
42490.2291666667	70.2341176470588	1175.04	
42466.8333333333	70.241	1321.92	
42465.4479166667	70.244	3369.6	
42470.9895833333	70.244	1105.92	
42478.8645833333	70.244	1119.96	
42480.90625	70.244	1193.4	
42480.0625	70.2562068965517	2836.08	
42479.4270833333	70.2581818181818	4432.32	
42484.8229166667	70.2885714285714	4516.56	
42463.5208333333	70.301	702	
42475.8854166667	70.334	1193.4	
42481.8854166667	70.334	7665.84	
42482.8854166667	70.334	870.48	
42484.4166666667	70.337	1686.96	
42488.375	70.337	3663.36	
42462.6354166667	70.376	724.68	
42480.59375	70.376	7941.24	
42469.8229166667	70.388	1053	
42462.6875	70.394	842.4	
42468.8541666667	70.394	884.52	
42471.9375	70.394	1138.32	
42477.0208333333	70.394	1360.8	
42470.4375	70.4270967741935	1205.28	
42490.1145833333	70.4347368421053	1749.6	
42476.3854166667	70.4573913043478	1333.8	
42477.4166666667	70.484	1360.8	
42487.96875	70.508	1477.44	
42483.3854166667	70.532	937.44	
42471.34375	70.5325581395349	1829.52	
42480.0520833333	70.5820689655172	2565	
42478.0104166667	70.6152941176471	1302.48	
42485.3645833333	70.628	3991.68	
42478.5625	70.6376923076923	9419.76	
42462.6458333333	70.646	842.4	
42480.6041666667	70.646	7393.68	
42468.4479166667	70.652	4937.76	
42462.6770833333	70.664	855.36	
42468.84375	70.664	884.52	
42471.9270833333	70.664	1138.32	
42477.0104166667	70.664	1404	
42490.3541666667	70.6875862068966	1053	
42466.4791666667	70.694	7581.6	
42487.4270833333	70.706	8992.08	
42490.21875	70.7105882352941	1192.32	
42470.9791666667	70.739	1211.76	
42478.8541666667	70.739	1230.12	
42480.8958333333	70.739	1175.04	
42471.3229166667	70.7654545454545	1451.52	
42463.53125	70.796	691.2	
42490.125	70.82	1749.6	
42475.875	70.829	1193.4	
42481.875	70.829	10870.2	
42482.875	70.829	937.44	
42471.1458333333	70.8302127659575	1244.16	
42469.4791666667	70.856	1069.2	
42475.5625	70.856	2430	
42484.8125	70.8671428571429	4285.44	
42483.8854166667	70.904	6275.88	
42480.0416666667	70.9079310344828	2673	
42471.3541666667	70.9093023255814	2751.84	
42462.65625	70.916	724.68	
42480.6145833333	70.916	8310.6	
42462.6666666667	70.934	790.56	
42468.8333333333	70.934	884.52	
42471.9166666667	70.934	1272.24	
42477	70.934	1244.16	
42467.8541666667	70.943	1613.52	
42471.15625	71.06	1244.16	
42471.1666666667	71.06	1244.16	
42471.1770833333	71.06	1313.28	
42471.1875	71.06	1224.72	
42471.25	71.06	1610.28	
42471.2604166667	71.06	1425.6	
42471.2708333333	71.06	1425.6	
42471.28125	71.06	1451.52	
42471.2916666667	71.06	1451.52	
42471.3020833333	71.06	1382.4	
42471.3125	71.06	1428.84	
42471.375	71.06	3304.8	
42471.3854166667	71.06	4498.2	
42471.3958333333	71.06	4995	
42471.40625	71.06	5601.96	
42477.4270833333	71.06	1317.6	
42477.8333333333	71.06	1354.32	
42477.875	71.06	1333.8	
42477.8854166667	71.06	1272.24	
42477.8958333333	71.06	1272.24	
42477.90625	71.06	1272.24	
42477.9166666667	71.06	1272.24	
42477.9270833333	71.06	1231.2	
42477.9375	71.06	1251.72	
42477.9583333333	71.06	1374.84	
42477.96875	71.06	1374.84	
42477.9791666667	71.06	1205.28	
42478	71.06	1272.24	
42484.7916666667	71.06	4216.32	
42484.8020833333	71.06	4250.88	
42490.0833333333	71.06	1749.6	
42490.09375	71.06	1771.2	
42490.1041666667	71.06	1749.6	
42490.1979166667	71.06	1728	
42490.2083333333	71.06	1620	
42484.4270833333	71.102	1632.96	
42488.3854166667	71.102	3801.6	
42464.4791666667	71.108	3596.4	
42477.9895833333	71.1371428571429	1272.24	
42469.8125	71.153	1069.2	
42484.6666666667	71.165	4216.32	
42471.2395833333	71.18	1404	
42471.90625	71.18	1230.12	
42476.9895833333	71.18	1224.72	
42463.8020833333	71.192	651.24	
42465.84375	71.192	2754	
42471.4166666667	71.2	7650.72	
42487.4375	71.201	9492.12	
42484.78125	71.2069387755102	4250.88	
42470.96875	71.234	1175.04	
42478.84375	71.234	1248.48	
42480.8854166667	71.234	1105.92	
42467.4375	71.249	2012.04	
42477.4375	71.2563636363636	1360.8	
42464.8333333333	71.267	1922.4	
42477.8645833333	71.2781818181818	1354.32	
42482.40625	71.288	3732.48	
42463.5416666667	71.291	680.4	
42469.7083333333	71.291	988.2	
42481.5833333333	71.291	10001.88	
42485.375	71.291	4573.8	
42471.1979166667	71.3054545454546	1263.6	
42469.6979166667	71.324	940.68	
42482.8645833333	71.324	1058.4	
42490.3645833333	71.3393103448276	1053	
42471.3645833333	71.384	2903.04	
42484.6770833333	71.39	4285.44	
42465.4583333333	71.396	4134.24	
42468.4583333333	71.396	6733.8	
42490.375	71.396	1069.2	
42476.3958333333	71.3965217391304	1292.76	
42471.2291666667	71.405	1313.28	
42471.8958333333	71.405	1321.92	
42476.9791666667	71.405	1224.72	
42475.8645833333	71.444	1244.16	
42481.8645833333	71.444	15717.24	
42484.65625	71.444	4876.2	
42477.84375	71.46	1354.32	
42477.9479166667	71.465	1496.88	
42480.625	71.48	10098	
42484.7708333333	71.4824489795918	4320	
42487.9583333333	71.498	1198.8	
42471.4270833333	71.5	7678.8	
42477.4479166667	71.5018181818182	1360.8	
42483.3958333333	71.522	997.92	
42477.4583333333	71.5733333333333	1382.4	
42469.4895833333	71.576	926.64	
42475.5729166667	71.576	2457	
42484.6875	71.615	4216.32	
42483.875	71.624	5556.6	
42471.21875	71.63	1313.28	
42471.8854166667	71.63	1205.28	
42476.96875	71.63	1224.72	
42477.8541666667	71.6872727272727	1333.8	
42487.4479166667	71.696	9990	
42466.8229166667	71.708	1879.2	
42468.8229166667	71.708	968.76	
42477.8229166667	71.7145454545454	1354.32	
42470.9583333333	71.729	1266.84	
42478.8333333333	71.729	1682.64	
42480.875	71.729	1105.92	
42480.03125	71.7489655172414	3476.52	
42471.4479166667	71.75	9914.4	
42484.7604166667	71.7579591836735	4320	
42463.5520833333	71.786	691.2	
42469.71875	71.786	1020.6	
42481.59375	71.786	10575.36	
42485.3854166667	71.786	4548.96	
42471.4375	71.8	9288	
42469.6875	71.819	1053	
42482.8541666667	71.819	1555.2	
42484.6979166667	71.84	4423.68	
42471.2083333333	71.855	1333.8	
42471.875	71.855	1341.36	
42476.9583333333	71.855	1244.16	
42484.4375	71.867	1663.2	
42488.3958333333	71.867	4216.32	
42471.8645833333	71.87	1248.48	
42469.8020833333	71.918	1036.8	
42470.9166666667	71.96	1175.04	
42470.9270833333	71.96	1193.4	
42470.9375	71.96	1175.04	
42470.9479166667	71.96	1175.04	
42471.4583333333	71.96	10761.12	
42471.8541666667	71.96	1156.68	
42476.40625	71.96	1451.52	
42484.7395833333	71.96	4181.76	
42484.75	71.96	4250.88	
42487.9166666667	71.96	1805.76	
42487.9270833333	71.96	1973.16	
42487.9375	71.96	1662.12	
42487.9479166667	71.96	1641.6	
42490.1458333333	71.96	1924.56	
42490.15625	71.96	1539	
42490.1666666667	71.96	1728	
42490.1770833333	71.96	1728	
42490.1875	71.96	1539	
42470.90625	72.104	1193.4	
42476.9479166667	72.104	1313.28	
42478.8229166667	72.104	1927.8	
42480.8645833333	72.104	1263.6	
42465.46875	72.116	5154.84	
42468.46875	72.116	6940.08	
42490.3854166667	72.116	1004.4	
42480.0208333333	72.1213793103448	3090.96	
42476.4166666667	72.1337931034483	1313.28	
42467.84375	72.158	1944	
42475.8541666667	72.164	1224.72	
42481.8541666667	72.164	19217.52	
42480.6354166667	72.17	10260	
42469.5	72.191	1140.48	
42475.5833333333	72.191	3594.24	
42466.4895833333	72.224	8172.36	
42470.4479166667	72.2545454545455	1157.76	
42463.5625	72.281	691.2	
42469.7291666667	72.281	1004.4	
42481.6041666667	72.281	10740.6	
42485.3958333333	72.281	5194.8	
42469.6770833333	72.314	967.68	
42482.84375	72.314	1671.84	
42471.46875	72.32	10990.08	
42471.84375	72.3411764705882	1539	
42479.4375	72.3445454545455	5354.64	
42487.125	72.3527272727273	1321.92	
42483.8645833333	72.368	6156	
42487.90625	72.368	2109.24	
42464.4895833333	72.368	4479.84	
42470.8958333333	72.374	1156.68	
42476.9375	72.374	1313.28	
42478.8125	72.374	2384.64	
42480.8541666667	72.374	1663.2	
42478.5833333333	72.422	10001.88	
42482.4166666667	72.422	4186.08	
42487.4583333333	72.422	10951.2	
42479.4479166667	72.44	5514.48	
42463.7916666667	72.452	868.32	
42465.8333333333	72.452	2558.52	
42480.0104166667	72.4937931034483	3507.84	
42476.4270833333	72.5062068965517	1313.28	
42483.40625	72.512	1053	
42478.5729166667	72.6107692307692	10206	
42480.6458333333	72.62	10160.64	
42484.4479166667	72.632	1710.72	
42488.40625	72.632	4937.76	
42470.8854166667	72.644	912.6	
42476.9270833333	72.644	1333.8	
42478.8020833333	72.644	3149.28	
42480.84375	72.644	1792.8	
42477.46875	72.6733333333333	1382.4	
42469.7916666667	72.683	1069.2	
42469.5104166667	72.686	856.44	
42475.59375	72.686	3649.32	
42479.4583333333	72.716	6919.56	
42464.8229166667	72.776	2280.96	
42463.5729166667	72.776	736.56	
42469.7395833333	72.776	1053	
42481.6145833333	72.776	10960.92	
42485.40625	72.776	7223.04	
42469.6666666667	72.809	1020.6	
42482.8333333333	72.809	1922.4	
42471.4791666667	72.8109090909091	12927.6	
42471.8333333333	72.8176470588235	1973.16	
42465.4791666667	72.836	5644.08	
42468.4791666667	72.836	7523.28	
42490.3958333333	72.836	1004.4	
42480	72.8662068965517	3507.84	
42476.4375	72.8786206896552	1313.28	
42475.84375	72.884	1341.36	
42481.84375	72.884	17182.8	
42484.6354166667	72.884	4419.36	
42470.875	72.914	1069.2	
42476.9166666667	72.914	1313.28	
42478.7916666667	72.914	3727.08	
42480.8333333333	72.914	1987.2	
42466.8125	72.923	2185.92	
42468.8125	72.923	1395.36	
42477.8125	72.95	1354.32	
42484.7291666667	72.9628571428571	4285.44	
42467.4479166667	73.004	2349	
42490.0729166667	73.04	1771.2	
42463.5833333333	73.04	736.56	
42463.59375	73.04	724.68	
42463.6041666667	73.04	736.56	
42463.6145833333	73.04	592.92	
42469.75	73.04	1069.2	
42469.7604166667	73.04	1004.4	
42469.7708333333	73.04	988.2	
42469.78125	73.04	1053	
42470.4583333333	73.04	988.2	
42471.4895833333	73.04	12458.88	
42476.8958333333	73.04	1292.76	
42476.90625	73.04	1313.28	
42477.5	73.04	1321.92	
42477.5104166667	73.04	1244.16	
42477.5208333333	73.04	1244.16	
42477.53125	73.04	1244.16	
42477.5416666667	73.04	1321.92	
42477.5520833333	73.04	1244.16	
42477.5625	73.04	1224.72	
42479.9166666667	73.04	5209.92	
42479.9270833333	73.04	4957.2	
42479.9375	73.04	4847.04	
42479.9479166667	73.04	4704.48	
42479.9583333333	73.04	4561.92	
42479.96875	73.04	4151.52	
42479.9791666667	73.04	3883.68	
42479.9895833333	73.04	3476.52	
42485.4166666667	73.04	8449.92	
42486.1666666667	73.04	1395.36	
42486.1770833333	73.04	1468.8	
42486.1875	73.04	1156.68	
42486.1979166667	73.04	1004.4	
42486.2083333333	73.04	1598.4	
42486.21875	73.04	1468.8	
42486.2291666667	73.04	1598.4	
42486.2395833333	73.04	1791.72	
42486.25	73.04	2410.56	
42486.2604166667	73.04	3054.24	
42486.2708333333	73.04	3801.6	
42486.28125	73.04	3905.28	
42484.7083333333	73.115	4285.44	
42483.8541666667	73.133	7212.24	
42487.8958333333	73.133	2109.24	
42463.625	73.145	461.16	
42466.5	73.145	9187.56	
42477.5833333333	73.145	1447.2	
42484.5833333333	73.145	3120.12	
42486.2916666667	73.145	4516.56	
42463.78125	73.16	855.36	
42469.5729166667	73.16	1069.2	
42470.8645833333	73.16	912.6	
42479.90625	73.16	5559.84	
42486.15625	73.16	1156.68	
42490.9895833333	73.16	3088.8	
42469.5208333333	73.181	940.68	
42475.6041666667	73.181	4259.52	
42471.5	73.186511627907	13279.68	
42470.46875	73.2507317073171	988.2	
42476.4479166667	73.2510344827586	1313.28	
42480.65625	73.26	8125.92	
42477.5729166667	73.2941176470588	1321.92	
42478.78125	73.304	4318.92	
42484.4583333333	73.355	1686.96	
42463.6354166667	73.37	651.24	
42466.5104166667	73.37	8843.04	
42477.59375	73.37	1224.72	
42484.59375	73.37	3507.84	
42486.3020833333	73.37	4860	
42467.8333333333	73.373	2304.72	
42464.5	73.376	5015.52	
42469.5833333333	73.376	856.44	
42483.4166666667	73.376	784.08	
42463.7708333333	73.385	592.92	
42469.5625	73.385	1069.2	
42470.8541666667	73.385	1053	
42479.8958333333	73.385	5287.68	
42486.1458333333	73.385	1512	
42490.9791666667	73.385	3236.76	
42477.4895833333	73.4	1244.16	
42478.59375	73.412	9366.84	
42482.4270833333	73.412	4078.08	
42487.46875	73.412	10636.92	
42469.65625	73.424	967.68	
42480.8229166667	73.424	2209.68	
42484.5729166667	73.424	2781	
42471.8229166667	73.44	2434.32	
42471.5729166667	73.4558620689655	12830.4	
42471.5104166667	73.5004651162791	12804.48	
42481.625	73.502	10800	
42465.4895833333	73.556	6780.24	
42468.4895833333	73.556	7840.8	
42490.40625	73.556	988.2	
42484.71875	73.565	4285.44	
42487.1145833333	73.5675862068966	1576.8	
42463.6458333333	73.595	712.8	
42466.5208333333	73.595	10044	
42477.6041666667	73.595	1224.72	
42484.6041666667	73.595	3749.76	
42486.3125	73.595	4725	
42471.5625	73.5955172413793	11126.16	
42475.8333333333	73.604	1341.36	
42481.8333333333	73.604	11621.88	
42484.625	73.604	3695.76	
42463.7604166667	73.61	592.92	
42469.5520833333	73.61	1020.6	
42470.84375	73.61	955.8	
42479.8854166667	73.61	5177.52	
42486.1354166667	73.61	1321.92	
42490.96875	73.61	3116.88	
42469.53125	73.676	922.32	
42475.6145833333	73.676	4821.12	
42476.8854166667	73.69	1175.04	
42465.8229166667	73.712	2633.04	
42482.8229166667	73.712	2268	
42477.4791666667	73.7323076923077	1244.16	
42471.5520833333	73.7351724137931	10584	
42478.7708333333	73.799	4882.68	
42485.4270833333	73.8064516129032	9450	
42488.4166666667	73.81	5335.2	
42471.5208333333	73.8144186046512	11664	
42463.65625	73.82	461.16	
42466.53125	73.82	9859.32	
42477.6145833333	73.82	1205.28	
42484.6145833333	73.82	3883.68	
42486.3229166667	73.82	4762.8	
42463.75	73.835	641.52	
42469.5416666667	73.835	967.68	
42470.8333333333	73.835	926.64	
42479.875	73.835	5214.24	
42486.125	73.835	1004.4	
42490.9583333333	73.835	3088.8	
42471.5416666667	73.8748275862069	10005.12	
42483.84375	73.898	7257.6	
42487.8854166667	73.898	2177.28	
42471.53125	73.94	10478.16	
42471.5833333333	73.94	11955.6	
42471.59375	73.94	11333.52	
42471.6041666667	73.94	10692	
42471.6145833333	73.94	11793.6	
42476.875	73.94	1354.32	
42486.0416666667	73.94	1117.8	
42486.0520833333	73.94	1620	
42486.0625	73.94	1512	
42486.0729166667	73.94	1436.4	
42486.0833333333	73.94	1490.4	
42486.09375	73.94	1175.04	
42486.1041666667	73.94	1244.16	
42486.1145833333	73.94	1205.28	
42486.3333333333	73.94	4838.4	
42486.34375	73.94	5216.4	
42486.3541666667	73.94	6073.92	
42486.3645833333	73.94	6597.72	
42487.1041666667	73.9865517241379	988.2	
42463.6666666667	74.066	527.04	
42468.5	74.066	8594.64	
42477.625	74.066	1263.6	
42486.375	74.066	7745.76	
42477.8020833333	74.0696	1354.32	
42479.46875	74.0730434782609	7678.8	
42463.7395833333	74.084	631.8	
42470.8229166667	74.084	926.64	
42486.03125	74.084	1020.6	
42490.9479166667	74.084	3116.88	
42464.5104166667	74.096	5581.44	
42469.59375	74.096	937.44	
42483.4270833333	74.096	724.68	
42476.8645833333	74.1363636363636	1083.24	
42466.8020833333	74.138	2209.68	
42468.8020833333	74.138	1689.12	
42469.6458333333	74.144	967.68	
42480.8125	74.144	2721.6	
42484.5625	74.144	2700	
42484.4791666667	74.1684615384615	1829.52	
42471.8125	74.1757142857143	3207.6	
42475.8229166667	74.204	1663.2	
42478.7604166667	74.294	5954.04	
42465.5	74.297	6804	
42471.625	74.297	10746	
42475.625	74.297	5093.28	
42490.4166666667	74.297	1053	
42470.4791666667	74.3043902439024	1140.48	
42464.8125	74.306	2154.6	
42463.6770833333	74.336	702	
42468.5104166667	74.336	8116.2	
42477.6354166667	74.336	1321.92	
42486.3854166667	74.336	7935.84	
42467.8229166667	74.348	2494.8	
42481.8229166667	74.348	466.56	
42463.7291666667	74.354	583.2	
42470.8125	74.354	926.64	
42486.0208333333	74.354	1175.04	
42490.9375	74.354	3088.8	
42478.6041666667	74.402	9472.68	
42482.4375	74.402	5434.56	
42487.4791666667	74.402	13029.12	
42487.09375	74.4055172413793	1340.28	
42466.5416666667	74.423	10134.72	
42467.4583333333	74.423	2903.04	
42479.8645833333	74.492	4847.04	
42481.6354166667	74.492	9339.84	
42476.8541666667	74.5045454545455	1354.32	
42463.6875	74.606	702	
42468.5208333333	74.606	7575.12	
42477.6458333333	74.606	1302.48	
42486.3958333333	74.606	8553.6	
42463.71875	74.624	641.52	
42470.8020833333	74.624	898.56	
42486.0104166667	74.624	1438.56	
42490.9270833333	74.624	3088.8	
42483.8333333333	74.663	7616.16	
42487.875	74.663	2533.68	
42475.8125	74.699	1836	
42477.7916666667	74.7176	1354.32	
42485.4375	74.7645161290323	8781.48	
42478.75	74.789	7084.8	
42464.5208333333	74.816	5991.84	
42469.6041666667	74.816	926.64	
42483.4375	74.816	772.2	
42487.0833333333	74.8244827586207	1399.68	
42469.6354166667	74.864	952.56	
42480.8020833333	74.864	2747.52	
42484.5520833333	74.864	2565	
42476.84375	74.8727272727273	1354.32	
42463.6979166667	74.876	518.4	
42468.53125	74.876	7529.76	
42477.65625	74.876	1185.84	
42486.40625	74.876	10520.28	
42471.8020833333	74.8828571428571	4082.4	
42463.7083333333	74.894	561.6	
42470.7916666667	74.894	912.6	
42486	74.894	1321.92	
42490.9166666667	74.894	3116.88	
42465.8125	74.972	3324.24	
42482.8125	74.972	2426.76	
42476.4583333333	75.0061538461539	1313.28	
42476.8333333333	75.02	1333.8	
42477.75	75.02	1272.24	
42477.7604166667	75.02	1374.84	
42477.7708333333	75.02	1354.32	
42477.78125	75.02	1354.32	
42479.4791666667	75.02	7824.6	
42487	75.02	1209.6	
42487.0104166667	75.02	1069.2	
42487.0208333333	75.02	1071.36	
42487.03125	75.02	1261.44	
42487.0416666667	75.02	1261.44	
42487.0520833333	75.02	1175.04	
42487.0625	75.02	1261.44	
42487.0729166667	75.02	1226.88	
42489.0833333333	75.02	1036.8	
42489.09375	75.02	1020.6	
42489.0416666667	75.041724137931	1036.8	
42465.5104166667	75.062	6849.36	
42471.6354166667	75.062	11566.8	
42475.6354166667	75.062	5704.56	
42490.4270833333	75.062	926.64	
42489.0520833333	75.088275862069	1020.6	
42486.9895833333	75.092	1140.48	
42467.8125	75.113	2877.12	
42481.8125	75.113	-1632.96	
42479.4895833333	75.12	8363.52	
42477.6666666667	75.125	1185.84	
42480.6666666667	75.125	9240.48	
42486.4166666667	75.125	11175.84	
42478.7083333333	75.1325	10108.8	
42489.0625	75.1348275862069	1036.8	
42477.7395833333	75.14	1374.84	
42485.9895833333	75.14	1157.76	
42489.03125	75.14	898.56	
42478.7395833333	75.18	8743.68	
42489.0729166667	75.1813793103448	884.52	
42475.8020833333	75.194	2209.68	
42486.9791666667	75.22625	1069.2	
42468.5416666667	75.251	6907.68	
42470.78125	75.284	926.64	
42476.8229166667	75.284	1101.6	
42490.90625	75.284	3088.8	
42489.1041666667	75.2927272727273	1085.4	
42484.4895833333	75.3107692307692	1555.2	
42488.4270833333	75.3114285714286	5540.4	
42477.6770833333	75.35	1283.04	
42480.6770833333	75.35	8892.72	
42486.4270833333	75.35	11939.4	
42466.7916666667	75.353	2459.16	
42468.7916666667	75.353	1769.04	
42470.4895833333	75.3580487804878	1036.8	
42477.7291666667	75.365	1395.36	
42485.9791666667	75.365	1175.04	
42489.0208333333	75.365	1150.2	
42485.9479166667	75.3862068965517	1004.4	
42486.90625	75.3862068965517	868.32	
42486.9479166667	75.3862068965517	1036.8	
42478.6145833333	75.392	10465.2	
42482.4479166667	75.392	6420.6	
42487.4895833333	75.392	12096	
42487.8645833333	75.428	2633.04	
42466.5520833333	75.458	10054.8	
42467.46875	75.458	3272.4	
42478.7291666667	75.48	9790.2	
42481.6458333333	75.482	10422	
42490.03125	75.5	1837.08	
42486.96875	75.5075	898.56	
42479.8541666667	75.527	5367.6	
42464.53125	75.536	6566.4	
42469.6145833333	75.536	1123.2	
42483.4479166667	75.536	784.08	
42485.4479166667	75.541052631579	9434.88	
42483.8229166667	75.548	7383.96	
42477.6875	75.575	1374.84	
42480.6875	75.575	9434.88	
42486.4375	75.575	12821.76	
42469.625	75.584	856.44	
42480.7916666667	75.584	3507.84	
42484.5416666667	75.584	2260.44	
42471.7916666667	75.59	4423.68	
42477.71875	75.59	1205.28	
42485.96875	75.59	1101.6	
42489.0104166667	75.59	1134	
42475.7916666667	75.689	2304.72	
42489.1145833333	75.7018181818182	1020.6	
42468.5520833333	75.746	7801.92	
42470.7708333333	75.779	940.68	
42476.8125	75.779	972	
42490.8958333333	75.779	3116.88	
42478.71875	75.78	10692	
42486.9583333333	75.78875	884.52	
42477.6979166667	75.8	1251.72	
42480.6979166667	75.8	9797.76	
42486.4479166667	75.8	12942.72	
42477.7083333333	75.815	1185.84	
42485.9583333333	75.815	1069.2	
42489	75.815	1330.56	
42465.5208333333	75.827	7337.52	
42471.6458333333	75.827	12305.52	
42475.6458333333	75.827	5827.68	
42490.4375	75.827	912.6	
42464.8020833333	75.836	2682.72	
42485.9375	75.851724137931	870.48	
42486.8958333333	75.851724137931	982.8	
42486.9375	75.851724137931	1036.8	
42467.8020833333	75.878	2732.4	
42481.8020833333	75.878	-1814.4	
42471.7395833333	75.92	7892.64	
42471.75	75.92	7620.48	
42471.7604166667	75.92	6113.88	
42471.7708333333	75.92	5167.8	
42471.78125	75.92	4486.32	
42478.625	75.92	10476	
42478.6354166667	75.92	9948.96	
42478.6458333333	75.92	10850.76	
42478.65625	75.92	10960.92	
42478.6666666667	75.92	11547.36	
42478.6770833333	75.92	11104.56	
42478.6875	75.92	10692	
42478.6979166667	75.92	10213.56	
42484.5	75.92	2061.72	
42484.5104166667	75.92	2086.56	
42484.5208333333	75.92	2210.76	
42485.4583333333	75.92	10260	
42490.0416666667	75.92	1859.76	
42490.0520833333	75.92	1749.6	
42490.0625	75.92	1771.2	
42464.5416666667	76.046	6730.56	
42480.7083333333	76.046	9175.68	
42489.125	76.046	1088.64	
42479.5	76.0503448275862	9843.12	
42468.78125	76.064	2494.8	
42471.6979166667	76.064	10531.08	
42480.78125	76.064	3952.8	
42488.9895833333	76.064	1263.6	
42470.5	76.172	892.08	
42482.4583333333	76.172	8048.16	
42483.4583333333	76.172	842.4	
42486.4583333333	76.172	12398.4	
42487.5	76.172	10584	
42487.8541666667	76.193	2916	
42466.78125	76.208	3207.6	
42475.78125	76.208	3296.16	
42465.8020833333	76.232	3326.4	
42482.8020833333	76.232	2633.04	
42468.5625	76.241	8359.2	
42470.7604166667	76.274	940.68	
42476.8020833333	76.274	1230.12	
42490.8854166667	76.274	3116.88	
42464.5520833333	76.316	7257.6	
42480.71875	76.316	7894.8	
42489.1354166667	76.316	1134	
42485.9270833333	76.3172413793103	870.48	
42486.8854166667	76.3172413793103	1088.64	
42486.9270833333	76.3172413793103	926.64	
42479.5104166667	76.3296551724138	10098	
42476.46875	76.3336170212766	1313.28	
42468.7708333333	76.334	3397.68	
42471.6875	76.334	10850.76	
42480.7708333333	76.334	4320	
42488.9791666667	76.334	1247.4	
42488.4375	76.4042857142857	5559.84	
42471.7083333333	76.4413793103448	9999.72	
42481.65625	76.472	10260	
42466.5625	76.493	10425.24	
42467.4791666667	76.493	3801.6	
42483.8125	76.538	7439.04	
42479.84375	76.562	5443.2	
42464.5625	76.586	8125.92	
42480.7291666667	76.586	7041.6	
42489.1458333333	76.586	1036.8	
42465.53125	76.592	7291.08	
42471.65625	76.592	12013.92	
42475.65625	76.592	6667.92	
42490.4479166667	76.592	898.56	
42468.7604166667	76.604	4212	
42471.6770833333	76.604	12247.2	
42480.7604166667	76.604	4452.84	
42488.96875	76.604	1826.28	
42479.5208333333	76.6089655172414	10476	
42467.7916666667	76.643	3727.08	
42481.7916666667	76.643	-1112.4	
42470.5104166667	76.712	982.8	
42482.46875	76.712	8164.8	
42483.46875	76.712	842.4	
42486.46875	76.712	12761.28	
42487.5104166667	76.712	9644.4	
42468.5729166667	76.736	8407.8	
42466.7708333333	76.748	3852.36	
42475.7708333333	76.748	3382.56	
42471.7291666667	76.7507692307692	9695.16	
42470.75	76.769	926.64	
42476.7916666667	76.769	1321.92	
42490.875	76.769	3144.96	
42485.9166666667	76.7827586206897	1085.4	
42486.875	76.7827586206897	1151.28	
42486.9166666667	76.7827586206897	1150.2	
42464.5729166667	76.856	8843.04	
42480.7395833333	76.856	6033.96	
42489.15625	76.856	1192.32	
42468.75	76.874	5397.84	
42471.6666666667	76.874	13718.16	
42480.75	76.874	5025.24	
42488.9583333333	76.874	2063.88	
42479.53125	76.888275862069	10107.72	
42487.84375	76.958	3024	
42468.5833333333	77	8796.6	
42468.59375	77	10726.56	
42468.6041666667	77	11372.4	
42468.6145833333	77	10368	
42468.7083333333	77	9901.44	
42468.71875	77	9441.36	
42468.7291666667	77	8942.4	
42468.7395833333	77	6781.32	
42475.6666666667	77	7508.16	
42475.6770833333	77	7151.76	
42475.6875	77	8078.4	
42475.6979166667	77	7662.6	
42479.5416666667	77	10410.12	
42489.28125	77	4553.28	
42489.2916666667	77	4736.88	
42489.3020833333	77	5326.56	
42489.3125	77	5394.6	
42489.3229166667	77	5474.52	
42489.3333333333	77	5868.72	
42489.34375	77	7212.24	
42489.3541666667	77	7575.12	
42489.3645833333	77	8220.96	
42489.9791666667	77	1036.8	
42489.9895833333	77	1053	
42490	77	1036.8	
42490.0104166667	77	946.08	
42490.0208333333	77	-1555.2	
42476.4791666667	77.0229787234043	1175.04	
42489.96875	77.0469565217391	1020.6	
42475.7083333333	77.126	7620.48	
42481.6666666667	77.126	10056.96	
42489.1666666667	77.142641509434	1117.8	
42476.78125	77.144	1054.08	
42481.78125	77.144	-907.2	
42485.46875	77.144	10422	
42488.9479166667	77.144	2199.96	
42489.2708333333	77.1506976744186	4112.64	
42464.5833333333	77.231	10520.28	
42468.625	77.231	10098	
42489.375	77.231	8843.04	
42470.5208333333	77.252	1036.8	
42482.4791666667	77.252	8544.96	
42483.4791666667	77.252	777.6	
42486.4791666667	77.252	13305.6	
42487.5208333333	77.252	9390.6	
42468.6979166667	77.264	10319.4	
42470.7395833333	77.264	912.6	
42485.90625	77.264	1101.6	
42486.8645833333	77.264	1671.84	
42466.7604166667	77.288	4419.36	
42475.7604166667	77.288	4017.6	
42465.5416666667	77.357	6849.36	
42490.4583333333	77.357	926.64	
42475.71875	77.396	7257.6	
42481.6770833333	77.396	10520.28	
42476.7708333333	77.414	1175.04	
42481.7708333333	77.414	-915.84	
42488.9375	77.414	2008.8	
42489.1770833333	77.4483018867925	1209.6	
42465.7916666667	77.492	3920.4	
42482.7916666667	77.492	3470.04	
42488.4479166667	77.4971428571429	7569.72	
42489.2604166667	77.5274418604651	3596.4	
42466.5729166667	77.528	12414.6	
42467.4895833333	77.528	4008.96	
42483.8020833333	77.528	7257.6	
42490.8645833333	77.528	2851.2	
42479.5520833333	77.5321739130435	8933.76	
42471.71875	77.5586206896552	9948.96	
42479.8333333333	77.597	5556.6	
42475.7291666667	77.666	6318	
42481.6875	77.666	10908	
42467.78125	77.672	4318.92	
42476.7604166667	77.684	1054.08	
42481.7604166667	77.684	227.88	
42488.9270833333	77.684	2608.2	
42476.4895833333	77.7123404255319	1175.04	
42487.8333333333	77.723	3601.8	
42464.59375	77.726	12619.8	
42468.6354166667	77.726	10795.68	
42489.3854166667	77.726	10044	
42489.9583333333	77.7513043478261	898.56	
42489.1875	77.7539622641509	1192.32	
42468.6875	77.759	12035.52	
42470.7291666667	77.759	856.44	
42485.8958333333	77.759	1198.8	
42486.8541666667	77.759	1807.92	
42470.53125	77.792	912.6	
42482.4895833333	77.792	8594.64	
42483.4895833333	77.792	702	
42486.4895833333	77.792	12821.76	
42487.53125	77.792	8312.76	
42466.75	77.828	5060.88	
42475.75	77.828	4883.76	
42489.25	77.9041860465116	3114.72	
42475.7395833333	77.936	6191.64	
42481.6979166667	77.936	10260	
42476.75	77.954	1013.04	
42481.75	77.954	1788.48	
42488.9166666667	77.954	2352.24	
42489.1979166667	78.0596226415094	1341.36	
42476.7083333333	78.08	884.52	
42476.71875	78.08	952.56	
42476.7291666667	78.08	1175.04	
42476.7395833333	78.08	952.56	
42481.7083333333	78.08	11291.4	
42481.71875	78.08	9492.12	
42481.7291666667	78.08	8312.76	
42481.7395833333	78.08	4395.6	
42482.5	78.08	9990	
42482.5104166667	78.08	9208.08	
42482.5208333333	78.08	8812.8	
42482.53125	78.08	7662.6	
42483.5	78.08	772.2	
42483.5104166667	78.08	760.32	
42483.5208333333	78.08	898.56	
42483.53125	78.08	926.64	
42485.4791666667	78.08	11344.32	
42485.4895833333	78.08	12640.32	
42489.2083333333	78.08	1278.72	
42489.21875	78.08	1682.64	
42489.2291666667	78.08	2488.32	
42489.2395833333	78.08	2723.76	
42489.875	78.08	1594.08	
42489.8854166667	78.08	1088.64	
42489.8958333333	78.08	920.16	
42489.90625	78.08	1134	
42489.9166666667	78.08	1069.2	
42489.9270833333	78.08	1069.2	
42489.9375	78.08	898.56	
42489.9479166667	78.08	898.56	
42465.5520833333	78.122	7430.4	
42490.46875	78.122	1053	
42466.5833333333	78.185	12414.6	
42467.5	78.185	4626.72	
42470.5416666667	78.185	856.44	
42476.625	78.185	884.52	
42482.5416666667	78.185	7840.8	
42483.5416666667	78.185	772.2	
42466.7395833333	78.2	6033.96	
42476.6979166667	78.2	884.52	
42479.8229166667	78.2	5994	
42482.78125	78.2	4118.04	
42488.90625	78.2	2494.8	
42489.8645833333	78.2	1613.52	
42464.6041666667	78.221	12841.2	
42468.6458333333	78.221	11346.48	
42489.3958333333	78.221	9538.56	
42468.6770833333	78.254	11998.8	
42470.71875	78.254	940.68	
42485.8854166667	78.254	1312.2	
42486.84375	78.254	2138.4	
42476.5	78.311	1175.04	
42487.5416666667	78.311	8648.64	
42465.78125	78.344	4050	
42466.59375	78.41	13091.76	
42467.5104166667	78.41	5093.28	
42470.5520833333	78.41	842.4	
42476.6354166667	78.41	1020.6	
42482.5520833333	78.41	7393.68	
42483.5520833333	78.41	760.32	
42466.7291666667	78.425	7711.2	
42476.6875	78.425	884.52	
42479.8125	78.425	5934.6	
42482.7708333333	78.425	4620.24	
42488.8958333333	78.425	2851.2	
42489.8541666667	78.425	2073.6	
42476.6145833333	78.464	1036.8	
42486.5	78.4832	12882.24	
42483.7916666667	78.518	6894.72	
42490.8541666667	78.518	3116.88	
42479.5625	78.53	9492.12	
42488.4583333333	78.542	8310.6	
42485.5	78.56	11998.8	
42487.8229166667	78.608	3695.76	
42466.6041666667	78.635	13279.68	
42467.5208333333	78.635	5745.6	
42470.5625	78.635	898.56	
42476.6458333333	78.635	1156.68	
42482.5625	78.635	8602.2	
42483.5625	78.635	760.32	
42466.71875	78.65	9136.8	
42476.6770833333	78.65	884.52	
42479.8020833333	78.65	6654.96	
42482.7604166667	78.65	5096.52	
42488.8854166667	78.65	3538.08	
42489.84375	78.65	2399.76	
42464.6145833333	78.716	12841.2	
42468.65625	78.716	11126.16	
42489.40625	78.716	10319.4	
42468.6666666667	78.749	11236.32	
42470.7083333333	78.749	870.48	
42485.875	78.749	1198.8	
42486.8333333333	78.749	2825.28	
42476.5104166667	78.806	1156.68	
42487.5520833333	78.806	9684.36	
42489.8229166667	78.8284210526316	3173.04	
42464.7708333333	78.839	4519.8	
42465.7708333333	78.839	4244.4	
42466.6145833333	78.86	12681.36	
42467.53125	78.86	5950.8	
42470.5729166667	78.86	982.8	
42476.65625	78.86	1156.68	
42482.5729166667	78.86	8359.2	
42483.5729166667	78.86	784.08	
42466.7083333333	78.875	10314	
42476.6666666667	78.875	884.52	
42479.7916666667	78.875	6825.6	
42482.75	78.875	6313.68	
42488.875	78.875	4017.6	
42489.8333333333	78.875	2773.44	
42465.5625	78.887	8262	
42490.4791666667	78.887	1175.04	
42489.8125	78.8994736842105	3780	
42467.7708333333	78.932	5060.88	
42489.8020833333	78.9705263157895	4244.4	
42464.625	78.98	12533.4	
42464.6354166667	78.98	11905.92	
42464.6458333333	78.98	13050.72	
42464.65625	78.98	12337.92	
42489.4166666667	78.98	11400.48	
42489.7708333333	79.0781818181818	5832	
42464.6666666667	79.106	12927.6	
42466.625	79.106	12533.4	
42470.5833333333	79.106	982.8	
42482.5833333333	79.106	8173.44	
42483.5833333333	79.106	967.68	
42466.6979166667	79.124	9390.6	
42479.6979166667	79.124	9849.6	
42482.7395833333	79.124	7665.84	
42483.78125	79.124	6667.92	
42485.8645833333	79.124	1224.72	
42476.6041666667	79.184	1088.64	
42479.7083333333	79.211	9542.88	
42479.78125	79.244	7439.04	
42486.8229166667	79.244	3695.76	
42488.8645833333	79.244	4114.8	
42476.5208333333	79.301	1175.04	
42487.5625	79.301	9339.84	
42464.7604166667	79.334	6113.88	
42465.7604166667	79.334	4419.36	
42467.5416666667	79.337	6566.4	
42486.5104166667	79.3472	12942.72	
42464.6770833333	79.376	12177	
42466.6354166667	79.376	11780.64	
42470.59375	79.376	982.8	
42482.59375	79.376	9578.52	
42483.59375	79.376	777.6	
42470.6979166667	79.388	926.64	
42466.6875	79.394	9695.16	
42479.6875	79.394	9901.44	
42482.7291666667	79.394	10054.8	
42483.7708333333	79.394	6023.16	
42485.8541666667	79.394	1710.72	
42490.84375	79.508	3144.96	
42479.5729166667	79.5278260869565	9282.6	
42488.46875	79.532	8125.92	
42485.5104166667	79.5885714285714	10638	
42487.8125	79.598	3659.04	
42464.6875	79.646	11849.76	
42466.6458333333	79.646	11664	
42470.6041666667	79.646	898.56	
42482.6041666667	79.646	9684.36	
42483.6041666667	79.646	829.44	
42489.78125	79.6485714285714	5177.52	
42465.5729166667	79.652	8553.6	
42490.4895833333	79.652	1101.6	
42466.6770833333	79.664	10478.16	
42479.6770833333	79.664	10152	
42482.71875	79.664	10531.08	
42483.7604166667	79.664	4914	
42485.84375	79.664	1769.04	
42489.7916666667	79.682	4734.72	
42479.71875	79.706	8991	
42479.7708333333	79.739	7129.08	
42486.8125	79.739	4218.48	
42488.8541666667	79.739	4734.72	
42476.53125	79.796	1175.04	
42487.5729166667	79.796	9593.64	
42489.7604166667	79.8145454545455	6114.96	
42464.75	79.829	6570.72	
42465.75	79.829	5096.52	
42476.59375	79.904	1088.64	
42466.65625	79.916	10685.52	
42470.6145833333	79.916	1036.8	
42482.6145833333	79.916	10465.2	
42483.6145833333	79.916	912.6	
42466.6666666667	79.934	10213.56	
42479.6666666667	79.934	9492.12	
42482.7083333333	79.934	11511.72	
42483.75	79.934	3883.68	
42485.8333333333	79.934	2052	
42464.7083333333	80.06	12903.84	
42464.7291666667	80.06	8445.6	
42465.5833333333	80.06	9091.44	
42465.59375	80.06	10501.92	
42465.6041666667	80.06	10024.56	
42465.6145833333	80.06	9828	
42482.625	80.06	9843.12	
42482.6354166667	80.06	10107.72	
42482.6458333333	80.06	10319.4	
42482.65625	80.06	9849.6	
42482.6666666667	80.06	9953.28	
42482.6770833333	80.06	11583	
42482.6875	80.06	11505.24	
42482.6979166667	80.06	11562.48	
42483.625	80.06	828.36	
42483.6354166667	80.06	912.6	
42483.6458333333	80.06	898.56	
42483.65625	80.06	912.6	
42489.4270833333	80.06	12337.92	
42489.75	80.06	6607.44	
42467.5520833333	80.102	7076.16	
42470.6875	80.153	898.56	
42465.625	80.165	9290.16	
42476.5416666667	80.165	1175.04	
42479.5833333333	80.165	11126.16	
42483.6666666667	80.165	912.6	
42490.5	80.165	1028.16	
42465.7395833333	80.18	6033.96	
42479.65625	80.18	10368	
42483.7395833333	80.18	2920.32	
42467.7604166667	80.192	6073.92	
42479.7291666667	80.201	8080.56	
42486.5208333333	80.2112	12496.68	
42479.7604166667	80.234	7306.2	
42486.8020833333	80.234	3920.4	
42488.84375	80.234	5177.52	
42470.625	80.291	898.56	
42487.5833333333	80.291	9028.8	
42489.4375	80.3511764705882	12058.2	
42465.6354166667	80.39	8648.64	
42476.5520833333	80.39	1036.8	
42479.59375	80.39	11998.8	
42483.6770833333	80.39	898.56	
42490.5104166667	80.39	1028.16	
42465.7291666667	80.405	7665.84	
42479.6458333333	80.405	11016	
42483.7291666667	80.405	2592	
42485.8229166667	80.444	2518.56	
42490.8333333333	80.498	3353.4	
42488.4791666667	80.522	8743.68	
42487.8020833333	80.588	3855.6	
42465.6458333333	80.615	9486.72	
42476.5625	80.615	1020.6	
42479.6041666667	80.615	10530	
42483.6875	80.615	912.6	
42490.5208333333	80.615	1261.44	
42485.5208333333	80.6171428571429	10638	
42476.5833333333	80.624	1088.64	
42465.71875	80.63	9187.56	
42479.6354166667	80.63	11880	
42483.71875	80.63	2233.44	
42479.7395833333	80.696	8034.12	
42479.75	80.729	7941.24	
42486.7916666667	80.729	4276.8	
42488.8333333333	80.729	6197.04	
42489.4479166667	80.7482352941176	10932.84	
42489.7395833333	80.78	7575.12	
42470.6354166667	80.786	898.56	
42487.59375	80.786	9745.92	
42465.65625	80.84	9745.92	
42476.5729166667	80.84	1105.92	
42479.6145833333	80.84	10005.12	
42483.6979166667	80.84	912.6	
42490.53125	80.84	1261.44	
42465.7083333333	80.855	10905.84	
42479.625	80.855	11291.4	
42483.7083333333	80.855	1487.16	
42467.5625	80.867	7745.76	
42470.6770833333	80.918	884.52	
42465.6666666667	80.96	9538.56	
42465.6770833333	80.96	9227.52	
42465.6875	80.96	9896.04	
42465.6979166667	80.96	10266.48	
42485.53125	80.96	11007.36	
42489.7291666667	80.9884210526316	8452.08	
42485.8125	81.164	2799.36	
42485.5416666667	81.191	10800	
42490.5416666667	81.191	1118.88	
42486.5520833333	81.268	10212.48	
42470.6458333333	81.281	967.68	
42487.6041666667	81.281	10044	
42488.8229166667	81.368	7040.52	
42490.8229166667	81.368	2721.6	
42486.53125	81.3714285714286	10372.32	
42489.71875	81.4147368421053	9745.92	
42467.75	81.452	6781.32	
42486.78125	81.488	4734.72	
42488.4895833333	81.512	9331.2	
42487.7916666667	81.578	4082.4	
42467.5729166667	81.632	8395.92	
42489.4583333333	81.6472727272727	11047.32	
42470.6666666667	81.683	829.44	
42485.5520833333	81.686	10638	
42490.5520833333	81.686	1244.16	
42470.65625	81.776	816.48	
42487.6145833333	81.776	8127	
42489.7083333333	81.8410526315789	10005.12	
42485.8020833333	81.884	3598.56	
42486.5625	81.928	12681.36	
42467.7083333333	82.04	13296.96	
42467.71875	82.04	11897.28	
42467.7291666667	82.04	9389.52	
42467.7395833333	82.04	7616.16	
42486.5416666667	82.04	10425.24	
42488.8125	82.133	7662.6	
42490.8125	82.133	3265.92	
42467.5833333333	82.145	8644.32	
42487.625	82.145	8034.12	
42467.6979166667	82.16	13954.68	
42487.78125	82.16	4631.04	
42485.5625	82.181	10854	
42490.5625	82.181	1261.44	
42488.5	82.271	10152	
42467.59375	82.37	9290.16	
42487.6354166667	82.37	7704.72	
42467.6875	82.385	13296.96	
42487.7708333333	82.385	5361.12	
42486.7708333333	82.478	5250.96	
42489.4895833333	82.4875675675676	10951.2	
42486.5729166667	82.588	12866.04	
42467.6041666667	82.595	10530	
42487.6458333333	82.595	8220.96	
42485.7916666667	82.604	4017.6	
42467.6770833333	82.61	12117.6	
42487.7604166667	82.61	5167.8	
42489.6979166667	82.64	10044	
42485.5729166667	82.676	10638	
42490.5729166667	82.676	1261.44	
42489.4791666667	82.7064864864865	10368	
42488.5104166667	82.766	8793.36	
42467.6145833333	82.82	11175.84	
42487.65625	82.82	10795.68	
42467.6666666667	82.835	11071.08	
42487.75	82.835	6652.8	
42488.8020833333	82.898	7801.92	
42490.8020833333	82.898	2721.6	
42489.46875	82.9254054054054	10005.12	
42467.625	82.94	11276.28	
42467.6354166667	82.94	11119.68	
42467.6458333333	82.94	11236.32	
42467.65625	82.94	10160.64	
42487.6666666667	82.94	11464.2	
42487.6770833333	82.94	10206	
42487.6875	82.94	9590.4	
42487.6979166667	82.94	9694.08	
42487.7083333333	82.94	8650.8	
42487.71875	82.94	8699.4	
42487.7291666667	82.94	8883	
42487.7395833333	82.94	7894.8	
42489.5	82.94	11007.36	
42489.5104166667	82.94	10530	
42489.5208333333	82.94	11676.96	
42489.53125	82.94	10638	
42490.5833333333	83.066	1028.16	
42486.5833333333	83.171	12474	
42489.6875	83.1875	9849.6	
42488.5208333333	83.261	8363.52	
42489.5416666667	83.2686956521739	11547.36	
42485.5833333333	83.297	10800	
42490.59375	83.336	1118.88	
42485.78125	83.348	4040.28	
42486.7604166667	83.468	5346	
42489.6770833333	83.525	9849.6	
42490.6041666667	83.606	1175.04	
42488.7916666667	83.663	8699.4	
42490.7916666667	83.663	2721.6	
42486.59375	83.666	11566.8	
42488.53125	83.756	7801.92	
42489.6666666667	83.8625	9240.48	
42490.6145833333	83.876	1101.6	
42489.5520833333	83.9730434782609	9843.12	
42489.5625	84.02	8893.8	
42489.5729166667	84.02	8312.76	
42490.625	84.02	1118.88	
42490.6354166667	84.02	1468.8	
42490.6458333333	84.02	1468.8	
42490.65625	84.02	1486.08	
42485.59375	84.062	11016	
42485.7708333333	84.113	4769.28	
42490.78125	84.14	2695.68	
42486.6041666667	84.161	12072.24	
42488.5416666667	84.251	7709.04	
42489.5833333333	84.251	9486.72	
42490.6666666667	84.251	2008.8	
42488.78125	84.284	8748	
42489.65625	84.284	9339.84	
42490.7708333333	84.365	2583.36	
42486.75	84.458	6073.92	
42490.7604166667	84.59	2695.68	
42486.6145833333	84.656	12533.4	
42488.5520833333	84.746	8173.44	
42489.59375	84.746	10206	
42490.6770833333	84.746	2109.24	
42488.7708333333	84.779	8553.6	
42489.6458333333	84.779	10001.88	
42490.75	84.815	2970	
42485.6041666667	84.827	12355.2	
42485.7604166667	84.878	5096.52	
42486.625	84.92	12072.24	
42486.6354166667	84.92	12188.88	
42486.6458333333	84.92	11838.96	
42486.65625	84.92	11791.44	
42486.6666666667	84.92	11291.4	
42486.6770833333	84.92	10152	
42486.6875	84.92	12592.8	
42486.6979166667	84.92	12519.36	
42486.7083333333	84.92	11390.76	
42486.71875	84.92	9948.96	
42486.7291666667	84.92	7704.72	
42486.7395833333	84.92	6739.2	
42490.7395833333	85.064	2862	
42488.5625	85.241	9088.2	
42489.6041666667	85.241	10314	
42490.6875	85.241	2008.8	
42488.7604166667	85.274	7620.48	
42489.6354166667	85.274	11333.52	
42490.7291666667	85.334	2747.52	
42485.6145833333	85.592	13184.64	
42490.71875	85.604	2583.36	
42485.75	85.643	6484.32	
42488.5729166667	85.736	9631.44	
42489.6145833333	85.736	10319.4	
42490.6979166667	85.736	2177.28	
42488.75	85.769	8030.88	
42489.625	85.769	10266.48	
42490.7083333333	85.874	2086.56	
42485.625	86.126	13173.84	
42488.5833333333	86.126	8505	
42485.7395833333	86.144	7128	
42488.7395833333	86.144	7888.32	
42485.6354166667	86.396	12804.48	
42488.59375	86.396	8629.2	
42485.7291666667	86.414	7711.2	
42488.7291666667	86.414	8030.88	
42485.6458333333	86.666	12156.48	
42488.6041666667	86.666	7709.04	
42485.71875	86.684	9790.2	
42488.71875	86.684	8407.8	
42485.65625	86.936	11838.96	
42488.6145833333	86.936	7173.36	
42485.7083333333	86.954	10838.88	
42488.7083333333	86.954	7302.96	
42485.6666666667	87.08	10160.64	
42485.6770833333	87.08	9644.4	
42485.6875	87.08	9593.64	
42485.6979166667	87.08	10530	
42488.625	87.08	7711.2	
42488.6354166667	87.08	7040.52	
42488.6458333333	87.08	7040.52	
42488.65625	87.08	7212.24	
42488.6666666667	87.08	7257.6	
42488.6770833333	87.08	7439.04	
42488.6875	87.08	7439.04	
42488.6979166667	87.08	7569.72	
