Date	OADryBulbTemperatureNOAA	ZoneLoadforContainerFPVAV214	
42463.25	42.98	4590	
42463.2604166667	42.98	4131	
42463.2708333333	42.98	3901.5	
42463.28125	42.98	4360.5	
42463.2916666667	43.211	3901.5	
42463.2395833333	43.244	4590	
42463.3020833333	43.706	4131	
42463.2291666667	43.739	4131	
42463.3125	44.201	-459	
42463.21875	44.234	4819.5	
42463.3229166667	44.696	-1377	
42463.2083333333	44.729	4590	
42462.2916666667	45.086	3672	
42462.28125	45.104	2065.5	
42463.1979166667	45.104	3672	
42462.3020833333	45.356	4590	
42462.2708333333	45.374	0	
42463.1875	45.374	3672	
42462.3125	45.626	4131	
42462.2604166667	45.644	-918	
42463.1770833333	45.644	459	
42462.3229166667	45.896	4131	
42462.25	45.914	-229.5	
42463.1666666667	45.914	-229.5	
42462.0833333333	46.04	4131	
42462.09375	46.04	3672	
42462.1041666667	46.04	3901.5	
42462.1145833333	46.04	4131	
42462.2083333333	46.04	-688.5	
42462.21875	46.04	-918	
42462.2291666667	46.04	0	
42462.2395833333	46.04	-459	
42463.3333333333	46.136	-1377	
42462.125	46.145	4131	
42462.0729166667	46.16	3213	
42462.1979166667	46.16	4131	
42463.15625	46.16	-229.5	
42462.1354166667	46.37	3901.5	
42462.0625	46.385	3213	
42462.1875	46.385	3672	
42463.1458333333	46.385	0	
42462.3333333333	46.502	4590	
42462.1458333333	46.595	3901.5	
42462.0520833333	46.61	3213	
42462.1770833333	46.61	3672	
42462.15625	46.82	4131	
42462.0416666667	46.835	3442.5	
42462.1666666667	46.835	3901.5	
42463.125	46.835	0	
42462	46.94	4131	
42462.0104166667	46.94	-4590	
42462.0208333333	46.94	-5737.5	
42462.03125	46.94	3672	
42461.9895833333	47.204	4131	
42463.1145833333	47.204	-229.5	
42462.34375	47.492	4590	
42461.9791666667	47.699	4131	
42463.1041666667	47.699	2983.5	
42467.2083333333	48.125	5508	
42467.2916666667	48.125	6196.5	
42467.28125	48.14	5737.5	
42461.96875	48.194	3672	
42463.09375	48.194	3442.5	
42467.1979166667	48.284	5278.5	
42467.21875	48.35	5508	
42467.3020833333	48.35	5737.5	
42467.2708333333	48.365	5737.5	
42462.3541666667	48.482	4131	
42467.2291666667	48.575	5508	
42467.3125	48.575	5737.5	
42467.2604166667	48.59	4590	
42463.34375	48.656	-1147.5	
42461.9583333333	48.689	4131	
42463.0833333333	48.689	3901.5	
42467.1875	48.779	5278.5	
42467.2395833333	48.8	5508	
42467.3229166667	48.8	5737.5	
42467.25	48.815	5508	
42461.9166666667	48.92	4360.5	
42461.9270833333	48.92	3442.5	
42461.9375	48.92	4131	
42461.9479166667	48.92	4131	
42463.0416666667	48.92	3901.5	
42463.0520833333	48.92	2983.5	
42463.0625	48.92	3901.5	
42463.0729166667	48.92	3901.5	
42461.90625	49.208	4590	
42467.1770833333	49.274	4590	
42462.3645833333	49.472	4131	
42463.03125	49.592	4131	
42461.8958333333	49.748	4131	
42467.1666666667	49.769	5049	
42467.3333333333	50.096	5737.5	
42464.28125	50.144	4590	
42464.2916666667	50.231	5049	
42467.15625	50.264	5049	
42461.8854166667	50.288	3442.5	
42464.2708333333	50.414	4590	
42462.375	50.588	3901.5	
42464.2604166667	50.684	4131	
42464.3020833333	50.726	5278.5	
42467.1458333333	50.759	5049	
42461.875	50.828	3672	
42463.0208333333	50.852	3901.5	
42464.25	50.954	5049	
42463.3541666667	51.176	-1377	
42467.0833333333	51.185	4590	
42464.2395833333	51.2	4360.5	
42464.3125	51.221	4590	
42467.1354166667	51.254	4819.5	
42461.8645833333	51.344	3901.5	
42467.09375	51.41	4590	
42464.2291666667	51.425	4360.5	
42467.0729166667	51.464	4819.5	
42467.1041666667	51.635	4590	
42464.21875	51.65	4360.5	
42464.3229166667	51.716	4360.5	
42467.125	51.749	5278.5	
42461.8541666667	51.839	3901.5	
42462.3854166667	51.848	3901.5	
42467.1145833333	51.86	5278.5	
42464.2083333333	51.875	3901.5	
42464.1666666667	51.98	4131	
42464.1875	51.98	4131	
42464.1979166667	51.98	3672	
42465.25	51.98	5737.5	
42465.2604166667	51.98	5737.5	
42465.2708333333	51.98	5737.5	
42465.28125	51.98	5737.5	
42465.2916666667	51.98	5737.5	
42465.3020833333	51.98	5737.5	
42465.3125	51.98	5737.5	
42465.3229166667	51.98	5737.5	
42463.0104166667	52.112	4131	
42467.0625	52.184	4819.5	
42462.9583333333	52.211	3213	
42464.15625	52.244	4590	
42465.2395833333	52.244	5737.5	
42461.84375	52.334	3901.5	
42464.3333333333	52.568	5049	
42467.34375	52.616	5737.5	
42465.3333333333	52.673	5737.5	
42462.96875	52.706	3213	
42464.1458333333	52.739	4360.5	
42465.2291666667	52.739	4819.5	
42462.9479166667	52.772	3213	
42461.8333333333	52.829	5049	
42467.0520833333	52.904	4819.5	
42461.7916666667	53.06	5278.5	
42461.8020833333	53.06	5508	
42461.8125	53.06	4819.5	
42461.8229166667	53.06	4131	
42462.3958333333	53.108	2983.5	
42462.9791666667	53.201	3213	
42465.21875	53.234	4819.5	
42461.78125	53.324	4819.5	
42463	53.372	4131	
42467.0416666667	53.624	4819.5	
42462.9895833333	53.696	4131	
42463.3645833333	53.696	459	
42464.125	53.729	3901.5	
42465.2083333333	53.729	4819.5	
42461.7708333333	53.819	4819.5	
42464.34375	53.828	5278.5	
42464.0833333333	53.96	3901.5	
42464.09375	53.96	3901.5	
42464.1041666667	53.96	3901.5	
42464.1145833333	53.96	3672	
42461.7083333333	54.086	10098	
42465.34375	54.158	5049	
42461.6979166667	54.224	10098	
42465.1979166667	54.224	4590	
42462.9375	54.257	3213	
42461.7604166667	54.314	5737.5	
42461.71875	54.356	9868.5	
42462.40625	54.368	1836	
42467.03125	54.368	4360.5	
42464.0729166667	54.488	3901.5	
42461.7291666667	54.626	8491.5	
42461.6875	54.719	10098	
42465.1875	54.719	4590	
42461.75	54.809	6885	
42461.7395833333	54.896	7573.5	
42464.3541666667	55.088	5049	
42467.0208333333	55.133	4360.5	
42467.3541666667	55.136	5967	
42461.6770833333	55.214	10098	
42465.1770833333	55.214	5278.5	
42475.2395833333	55.4385714285714	4590	
42464.0625	55.478	3442.5	
42475.2291666667	55.5832142857143	5049	
42462.4166666667	55.628	459	
42465.3541666667	55.643	5278.5	
42461.6666666667	55.709	10098	
42465.1666666667	55.709	4819.5	
42475.21875	55.7278571428571	4819.5	
42463.375	55.733	2524.5	
42462.9270833333	55.742	3672	
42475.2083333333	55.8725	4360.5	
42467.0104166667	55.898	4819.5	
42465.125	55.94	4819.5	
42465.1458333333	55.94	4819.5	
42465.15625	55.94	4819.5	
42475.25	55.94	4590	
42475.3020833333	55.94	4819.5	
42475.3125	55.94	4819.5	
42475.3229166667	55.94	4819.5	
42468.0833333333	56.066	4819.5	
42461.65625	56.084	10098	
42466.1979166667	56.084	4590	
42475.1979166667	56.084	4131	
42475.3333333333	56.0920689655172	5737.5	
42465.1145833333	56.204	4360.5	
42475.2604166667	56.3194594594595	4819.5	
42468.09375	56.336	4590	
42461.6458333333	56.354	10098	
42466.1875	56.354	5049	
42475.1875	56.354	5049	
42466.2083333333	56.36	4590	
42475.34375	56.4179310344828	4819.5	
42464.0520833333	56.468	3901.5	
42468.0729166667	56.492	4360.5	
42466.25	56.57	4819.5	
42468.1041666667	56.606	4590	
42461.6354166667	56.624	10098	
42466.1770833333	56.624	4360.5	
42475.1770833333	56.624	5049	
42467	56.663	4360.5	
42465.1041666667	56.699	4590	
42475.3541666667	56.7437931034483	4819.5	
42475.2708333333	56.7572972972973	4819.5	
42468.1145833333	56.876	4590	
42462.4270833333	56.888	0	
42461.625	56.894	10327.5	
42466.1666666667	56.894	4590	
42475.1666666667	56.894	4131	
42461.3229166667	57.02	5278.5	
42466.2604166667	57.02	5049	
42466.2708333333	57.02	5049	
42466.28125	57.02	5508	
42466.2916666667	57.02	5508	
42468.125	57.02	4590	
42468.1458333333	57.02	4360.5	
42468.15625	57.02	4360.5	
42475.2916666667	57.02	5737.5	
42466.21875	57.0384615384615	4819.5	
42475.3645833333	57.0696551724138	5049	
42466.2291666667	57.1076923076923	4819.5	
42475.28125	57.11	5278.5	
42468.1666666667	57.125	4819.5	
42469.25	57.125	3672	
42465.3645833333	57.128	4819.5	
42466.9895833333	57.14	4590	
42469.2395833333	57.14	3442.5	
42474.28125	57.14	4819.5	
42466.2395833333	57.1769230769231	4819.5	
42465.09375	57.194	5049	
42461.3125	57.2114893617021	4819.5	
42463.3854166667	57.218	2754	
42462.9166666667	57.227	3442.5	
42475.15625	57.284	4131	
42483.28125	57.284	4819.5	
42468.1770833333	57.35	4819.5	
42469.2604166667	57.35	4131	
42466.9791666667	57.365	4819.5	
42469.2291666667	57.365	3672	
42474.2708333333	57.365	4819.5	
42466.15625	57.428	4590	
42464.0416666667	57.458	4131	
42461.3020833333	57.4987234042553	4819.5	
42474.2916666667	57.5046153846154	4819.5	
42468.0625	57.527	4131	
42468.1875	57.575	4360.5	
42469.2708333333	57.575	3442.5	
42466.96875	57.59	4819.5	
42469.21875	57.59	3672	
42474.2604166667	57.59	4819.5	
42461.3333333333	57.608	5278.5	
42466.3020833333	57.614	5049	
42467.3645833333	57.656	5967	
42483.2916666667	57.713	4819.5	
42475.1458333333	57.779	4131	
42483.2708333333	57.779	4819.5	
42461.2916666667	57.7859574468085	5278.5	
42468.1979166667	57.8	4360.5	
42469.28125	57.8	4131	
42466.9583333333	57.815	4819.5	
42469.2083333333	57.815	3672	
42474.25	57.815	4819.5	
42464	57.92	3672	
42464.0104166667	57.92	4131	
42464.0208333333	57.92	3672	
42464.03125	57.92	3672	
42469.125	57.92	4131	
42469.1354166667	57.92	3442.5	
42469.1458333333	57.92	3901.5	
42469.15625	57.92	3672	
42469.1666666667	57.92	3672	
42469.1770833333	57.92	3442.5	
42469.1875	57.92	3672	
42469.1979166667	57.92	3672	
42475.375	57.92	5049	
42475.3854166667	57.92	5278.5	
42461.6145833333	57.956	10327.5	
42475.3958333333	58.0064	5278.5	
42469.2916666667	58.046	4131	
42469.1145833333	58.064	4360.5	
42474.2395833333	58.064	4819.5	
42462.4375	58.148	459	
42466.1458333333	58.193	4590	
42461.28125	58.208	4819.5	
42465.0729166667	58.208	4590	
42466.9479166667	58.208	4819.5	
42483.2604166667	58.274	4360.5	
42469.3020833333	58.316	3901.5	
42462.90625	58.328	3213	
42463.9895833333	58.328	3442.5	
42469.1041666667	58.334	3672	
42474.2291666667	58.334	4590	
42466.3125	58.3565	5508	
42468.2083333333	58.508	4590	
42468.0520833333	58.562	4360.5	
42469.3125	58.586	3901.5	
42469.09375	58.604	3672	
42474.21875	58.604	4590	
42475.40625	58.6544	4819.5	
42463.3958333333	58.703	3213	
42465.375	58.739	5049	
42461.2708333333	58.748	4819.5	
42465.0625	58.748	4819.5	
42466.9375	58.748	4360.5	
42475.125	58.769	4131	
42483.25	58.769	4819.5	
42469.3229166667	58.856	3901.5	
42461.34375	58.868	5278.5	
42469.0833333333	58.874	3672	
42474.2083333333	58.874	4360.5	
42466.1354166667	58.958	4590	
42466.3229166667	59	5508	
42474.3020833333	59	4819.5	
42474.3125	59	4819.5	
42474.3229166667	59	5278.5	
42474.3333333333	59	5737.5	
42475.0833333333	59	4360.5	
42475.09375	59	4360.5	
42475.1041666667	59	4131	
42475.1145833333	59	4131	
42483.125	59	4590	
42483.1458333333	59	4819.5	
42483.15625	59	4819.5	
42483.1666666667	59	4360.5	
42483.1770833333	59	4819.5	
42483.1875	59	4819.5	
42483.1979166667	59	4819.5	
42483.2083333333	59	4590	
42483.21875	59	4590	
42483.2291666667	59	5049	
42483.2395833333	59	5049	
42462.8958333333	59.093	2983.5	
42463.9791666667	59.093	3672	
42474.34375	59.1157142857143	4819.5	
42468.3229166667	59.144	5278.5	
42474.9479166667	59.144	4360.5	
42475.0729166667	59.144	4360.5	
42464.3854166667	59.198	5278.5	
42483.3020833333	59.198	4819.5	
42475.4166666667	59.231	5049	
42474.1979166667	59.2541176470588	4360.5	
42483.1145833333	59.264	4590	
42484.28125	59.264	5278.5	
42461.2604166667	59.288	4819.5	
42465.0520833333	59.288	4819.5	
42466.9270833333	59.288	4360.5	
42474.9583333333	59.378	4819.5	
42462.4479166667	59.408	0	
42469.0729166667	59.408	3901.5	
42468.3125	59.414	5278.5	
42474.9375	59.414	4819.5	
42475.0625	59.414	4360.5	
42469.3333333333	59.462	3901.5	
42484.2916666667	59.462	5278.5	
42468.3333333333	59.588	5278.5	
42468.0416666667	59.597	4360.5	
42466.3333333333	59.63	5278.5	
42468.3020833333	59.684	5278.5	
42474.9270833333	59.684	4819.5	
42475.0520833333	59.684	4360.5	
42474.3541666667	59.6942857142857	5278.5	
42461.6041666667	59.711	10557	
42466.125	59.723	4819.5	
42475.4270833333	59.726	5049	
42474.1875	59.7305882352941	4360.5	
42483.1041666667	59.759	4590	
42484.2708333333	59.759	5278.5	
42468.21875	59.768	5049	
42461.25	59.828	4819.5	
42465.0416666667	59.828	4819.5	
42466.9166666667	59.828	4360.5	
42462.8854166667	59.858	2754	
42463.96875	59.858	3672	
42467.375	59.924	5278.5	
42468.2916666667	59.954	5278.5	
42474.9166666667	59.954	4590	
42475.0416666667	59.954	4590	
42465.0104166667	60.08	4360.5	
42465.0208333333	60.08	4360.5	
42465.03125	60.08	4819.5	
42466.0833333333	60.08	4819.5	
42466.09375	60.08	4819.5	
42466.1041666667	60.08	4360.5	
42466.1145833333	60.08	4819.5	
42466.34375	60.08	5508	
42466.3541666667	60.08	5737.5	
42466.3645833333	60.08	5967	
42474.96875	60.08	4819.5	
42474.9791666667	60.08	4819.5	
42474.9895833333	60.08	4590	
42482.25	60.08	5049	
42482.2604166667	60.08	5049	
42482.2708333333	60.08	5278.5	
42482.28125	60.08	5278.5	
42466.375	60.1166666666667	5967	
42461.3541666667	60.128	5508	
42469.0625	60.173	3672	
42463.40625	60.188	3213	
42464.9895833333	60.2	4360.5	
42466.0729166667	60.2	4819.5	
42468.03125	60.2	4360.5	
42474.90625	60.2	4590	
42474.1770833333	60.2184615384615	4360.5	
42475.4375	60.221	5049	
42483.09375	60.254	4819.5	
42484.2604166667	60.254	5278.5	
42475	60.2832258064516	4590	
42482.2916666667	60.311	5278.5	
42475.03125	60.328275862069	4360.5	
42461.2395833333	60.344	4819.5	
42476.0729166667	60.344	4360.5	
42482.2395833333	60.344	4819.5	
42464.9791666667	60.425	4360.5	
42466.0625	60.425	4360.5	
42468.0208333333	60.425	4360.5	
42474.8958333333	60.425	4590	
42474.3645833333	60.4261538461538	5278.5	
42469.34375	60.452	3901.5	
42484.3020833333	60.452	5278.5	
42468.28125	60.464	5278.5	
42465.3854166667	60.494	5278.5	
42466.90625	60.608	3901.5	
42476.0833333333	60.6130769230769	4360.5	
42462.875	60.623	3213	
42463.9583333333	60.623	3672	
42462.4583333333	60.647	229.5	
42464.96875	60.65	4360.5	
42466.0520833333	60.65	4360.5	
42468.0104166667	60.65	4360.5	
42474.8854166667	60.65	4590	
42466.3854166667	60.6666666666667	6196.5	
42464.3958333333	60.683	5049	
42483.3125	60.683	4819.5	
42475.4479166667	60.716	5278.5	
42475.0104166667	60.7187096774194	4590	
42474.1666666667	60.7376923076923	4131	
42483.0833333333	60.749	4819.5	
42484.25	60.749	5278.5	
42475.0208333333	60.7937931034483	5049	
42482.3020833333	60.806	5278.5	
42461.2291666667	60.839	4819.5	
42476.0625	60.839	4360.5	
42482.2291666667	60.839	4819.5	
42468.34375	60.848	5278.5	
42473.2395833333	60.872	4360.5	
42464.9583333333	60.875	4590	
42466.0416666667	60.875	4360.5	
42468	60.875	4360.5	
42474.875	60.875	4590	
42469.0520833333	60.938	3901.5	
42473.2083333333	60.98	4590	
42473.21875	60.98	4360.5	
42473.2291666667	60.98	4360.5	
42473.25	60.98	5049	
42473.2604166667	60.98	5049	
42473.2708333333	60.98	5049	
42473.28125	60.98	5049	
42473.2916666667	60.98	5049	
42473.3020833333	60.98	5278.5	
42473.3125	60.98	5278.5	
42473.3229166667	60.98	5278.5	
42474.1458333333	60.98	4131	
42474.15625	60.98	4360.5	
42480.3333333333	60.98	5737.5	
42480.34375	60.98	5967	
42480.3541666667	60.98	5967	
42483.0416666667	60.98	4819.5	
42483.0520833333	60.98	4360.5	
42483.0625	60.98	4360.5	
42483.0729166667	60.98	4819.5	
42484.2083333333	60.98	5278.5	
42484.21875	60.98	5278.5	
42484.2291666667	60.98	5278.5	
42484.2395833333	60.98	4819.5	
42468.2291666667	61.028	5278.5	
42474.375	61.106	5278.5	
42463.9479166667	61.124	3213	
42484.1979166667	61.124	5508	
42473.3333333333	61.1342857142857	5278.5	
42481.34375	61.148	5278.5	
42473.1979166667	61.1763636363636	4590	
42468.2708333333	61.184	5278.5	
42466.3958333333	61.2166666666667	6196.5	
42462.8645833333	61.244	3213	
42464.9479166667	61.244	4590	
42466.03125	61.244	4360.5	
42467.9895833333	61.244	4360.5	
42474.8645833333	61.244	4360.5	
42482.3125	61.301	5278.5	
42461.21875	61.334	4819.5	
42476.0520833333	61.334	4360.5	
42482.21875	61.334	4819.5	
42474.1354166667	61.34	4360.5	
42474.3854166667	61.376	5049	
42461.3645833333	61.388	6196.5	
42483.03125	61.388	5278.5	
42463.9375	61.394	3442.5	
42484.1875	61.394	5508	
42469.3541666667	61.442	3901.5	
42484.3125	61.442	5278.5	
42463.4166666667	61.442	2754	
42475.4583333333	61.442	5278.5	
42473.34375	61.4648979591837	5278.5	
42461.59375	61.466	10557	
42481.3541666667	61.508	5508	
42480.3645833333	61.52	6196.5	
42473.1875	61.5445454545455	4819.5	
42466.8958333333	61.598	3901.5	
42474.3958333333	61.646	5278.5	
42476.1458333333	61.66	4590	
42463.9270833333	61.664	3442.5	
42484.1770833333	61.664	5508	
42469.0416666667	61.703	3901.5	
42462.8541666667	61.739	3213	
42464.9375	61.739	4131	
42466.0208333333	61.739	4360.5	
42467.9791666667	61.739	4360.5	
42474.8541666667	61.739	4819.5	
42476.09375	61.7553846153846	4360.5	
42466.40625	61.7666666666667	7114.5	
42473.3541666667	61.7955102040816	5508	
42482.3229166667	61.796	5278.5	
42461.2083333333	61.829	4590	
42476.0416666667	61.829	4360.5	
42482.2083333333	61.829	4819.5	
42474.125	61.8309090909091	4360.5	
42480.3229166667	61.844	5967	
42462.46875	61.862	229.5	
42481.3645833333	61.868	5967	
42468.2604166667	61.904	5278.5	
42467.3854166667	61.904	5049	
42473.1770833333	61.9127272727273	4590	
42474.40625	61.916	5278.5	
42463.9166666667	61.934	3442.5	
42484.1666666667	61.934	5278.5	
42469	62.06	3901.5	
42469.0104166667	62.06	2983.5	
42469.0208333333	62.06	-4819.5	
42469.03125	62.06	3901.5	
42470.25	62.06	4131	
42470.2604166667	62.06	4360.5	
42470.2708333333	62.06	3672	
42470.28125	62.06	3901.5	
42470.2916666667	62.06	4131	
42473.0833333333	62.06	4819.5	
42473.09375	62.06	4819.5	
42473.125	62.06	4819.5	
42473.1354166667	62.06	4819.5	
42473.1458333333	62.06	4819.5	
42473.15625	62.06	4819.5	
42473.1666666667	62.06	4819.5	
42473.3645833333	62.06	5049	
42474.0520833333	62.06	4360.5	
42474.0625	62.06	4131	
42474.0729166667	62.06	4590	
42474.0833333333	62.06	4590	
42474.09375	62.06	4590	
42474.1041666667	62.06	4590	
42474.1145833333	62.06	4360.5	
42476.1875	62.06	4360.5	
42476.1979166667	62.06	4360.5	
42480.375	62.06	5967	
42480.3854166667	62.06	7114.5	
42480.3958333333	62.06	8262	
42480.40625	62.06	8262	
42481.375	62.06	5967	
42481.3854166667	62.06	6196.5	
42484.125	62.06	5508	
42484.1458333333	62.06	5278.5	
42484.15625	62.06	5508	
42476.1041666667	62.0975	4819.5	
42468.3541666667	62.108	5278.5	
42483.0208333333	62.153	-4360.5	
42461.375	62.165	5737.5	
42465.9583333333	62.165	4131	
42473.375	62.165	5278.5	
42474.4166666667	62.165	5508	
42464.40625	62.168	5278.5	
42483.3229166667	62.168	4819.5	
42470.3020833333	62.1725	4360.5	
42461.1979166667	62.18	4360.5	
42470.2395833333	62.18	4131	
42482.1979166667	62.18	4819.5	
42476.2083333333	62.2257894736842	4360.5	
42462.84375	62.234	3213	
42464.9270833333	62.234	4131	
42466.0104166667	62.234	4360.5	
42467.96875	62.234	3901.5	
42474.84375	62.234	4819.5	
42465.3958333333	62.249	5278.5	
42473.1041666667	62.2664705882353	4819.5	
42476.125	62.267	4590	
42468.2395833333	62.288	5278.5	
42480.4166666667	62.291	9639	
42463.90625	62.324	3442.5	
42476.03125	62.324	4590	
42484.1145833333	62.324	5508	
42481.3958333333	62.3511764705882	5508	
42466.4166666667	62.36	7803	
42461.3854166667	62.39	5278.5	
42465.96875	62.39	4131	
42473.3854166667	62.39	5278.5	
42474.4270833333	62.39	5508	
42461.1875	62.405	4360.5	
42470.2291666667	62.405	3901.5	
42482.1875	62.405	4819.5	
42476.15625	62.4061538461538	4590	
42476.1770833333	62.4061538461538	4360.5	
42469.3645833333	62.432	3901.5	
42484.3229166667	62.432	5278.5	
42463.4270833333	62.432	2754	
42475.46875	62.432	4819.5	
42468.9895833333	62.444	3901.5	
42481.3333333333	62.5	5049	
42473.1145833333	62.5047058823529	4819.5	
42474.0416666667	62.51	4819.5	
42476.21875	62.5810526315789	4360.5	
42465.9479166667	62.588	4131	
42466.8854166667	62.588	3901.5	
42470.3125	62.594375	3672	
42461.3958333333	62.615	5508	
42465.9791666667	62.615	4590	
42473.3958333333	62.615	5967	
42474.4375	62.615	5737.5	
42468.25	62.624	5278.5	
42482.3333333333	62.627	5278.5	
42461.1770833333	62.63	4360.5	
42470.21875	62.63	3901.5	
42482.1770833333	62.63	4819.5	
42470.1145833333	62.6372413793103	4131	
42487.1979166667	62.6439024390244	3901.5	
42476.1145833333	62.66	4819.5	
42476.2395833333	62.6635294117647	4360.5	
42473.0729166667	62.7136842105263	4819.5	
42462.8333333333	62.729	3213	
42466	62.729	4360.5	
42467.9583333333	62.729	4131	
42474.8333333333	62.729	4819.5	
42470.1041666667	62.7303448275862	4131	
42481.40625	62.7482352941176	6196.5	
42487.1875	62.7756097560976	4590	
42473.9895833333	62.78	4819.5	
42480.4270833333	62.786	8491.5	
42463.8958333333	62.819	2983.5	
42476.0208333333	62.819	-4360.5	
42484.1041666667	62.819	5278.5	
42470.09375	62.8234482758621	4131	
42461.40625	62.84	6196.5	
42465.9895833333	62.84	4360.5	
42473.40625	62.84	6196.5	
42474.4479166667	62.84	5737.5	
42461.1666666667	62.855	4360.5	
42470.2083333333	62.855	4590	
42482.1666666667	62.855	4819.5	
42487.1770833333	62.9073170731707	4590	
42470.0833333333	62.9165517241379	4131	
42483.0104166667	62.918	3442.5	
42476.1666666667	62.9253846153846	4590	
42476.2291666667	62.9363157894737	4360.5	
42461.0416666667	62.96	4360.5	
42461.0520833333	62.96	4360.5	
42461.0625	62.96	4360.5	
42461.0729166667	62.96	4131	
42461.0833333333	62.96	4360.5	
42461.09375	62.96	4131	
42461.1041666667	62.96	3901.5	
42461.1145833333	62.96	4590	
42461.125	62.96	4590	
42461.1458333333	62.96	4360.5	
42461.15625	62.96	4360.5	
42470.125	62.96	3901.5	
42470.1458333333	62.96	3901.5	
42470.15625	62.96	3901.5	
42470.1666666667	62.96	3901.5	
42470.1770833333	62.96	3901.5	
42470.1875	62.96	3901.5	
42470.1979166667	62.96	4360.5	
42470.3229166667	62.96	4131	
42473.0416666667	62.96	4819.5	
42473.0520833333	62.96	4360.5	
42473.0625	62.96	4360.5	
42473.9583333333	62.96	4360.5	
42473.96875	62.96	4360.5	
42473.9791666667	62.96	4819.5	
42474	62.96	4819.5	
42474.0104166667	62.96	4360.5	
42474.0208333333	62.96	4360.5	
42474.03125	62.96	4819.5	
42487.1666666667	62.96	4590	
42487.2083333333	62.96	3901.5	
42487.21875	62.96	4590	
42487.2291666667	62.96	5278.5	
42487.2395833333	62.96	5278.5	
42466.4270833333	63.0615384615385	7803	
42462.4791666667	63.077	459	
42461.4166666667	63.086	6196.5	
42461.5416666667	63.086	7803	
42487.25	63.086	5737.5	
42467.9479166667	63.104	3901.5	
42470.0729166667	63.104	4131	
42473.03125	63.104	4590	
42473.9479166667	63.104	4360.5	
42482.15625	63.104	4819.5	
42468.9791666667	63.164	3901.5	
42476.25	63.1903225806452	4360.5	
42461.5833333333	63.221	10557	
42461.53125	63.224	7803	
42474.4583333333	63.2613043478261	5737.5	
42480.4375	63.281	8032.5	
42463.8854166667	63.314	2983.5	
42476.0104166667	63.314	2524.5	
42484.09375	63.314	5278.5	
42470.3333333333	63.317	4360.5	
42461.4270833333	63.356	6655.5	
42461.5520833333	63.356	7803	
42487.2604166667	63.356	5737.5	
42464.90625	63.368	4131	
42468.3645833333	63.368	5278.5	
42467.9375	63.374	4131	
42470.0625	63.374	4131	
42473.0208333333	63.374	4360.5	
42473.9375	63.374	4590	
42482.1458333333	63.374	5049	
42463.4375	63.422	2754	
42469.375	63.422	3901.5	
42475.4791666667	63.422	5278.5	
42481.4166666667	63.422	6196.5	
42484.3333333333	63.422	5278.5	
42473.4166666667	63.455	6196.5	
42461.03125	63.488	4360.5	
42464.4166666667	63.548	5278.5	
42465.9375	63.578	4131	
42466.875	63.578	3901.5	
42461.4375	63.626	7803	
42461.5625	63.626	9639	
42487.2708333333	63.626	5737.5	
42462.8229166667	63.632	3442.5	
42467.9270833333	63.644	3901.5	
42470.0520833333	63.644	4131	
42473.0104166667	63.644	4590	
42473.9270833333	63.644	4590	
42482.1354166667	63.644	4590	
42474.8229166667	63.6486956521739	4819.5	
42483.3333333333	63.674	4360.5	
42483	63.683	4360.5	
42476.2604166667	63.6838709677419	4360.5	
42461.5208333333	63.719	8262	
42480.4479166667	63.776	9639	
42463.875	63.809	3213	
42476	63.809	4360.5	
42484.0833333333	63.809	5737.5	
42482.34375	63.842	5508	
42467.3958333333	63.884	5508	
42468.96875	63.884	3901.5	
42461.4479166667	63.896	7573.5	
42461.5729166667	63.896	9639	
42487.28125	63.896	6196.5	
42474.46875	63.9069565217391	6196.5	
42467.9166666667	63.914	3442.5	
42470.0416666667	63.914	4131	
42473	63.914	4590	
42473.9166666667	63.914	4360.5	
42482.125	63.914	4590	
42465.40625	64.004	4819.5	
42470	64.04	3672	
42470.0104166667	64.04	3672	
42470.0208333333	64.04	4131	
42470.03125	64.04	4360.5	
42473.8333333333	64.04	4360.5	
42473.875	64.04	4590	
42473.8854166667	64.04	4590	
42473.8958333333	64.04	4590	
42473.90625	64.04	4590	
42479.0729166667	64.04	4590	
42479.0833333333	64.04	4590	
42479.2916666667	64.04	5278.5	
42479.3020833333	64.04	5278.5	
42482.0416666667	64.04	4360.5	
42482.0520833333	64.04	4819.5	
42482.0625	64.04	4819.5	
42482.0729166667	64.04	4819.5	
42482.0833333333	64.04	4819.5	
42482.09375	64.04	4819.5	
42482.1041666667	64.04	4590	
42482.1145833333	64.04	4590	
42487.2916666667	64.04	6196.5	
42487.3020833333	64.04	6196.5	
42487.3125	64.04	6426	
42487.3229166667	64.04	6885	
42473.84375	64.0676923076923	4819.5	
42470.34375	64.082	3901.5	
42480.3125	64.13	5967	
42461.4583333333	64.145	8262	
42480.4583333333	64.145	10098	
42469.9895833333	64.16	4360.5	
42484.0729166667	64.16	5278.5	
42476.2708333333	64.1774193548387	4819.5	
42479.3125	64.2025806451613	4819.5	
42473.8541666667	64.2061538461539	4819.5	
42461.5104166667	64.214	8950.5	
42488.1666666667	64.271	4360.5	
42479.09375	64.2823076923077	4590	
42462.4895833333	64.292	459	
42482.03125	64.304	4360.5	
42482.9895833333	64.304	4360.5	
42472.9895833333	64.3066666666667	4590	
42473.8645833333	64.3446153846154	4819.5	
42461.46875	64.37	7573.5	
42480.46875	64.37	10098	
42487.3333333333	64.376	5967	
42479.3229166667	64.3767741935484	5508	
42469.9791666667	64.385	3901.5	
42484.0625	64.385	5737.5	
42463.4479166667	64.412	2295	
42469.3854166667	64.412	3901.5	
42475.4895833333	64.412	5508	
42481.4270833333	64.412	7344	
42484.34375	64.412	5278.5	
42475.9895833333	64.424	4360.5	
42479.28125	64.43375	4819.5	
42461.0208333333	64.478	4360.5	
42481.3229166667	64.4925714285714	5049	
42468.375	64.502	5278.5	
42473.4270833333	64.5157142857143	7344	
42479.1041666667	64.5419230769231	4360.5	
42473.8229166667	64.55	4819.5	
42474.4791666667	64.5526086956522	6196.5	
42479.2395833333	64.5675862068966	4819.5	
42465.9270833333	64.568	4131	
42463.8645833333	64.568	3213	
42466.4375	64.5846153846154	7803	
42461.4791666667	64.595	8262	
42480.4791666667	64.595	10557	
42479.2708333333	64.6025	4819.5	
42468.9583333333	64.604	3901.5	
42469.96875	64.61	3901.5	
42484.0520833333	64.61	6196.5	
42479.0625	64.6111538461539	4590	
42479.15625	64.67	4360.5	
42476.28125	64.6709677419355	4360.5	
42461.5	64.709	8721	
42467.90625	64.712	3672	
42488.15625	64.76	4819.5	
42488.1770833333	64.766	4360.5	
42479.2604166667	64.77125	4819.5	
42482.0208333333	64.799	4360.5	
42482.9791666667	64.799	4360.5	
42479.1145833333	64.8015384615385	4360.5	
42472.9791666667	64.8066666666667	4590	
42464.4270833333	64.808	5508	
42461.4895833333	64.82	8721	
42480.4895833333	64.82	10557	
42469.9583333333	64.835	4360.5	
42484.0416666667	64.835	5737.5	
42470.3541666667	64.847	4131	
42462.8125	64.892	2983.5	
42464.8854166667	64.898	3901.5	
42472.3333333333	64.94	5278.5	
42472.34375	64.94	5049	
42472.3541666667	64.94	5508	
42472.3645833333	64.94	6196.5	
42472.375	64.94	6196.5	
42472.3854166667	64.94	7344	
42472.3958333333	64.94	7344	
42472.40625	64.94	7803	
42472.4166666667	64.94	8262	
42472.9166666667	64.94	4819.5	
42472.9270833333	64.94	4360.5	
42472.9375	64.94	4590	
42472.9479166667	64.94	4819.5	
42472.9583333333	64.94	4819.5	
42472.96875	64.94	4590	
42473.4375	64.94	7344	
42473.4479166667	64.94	7803	
42473.8020833333	64.94	5278.5	
42473.8125	64.94	4819.5	
42474.8125	64.94	4819.5	
42479.125	64.94	4360.5	
42479.1666666667	64.94	4819.5	
42479.25	64.94	5278.5	
42479.3333333333	64.94	5508	
42479.34375	64.94	5049	
42479.3541666667	64.94	5278.5	
42481.0833333333	64.94	4819.5	
42481.09375	64.94	4819.5	
42481.1041666667	64.94	4819.5	
42481.1145833333	64.94	4819.5	
42466.8645833333	64.976	3901.5	
42479.2291666667	64.9865517241379	4819.5	
42488.1458333333	65.021	4360.5	
42482.3541666667	65.057	5278.5	
42462.5	65.066	2983.5	
42473.4583333333	65.066	8262	
42480.5	65.066	9639	
42481.125	65.066	4819.5	
42469.9479166667	65.084	3901.5	
42472.3229166667	65.084	5278.5	
42472.90625	65.084	4360.5	
42481.0729166667	65.084	4819.5	
42481.2395833333	65.084	4360.5	
42487.34375	65.096	6196.5	
42472.4270833333	65.1305882352941	8721	
42475.9791666667	65.144	4360.5	
42481.25	65.1443243243243	4819.5	
42476.2916666667	65.1645161290323	4360.5	
42487.15625	65.165	4360.5	
42481.5	65.171	10786.5	
42479.0520833333	65.1823076923077	4131	
42468.9479166667	65.204	3442.5	
42483.34375	65.204	4131	
42484.03125	65.204	5737.5	
42479.1770833333	65.2456603773585	4360.5	
42481.4895833333	65.2485714285714	10557	
42488.1875	65.261	4819.5	
42482.0104166667	65.294	4360.5	
42482.96875	65.294	4360.5	
42479.1458333333	65.3	4360.5	
42462.5104166667	65.336	2754	
42473.46875	65.336	8032.5	
42480.5104166667	65.336	9639	
42481.3125	65.3411428571429	5049	
42469.9375	65.354	3901.5	
42472.3125	65.354	5278.5	
42472.8958333333	65.354	4360.5	
42481.0625	65.354	4819.5	
42481.2291666667	65.354	4819.5	
42469.3958333333	65.402	3442.5	
42481.4375	65.402	8491.5	
42484.3541666667	65.402	5278.5	
42474.4895833333	65.4028571428571	6196.5	
42479.21875	65.4055172413793	4590	
42463.4583333333	65.423	2295	
42461.0104166667	65.468	3901.5	
42468.3854166667	65.492	5737.5	
42479.1875	65.551320754717	4360.5	
42465.9166666667	65.558	3672	
42463.8541666667	65.558	3213	
42481.2604166667	65.5821621621622	4819.5	
42462.5208333333	65.606	2295	
42473.4791666667	65.606	8262	
42480.5208333333	65.606	9639	
42481.1458333333	65.606	4819.5	
42472.4375	65.6070588235294	8721	
42470.3645833333	65.612	4131	
42469.9270833333	65.624	3901.5	
42472.3020833333	65.624	5278.5	
42472.8854166667	65.624	4360.5	
42481.0520833333	65.624	4819.5	
42481.21875	65.624	4819.5	
42465.4166666667	65.654	5049	
42476.3020833333	65.658064516129	4819.5	
42464.875	65.663	3672	
42481.5104166667	65.666	10557	
42473.7916666667	65.6763636363636	6196.5	
42475.5	65.696	5737.5	
42468.9375	65.699	3442.5	
42484.0208333333	65.699	5737.5	
42474.8020833333	65.7427027027027	5278.5	
42479.0416666667	65.7534615384615	4590	
42488.1979166667	65.756	4131	
42482	65.789	4131	
42482.9583333333	65.789	4360.5	
42487.3541666667	65.816	7803	
42479.2083333333	65.8244827586207	5049	
42481.4791666667	65.8271428571429	9868.5	
42488.125	65.831	4360.5	
42479.3645833333	65.8563636363636	5278.5	
42479.1979166667	65.8569811320755	4360.5	
42467.40625	65.864	5278.5	
42475.96875	65.864	4360.5	
42462.53125	65.876	2295	
42473.4895833333	65.876	8721	
42480.53125	65.876	9639	
42481.15625	65.876	4590	
42469.9166666667	65.894	3901.5	
42472.2916666667	65.894	4819.5	
42472.875	65.894	4819.5	
42481.0416666667	65.894	4360.5	
42481.2083333333	65.894	4590	
42467.8958333333	65.972	3213	
42472.4479166667	66.02	9639	
42472.4583333333	66.02	9639	
42472.46875	66.02	10098	
42472.4791666667	66.02	10098	
42472.4895833333	66.02	10557	
42472.8333333333	66.02	4819.5	
42472.84375	66.02	4819.5	
42472.8541666667	66.02	4360.5	
42472.8645833333	66.02	4360.5	
42473.78125	66.02	6655.5	
42478.3333333333	66.02	5049	
42478.34375	66.02	5278.5	
42478.3541666667	66.02	5278.5	
42478.3645833333	66.02	5508	
42478.375	66.02	6196.5	
42478.3854166667	66.02	6196.5	
42478.3958333333	66.02	7114.5	
42478.4166666667	66.02	7344	
42478.4270833333	66.02	7803	
42478.4375	66.02	8262	
42478.4479166667	66.02	8721	
42479.375	66.02	5278.5	
42481	66.02	4590	
42481.0104166667	66.02	4360.5	
42481.0208333333	66.02	4360.5	
42481.03125	66.02	4360.5	
42481.2708333333	66.02	5049	
42481.3020833333	66.02	5049	
42488.2083333333	66.02	4360.5	
42464.4375	66.068	5737.5	
42478.09375	66.0892307692308	4590	
42478.1041666667	66.092	4590	
42466.4479166667	66.1076923076923	8262	
42473.5	66.125	9639	
42474.5833333333	66.125	9180	
42472.8229166667	66.14	5278.5	
42479.03125	66.14	4590	
42488.1145833333	66.14	4360.5	
42472.5	66.146	10557	
42462.8020833333	66.152	3442.5	
42476.3125	66.1533333333333	4360.5	
42481.5208333333	66.161	11475	
42472.28125	66.164	4819.5	
42478.1145833333	66.1691428571429	4590	
42478.40625	66.1723076923077	5967	
42468.9270833333	66.194	3672	
42484.0104166667	66.194	6655.5	
42481.1979166667	66.2046153846154	4590	
42470.375	66.251	4131	
42474.5	66.251	7344	
42482.3645833333	66.272	5508	
42465.90625	66.284	3442.5	
42469.90625	66.284	3901.5	
42474.5729166667	66.284	8491.5	
42480.9895833333	66.284	4360.5	
42481.9895833333	66.284	4360.5	
42481.46875	66.30125	8950.5	
42481.1666666667	66.32	4590	
42473.5104166667	66.35	9409.5	
42474.59375	66.35	8950.5	
42472.8125	66.365	6196.5	
42479.0208333333	66.365	4590	
42488.1041666667	66.365	4360.5	
42462.5416666667	66.377	2524.5	
42485.15625	66.3862068965517	5278.5	
42472.2083333333	66.3905882352941	4360.5	
42469.40625	66.392	3901.5	
42481.4479166667	66.392	8950.5	
42484.3645833333	66.392	4819.5	
42472.5104166667	66.416	10557	
42478.3229166667	66.4273684210526	4819.5	
42482.9479166667	66.428	4360.5	
42472.2708333333	66.434	5278.5	
42484.9895833333	66.44	5737.5	
42461	66.458	3901.5	
42463.46875	66.458	2295	
42478.4583333333	66.47	8721	
42478.0729166667	66.4769230769231	4590	
42468.3958333333	66.482	5967	
42480.5416666667	66.482	9639	
42472.1979166667	66.5	4819.5	
42487.3645833333	66.536	8262	
42474.7916666667	66.5454054054054	6196.5	
42463.84375	66.548	3442.5	
42481.1875	66.5507692307692	4590	
42473.5208333333	66.575	9409.5	
42474.6041666667	66.575	9180	
42479.3854166667	66.5803773584906	6426	
42475.9583333333	66.584	4360.5	
42481.2916666667	66.5884210526316	5049	
42472.8020833333	66.59	6655.5	
42479.0104166667	66.59	4131	
42488.09375	66.59	4360.5	
42473.7708333333	66.5911538461538	7114.5	
42476.3229166667	66.6533333333333	4819.5	
42481.53125	66.656	11245.5	
42475.5104166667	66.68	5508	
42472.5208333333	66.686	10327.5	
42468.9166666667	66.689	3442.5	
42484	66.689	6655.5	
42472.2604166667	66.704	5278.5	
42481.4583333333	66.723125	8262	
42466.8541666667	66.731	3901.5	
42483.3541666667	66.734	4360.5	
42478.28125	66.74	4819.5	
42470.3854166667	66.746	3442.5	
42474.5104166667	66.746	7803	
42465.8958333333	66.779	4131	
42469.8958333333	66.779	3901.5	
42474.5625	66.779	8032.5	
42480.9791666667	66.779	4131	
42481.9791666667	66.779	4819.5	
42473.53125	66.8	10098	
42474.6145833333	66.8	9409.5	
42464.8645833333	66.812	4131	
42472.7916666667	66.815	7114.5	
42479	66.815	4360.5	
42488.0833333333	66.815	4360.5	
42485.1458333333	66.851724137931	5278.5	
42481.1770833333	66.8969230769231	4590	
42472.1875	66.92	4819.5	
42472.21875	66.92	4360.5	
42472.2291666667	66.92	4590	
42472.2395833333	66.92	4590	
42472.25	66.92	5278.5	
42473.5416666667	66.92	9868.5	
42474.625	66.92	9868.5	
42474.6354166667	66.92	9868.5	
42474.6458333333	66.92	10098	
42474.65625	66.92	10557	
42474.6666666667	66.92	10557	
42474.6770833333	66.92	10327.5	
42474.6875	66.92	10327.5	
42474.6979166667	66.92	11934	
42474.7083333333	66.92	11704.5	
42474.71875	66.92	11475	
42474.7291666667	66.92	10098	
42474.7395833333	66.92	8950.5	
42474.78125	66.92	6655.5	
42478.0833333333	66.92	4590	
42478.125	66.92	4590	
42478.21875	66.92	4819.5	
42478.2916666667	66.92	4819.5	
42478.3020833333	66.92	5508	
42478.3125	66.92	4819.5	
42478.46875	66.92	9639	
42481.28125	66.92	5049	
42481.5416666667	66.92	10327.5	
42481.5520833333	66.92	10786.5	
42483.9583333333	66.92	7114.5	
42483.96875	66.92	6655.5	
42483.9791666667	66.92	6655.5	
42483.9895833333	66.92	6655.5	
42488.21875	66.92	4819.5	
42488.2291666667	66.92	4360.5	
42488.2395833333	66.92	5049	
42488.25	66.92	5049	
42488.2604166667	66.92	5049	
42473.7083333333	67.046	10098	
42473.6979166667	67.064	9868.5	
42472.53125	67.136	11016	
42479.3958333333	67.1407547169811	6426	
42462.5520833333	67.142	2524.5	
42473.7604166667	67.1623076923077	7114.5	
42473.5520833333	67.1624489795918	10098	
42469.4166666667	67.172	3213	
42476.3333333333	67.172	4819.5	
42484.96875	67.175	5967	
42465.4270833333	67.184	5737.5	
42482.9375	67.193	3901.5	
42472.78125	67.208	7573.5	
42475.9479166667	67.208	4360.5	
42483.9479166667	67.208	7573.5	
42488.0729166667	67.208	4360.5	
42467.8854166667	67.232	2983.5	
42470.3958333333	67.241	3442.5	
42474.5208333333	67.241	8262	
42465.8854166667	67.274	4131	
42469.8854166667	67.274	3442.5	
42474.5520833333	67.274	8032.5	
42480.96875	67.274	3901.5	
42481.96875	67.274	5278.5	
42484.375	67.277	4819.5	
42487.375	67.277	8262	
42474.75	67.298	8491.5	
42488.2708333333	67.31	5049	
42473.71875	67.316	9868.5	
42485.1354166667	67.3172413793103	5278.5	
42464.4479166667	67.328	5278.5	
42468.90625	67.328	2983.5	
42478.1354166667	67.3314285714286	4590	
42473.6875	67.334	10786.5	
42474.7708333333	67.3442857142857	7114.5	
42478.4791666667	67.352	9639	
42478.2708333333	67.388	4819.5	
42462.7916666667	67.412	2754	
42485	67.46	5508	
42468.40625	67.472	7344	
42480.5520833333	67.472	9868.5	
42463.4791666667	67.493	2524.5	
42473.5625	67.4930612244898	10557	
42478.9895833333	67.496	4360.5	
42475.5208333333	67.505	5508	
42482.375	67.508	5508	
42478.0625	67.5153846153846	4131	
42463.8333333333	67.538	3213	
42473.7291666667	67.586	9639	
42472.1770833333	67.595	4360.5	
42473.6770833333	67.604	11475	
42485.1666666667	67.6072727272727	5508	
42466.4583333333	67.634	8950.5	
42479.40625	67.7011320754717	7344	
42469.4270833333	67.712	3442.5	
42476.34375	67.712	4360.5	
42473.75	67.7334615384615	8491.5	
42470.40625	67.736	4131	
42474.53125	67.736	8032.5	
42487.1458333333	67.736	4131	
42484.9583333333	67.7375	5737.5	
42467.4166666667	67.739	5278.5	
42472.7708333333	67.748	8032.5	
42475.9375	67.748	4360.5	
42483.9375	67.748	7573.5	
42488.0625	67.748	4360.5	
42488.28125	67.76	5049	
42465.875	67.769	4131	
42469.875	67.769	3901.5	
42474.5416666667	67.769	8032.5	
42480.9583333333	67.769	4131	
42481.9583333333	67.769	5737.5	
42485.125	67.7827586206897	5278.5	
42478.4895833333	67.8148571428572	9639	
42473.5729166667	67.8236734693878	10557	
42473.7395833333	67.856	8950.5	
42473.6666666667	67.874	12163.5	
42462.5625	67.907	2524.5	
42474.7604166667	67.9228571428571	7573.5	
42478.2604166667	67.928	4819.5	
42482.9270833333	67.958	4360.5	
42470.4166666667	68	3672	
42473.5833333333	68	10327.5	
42473.59375	68	10098	
42473.6041666667	68	11245.5	
42473.6145833333	68	11245.5	
42473.625	68	11245.5	
42473.6354166667	68	11245.5	
42473.6458333333	68	11245.5	
42473.65625	68	11704.5	
42478.1458333333	68	4590	
42478.2083333333	68	4819.5	
42478.2291666667	68	4819.5	
42478.2395833333	68	4819.5	
42478.25	68	4819.5	
42478.5	68	10098	
42478.96875	68	4360.5	
42478.9791666667	68	4360.5	
42481.5625	68	10327.5	
42484.875	68	7114.5	
42484.8854166667	68	7114.5	
42484.8958333333	68	6655.5	
42484.90625	68	5737.5	
42484.9166666667	68	7344	
42484.9270833333	68	6655.5	
42484.9375	68	6655.5	
42484.9479166667	68	6426	
42485.0104166667	68	5508	
42485.0208333333	68	5967	
42485.03125	68	5967	
42485.0520833333	68	5508	
42485.0625	68	5508	
42485.0729166667	68	5967	
42485.1041666667	68	5508	
42485.1145833333	68	5508	
42485.1770833333	68	5278.5	
42485.1875	68	5049	
42485.1979166667	68	5508	
42485.2083333333	68	5508	
42485.21875	68	5508	
42485.2291666667	68	5508	
42485.2395833333	68	5508	
42488.2916666667	68	5049	
42488.3020833333	68	5049	
42488.3125	68	5508	
42488.3229166667	68	5049	
42490.2916666667	68	4360.5	
42490.3020833333	68	4360.5	
42484.3854166667	68.042	5278.5	
42487.3854166667	68.042	8950.5	
42468.8958333333	68.093	3213	
42472.03125	68.0947368421053	4360.5	
42471.9895833333	68.108	3901.5	
42472.5416666667	68.126	10557	
42485.25	68.126	5508	
42488	68.126	3442.5	
42462.78125	68.144	2983.5	
42478.5208333333	68.144	10327.5	
42481.9479166667	68.144	6655.5	
42488.3333333333	68.231	5049	
42469.4375	68.252	3442.5	
42476.3541666667	68.252	4360.5	
42469.8645833333	68.264	3672	
42480.9479166667	68.264	4590	
42483.3645833333	68.264	3901.5	
42484.8645833333	68.264	7114.5	
42472.7604166667	68.288	8950.5	
42475.9270833333	68.288	4360.5	
42483.9270833333	68.288	7573.5	
42488.0520833333	68.288	3442.5	
42464.8541666667	68.297	4131	
42468.4166666667	68.357	7344	
42478.1979166667	68.375652173913	4360.5	
42472.0208333333	68.3789473684211	4360.5	
42472.5520833333	68.396	10327.5	
42485.2604166667	68.396	5278.5	
42488.0104166667	68.396	3442.5	
42462.7708333333	68.414	2754	
42481.9375	68.414	7114.5	
42480.5625	68.462	10098	
42475.53125	68.4628571428571	5508	
42466.84375	68.486	4131	
42467.875	68.492	3672	
42478.0520833333	68.5082352941176	4131	
42470.4270833333	68.5109677419355	3442.5	
42463.4895833333	68.528	2065.5	
42487.9895833333	68.528	3442.5	
42478.15625	68.54	4590	
42472.0416666667	68.5815384615385	4360.5	
42464.4583333333	68.588	6885	
42471.9791666667	68.648	3901.5	
42472.0104166667	68.6631578947368	4360.5	
42472.5625	68.666	10327.5	
42485.2708333333	68.666	4819.5	
42488.0208333333	68.666	3442.5	
42462.5729166667	68.672	2524.5	
42463.8229166667	68.672	2754	
42465.8645833333	68.672	4590	
42472.1666666667	68.6821052631579	4360.5	
42478.9583333333	68.6821052631579	4360.5	
42462.7604166667	68.684	2983.5	
42481.9270833333	68.684	7573.5	
42479.4166666667	68.693	7803	
42490.3125	68.7071428571429	3901.5	
42465.4375	68.714	6426	
42482.9166666667	68.723	4360.5	
42488.34375	68.726	5737.5	
42469.8541666667	68.759	3442.5	
42480.9375	68.759	4131	
42484.8541666667	68.759	7344	
42482.3854166667	68.768	5737.5	
42469.4479166667	68.792	3442.5	
42476.3645833333	68.792	4360.5	
42484.3958333333	68.807	4819.5	
42487.3958333333	68.807	8950.5	
42472.75	68.828	9639	
42475.9166666667	68.828	4360.5	
42483.9166666667	68.828	8032.5	
42488.0416666667	68.828	3442.5	
42468.8854166667	68.858	2983.5	
42472.5729166667	68.936	10327.5	
42485.28125	68.936	5508	
42488.03125	68.936	3442.5	
42472	68.9473684210526	4360.5	
42462.75	68.954	2754	
42481.9166666667	68.954	8491.5	
42478.5104166667	68.9818181818182	10557	
42471.0104166667	69.08	3672	
42471.0208333333	69.08	3901.5	
42471.03125	69.08	4131	
42471.0833333333	69.08	4131	
42472.15625	69.08	4360.5	
42472.5833333333	69.08	11245.5	
42472.59375	69.08	11704.5	
42472.6041666667	69.08	10327.5	
42472.6145833333	69.08	10098	
42472.625	69.08	10327.5	
42472.6354166667	69.08	11245.5	
42472.6458333333	69.08	11704.5	
42472.65625	69.08	12163.5	
42477.0833333333	69.08	4590	
42477.09375	69.08	4360.5	
42477.1041666667	69.08	4360.5	
42477.1145833333	69.08	4360.5	
42477.125	69.08	4360.5	
42477.1458333333	69.08	4360.5	
42477.15625	69.08	4360.5	
42477.1666666667	69.08	4819.5	
42477.1770833333	69.08	4360.5	
42477.1875	69.08	4360.5	
42477.1979166667	69.08	4819.5	
42477.2083333333	69.08	4819.5	
42477.21875	69.08	4360.5	
42477.2291666667	69.08	4360.5	
42477.2395833333	69.08	4819.5	
42478.1666666667	69.08	4360.5	
42478.1770833333	69.08	4360.5	
42478.1875	69.08	4360.5	
42478.5416666667	69.08	10327.5	
42478.9166666667	69.08	4360.5	
42478.9270833333	69.08	4360.5	
42478.9375	69.08	4360.5	
42478.9479166667	69.08	4131	
42480.2291666667	69.08	5508	
42480.2395833333	69.08	5967	
42480.25	69.08	5278.5	
42480.2604166667	69.08	5967	
42490.28125	69.08	4131	
42468.4270833333	69.122	7573.5	
42466.46875	69.164	8950.5	
42471.0416666667	69.1668965517241	4131	
42477.25	69.1668965517241	4819.5	
42485.2916666667	69.1668965517241	5508	
42477.0729166667	69.1828571428571	4590	
42462.5833333333	69.185	2524.5	
42472.6666666667	69.185	11704.5	
42477.2916666667	69.185	4819.5	
42471.96875	69.188	4360.5	
42462.7395833333	69.2	2754	
42472.7395833333	69.2	9639	
42478.90625	69.2	4360.5	
42488.3541666667	69.221	6426	
42485.3333333333	69.2375	5508	
42480.2708333333	69.24	5508	
42472.0520833333	69.2523404255319	4360.5	
42469.84375	69.254	3442.5	
42480.9270833333	69.254	4131	
42484.84375	69.254	7344	
42478.53125	69.26	10327.5	
42463.5	69.311	2065.5	
42475.90625	69.344	3901.5	
42481.90625	69.344	8950.5	
42482.90625	69.344	3213	
42471.0520833333	69.3531034482759	4131	
42477.2604166667	69.3531034482759	4819.5	
42485.3020833333	69.3531034482759	5508	
42480.21875	69.36125	5967	
42472.1458333333	69.3718918918919	4590	
42490.3333333333	69.3841379310345	4360.5	
42462.59375	69.41	2524.5	
42472.6770833333	69.41	11934	
42477.3020833333	69.41	4590	
42469.4583333333	69.416	2983.5	
42475.5416666667	69.416	5508	
42462.7291666667	69.425	2754	
42472.7291666667	69.425	10557	
42478.8958333333	69.425	3901.5	
42480.5729166667	69.452	9639	
42483.90625	69.464	8032.5	
42477.0625	69.4864516129032	4590	
42467.4270833333	69.494	5508	
42471	69.4953846153846	3672	
42478.0416666667	69.4953846153846	4590	
42487.9791666667	69.518	4360.5	
42476.375	69.5182608695652	4819.5	
42480.2916666667	69.53	5967	
42471.0625	69.5393103448276	4131	
42477.2708333333	69.5393103448276	4360.5	
42485.3125	69.5393103448276	5508	
42472.0625	69.5395744680851	4360.5	
42483.375	69.542	3672	
42484.40625	69.572	4819.5	
42487.40625	69.572	10327.5	
42485.34375	69.575	5737.5	
42478.5520833333	69.5886956521739	11016	
42490.3229166667	69.5942857142857	3442.5	
42468.875	69.623	3213	
42462.6041666667	69.635	2524.5	
42472.6875	69.635	12163.5	
42477.3125	69.635	4819.5	
42480.28125	69.64	5508	
42462.71875	69.65	2754	
42472.71875	69.65	11934	
42478.8854166667	69.65	3901.5	
42490.2708333333	69.6936363636364	3442.5	
42487.1354166667	69.716	4590	
42488.3645833333	69.716	6196.5	
42471.0729166667	69.7255172413793	4360.5	
42477.28125	69.7255172413793	4819.5	
42485.3229166667	69.7255172413793	5508	
42467.8645833333	69.728	4131	
42471.9583333333	69.728	4360.5	
42469.8333333333	69.749	3901.5	
42480.9166666667	69.749	4131	
42484.8333333333	69.749	7344	
42464.84375	69.782	4590	
42480.2083333333	69.783125	5967	
42463.5104166667	69.806	2065.5	
42480.15625	69.8098181818182	5967	
42477.40625	69.8220408163265	4590	
42472.0729166667	69.8268085106383	4360.5	
42475.8958333333	69.839	3901.5	
42481.8958333333	69.839	9180	
42482.8958333333	69.839	3213	
42464.46875	69.848	7344	
42480.1458333333	69.8589090909091	5967	
42462.6145833333	69.86	2524.5	
42472.6979166667	69.86	11475	
42477.3229166667	69.86	4819.5	
42471.09375	69.8675	4360.5	
42462.7083333333	69.875	2754	
42472.7083333333	69.875	12393	
42478.875	69.875	4360.5	
42477.3958333333	69.8771428571429	4590	
42468.4375	69.887	7803	
42472.1145833333	69.9	4360.5	
42480.1354166667	69.908	6885	
42485.3541666667	69.9125	6426	
42477.0520833333	69.921935483871	4590	
42480.0729166667	69.9303448275862	5967	
42463.8125	69.932	2295	
42465.8541666667	69.932	5278.5	
42477.3854166667	69.9322448979592	4590	
42480.125	69.9570909090909	5967	
42471.1041666667	69.98	4131	
42471.1145833333	69.98	4131	
42472.0833333333	69.98	4360.5	
42472.09375	69.98	4819.5	
42472.1041666667	69.98	4819.5	
42472.125	69.98	4360.5	
42477.0416666667	69.98	4590	
42477.3333333333	69.98	4819.5	
42477.34375	69.98	4590	
42477.3541666667	69.98	4590	
42477.3645833333	69.98	4590	
42477.375	69.98	4590	
42478.0208333333	69.98	4590	
42478.03125	69.98	4819.5	
42480.0833333333	69.98	5967	
42480.09375	69.98	5967	
42480.1041666667	69.98	6426	
42480.1145833333	69.98	5967	
42480.1666666667	69.98	5967	
42480.1770833333	69.98	5967	
42480.1875	69.98	5967	
42480.1979166667	69.98	5278.5	
42480.3020833333	69.98	5967	
42490.2395833333	69.98	4590	
42490.25	69.98	3901.5	
42490.2604166667	69.98	3442.5	
42481.5729166667	69.995652173913	11016	
42482.3958333333	70.028	6426	
42490.34375	70.0358620689655	4360.5	
42462.625	70.106	2524.5	
42480.5833333333	70.106	9639	
42462.6979166667	70.124	2754	
42468.8645833333	70.124	2754	
42471.9479166667	70.124	3901.5	
42477.03125	70.124	4590	
42469.46875	70.136	3672	
42475.5520833333	70.136	5737.5	
42471.125	70.1408510638298	3901.5	
42471.3333333333	70.1558139534884	4819.5	
42483.8958333333	70.184	8032.5	
42487.4166666667	70.211	12163.5	
42490.2291666667	70.2341176470588	3672	
42466.8333333333	70.241	3901.5	
42465.4479166667	70.244	6885	
42470.9895833333	70.244	3672	
42478.8645833333	70.244	3901.5	
42480.90625	70.244	3901.5	
42480.0625	70.2562068965517	5967	
42479.4270833333	70.2581818181818	8262	
42484.8229166667	70.2885714285714	7803	
42463.5208333333	70.301	2295	
42475.8854166667	70.334	3901.5	
42481.8854166667	70.334	9639	
42482.8854166667	70.334	2983.5	
42484.4166666667	70.337	5049	
42488.375	70.337	7344	
42462.6354166667	70.376	2524.5	
42480.59375	70.376	9868.5	
42469.8229166667	70.388	3442.5	
42462.6875	70.394	2754	
42468.8541666667	70.394	2983.5	
42471.9375	70.394	3901.5	
42477.0208333333	70.394	4590	
42470.4375	70.4270967741935	4131	
42490.1145833333	70.4347368421053	4590	
42476.3854166667	70.4573913043478	4360.5	
42477.4166666667	70.484	4590	
42487.96875	70.508	4360.5	
42483.3854166667	70.532	3213	
42471.34375	70.5325581395349	5049	
42480.0520833333	70.5820689655172	5737.5	
42478.0104166667	70.6152941176471	4131	
42485.3645833333	70.628	7573.5	
42478.5625	70.6376923076923	11245.5	
42462.6458333333	70.646	2754	
42480.6041666667	70.646	9639	
42468.4479166667	70.652	8262	
42462.6770833333	70.664	2754	
42468.84375	70.664	2983.5	
42471.9270833333	70.664	3901.5	
42477.0104166667	70.664	4590	
42490.3541666667	70.6875862068966	3442.5	
42466.4791666667	70.694	10327.5	
42487.4270833333	70.706	10557	
42490.21875	70.7105882352941	3672	
42470.9791666667	70.739	3901.5	
42478.8541666667	70.739	3901.5	
42480.8958333333	70.739	3901.5	
42471.3229166667	70.7654545454545	4819.5	
42463.53125	70.796	2295	
42490.125	70.82	4590	
42475.875	70.829	3901.5	
42481.875	70.829	12622.5	
42482.875	70.829	3213	
42471.1458333333	70.8302127659575	4131	
42469.4791666667	70.856	3442.5	
42475.5625	70.856	5737.5	
42484.8125	70.8671428571429	7344	
42483.8854166667	70.904	8950.5	
42480.0416666667	70.9079310344828	5737.5	
42471.3541666667	70.9093023255814	6426	
42462.65625	70.916	2524.5	
42480.6145833333	70.916	10327.5	
42462.6666666667	70.934	2754	
42468.8333333333	70.934	2983.5	
42471.9166666667	70.934	4360.5	
42477	70.934	4131	
42467.8541666667	70.943	4131	
42471.15625	71.06	4131	
42471.1666666667	71.06	4131	
42471.1770833333	71.06	4360.5	
42471.1875	71.06	4131	
42471.25	71.06	4819.5	
42471.2604166667	71.06	4590	
42471.2708333333	71.06	4590	
42471.28125	71.06	4819.5	
42471.2916666667	71.06	4819.5	
42471.3020833333	71.06	4590	
42471.3125	71.06	4819.5	
42471.375	71.06	6885	
42471.3854166667	71.06	8032.5	
42471.3958333333	71.06	8491.5	
42471.40625	71.06	8950.5	
42477.4270833333	71.06	4590	
42477.8333333333	71.06	4360.5	
42477.875	71.06	4360.5	
42477.8854166667	71.06	4360.5	
42477.8958333333	71.06	4360.5	
42477.90625	71.06	4360.5	
42477.9166666667	71.06	4360.5	
42477.9270833333	71.06	4360.5	
42477.9375	71.06	4360.5	
42477.9583333333	71.06	4360.5	
42477.96875	71.06	4360.5	
42477.9791666667	71.06	4131	
42478	71.06	4360.5	
42484.7916666667	71.06	7344	
42484.8020833333	71.06	7344	
42490.0833333333	71.06	4590	
42490.09375	71.06	4590	
42490.1041666667	71.06	4590	
42490.1979166667	71.06	4590	
42490.2083333333	71.06	4590	
42484.4270833333	71.102	4819.5	
42488.3854166667	71.102	7344	
42464.4791666667	71.108	6885	
42477.9895833333	71.1371428571429	4360.5	
42469.8125	71.153	3442.5	
42484.6666666667	71.165	7344	
42471.2395833333	71.18	4590	
42471.90625	71.18	3901.5	
42476.9895833333	71.18	4131	
42463.8020833333	71.192	2065.5	
42465.84375	71.192	5737.5	
42471.4166666667	71.2	10557	
42487.4375	71.201	10786.5	
42484.78125	71.2069387755102	7344	
42470.96875	71.234	3901.5	
42478.84375	71.234	3901.5	
42480.8854166667	71.234	3672	
42467.4375	71.249	5278.5	
42477.4375	71.2563636363636	4590	
42464.8333333333	71.267	4590	
42477.8645833333	71.2781818181818	4360.5	
42482.40625	71.288	7344	
42463.5416666667	71.291	2295	
42469.7083333333	71.291	3442.5	
42481.5833333333	71.291	11245.5	
42485.375	71.291	8032.5	
42471.1979166667	71.3054545454546	4131	
42469.6979166667	71.324	2983.5	
42482.8645833333	71.324	3213	
42490.3645833333	71.3393103448276	3442.5	
42471.3645833333	71.384	6426	
42484.6770833333	71.39	7344	
42465.4583333333	71.396	7573.5	
42468.4583333333	71.396	9868.5	
42490.375	71.396	3442.5	
42476.3958333333	71.3965217391304	4360.5	
42471.2291666667	71.405	4360.5	
42471.8958333333	71.405	4131	
42476.9791666667	71.405	4131	
42475.8645833333	71.444	4131	
42481.8645833333	71.444	17671.5	
42484.65625	71.444	8032.5	
42477.84375	71.46	4360.5	
42477.9479166667	71.465	4819.5	
42480.625	71.48	11475	
42484.7708333333	71.4824489795918	7344	
42487.9583333333	71.498	3442.5	
42471.4270833333	71.5	10327.5	
42477.4479166667	71.5018181818182	4590	
42483.3958333333	71.522	3213	
42477.4583333333	71.5733333333333	4590	
42469.4895833333	71.576	2983.5	
42475.5729166667	71.576	5737.5	
42484.6875	71.615	7344	
42483.875	71.624	8032.5	
42471.21875	71.63	4360.5	
42471.8854166667	71.63	4131	
42476.96875	71.63	4131	
42477.8541666667	71.6872727272727	4360.5	
42487.4479166667	71.696	11475	
42466.8229166667	71.708	4590	
42468.8229166667	71.708	2983.5	
42477.8229166667	71.7145454545454	4360.5	
42470.9583333333	71.729	3901.5	
42478.8333333333	71.729	4360.5	
42480.875	71.729	3672	
42480.03125	71.7489655172414	6655.5	
42471.4479166667	71.75	11704.5	
42484.7604166667	71.7579591836735	7344	
42463.5520833333	71.786	2295	
42469.71875	71.786	3442.5	
42481.59375	71.786	11704.5	
42485.3854166667	71.786	8262	
42471.4375	71.8	11475	
42469.6875	71.819	3442.5	
42482.8541666667	71.819	4131	
42484.6979166667	71.84	7344	
42471.2083333333	71.855	4360.5	
42471.875	71.855	4131	
42476.9583333333	71.855	4131	
42484.4375	71.867	5049	
42488.3958333333	71.867	7344	
42471.8645833333	71.87	3901.5	
42469.8020833333	71.918	3442.5	
42470.9166666667	71.96	3901.5	
42470.9270833333	71.96	3901.5	
42470.9375	71.96	3901.5	
42470.9479166667	71.96	3901.5	
42471.4583333333	71.96	12163.5	
42471.8541666667	71.96	3901.5	
42476.40625	71.96	4819.5	
42484.7395833333	71.96	7344	
42484.75	71.96	7344	
42487.9166666667	71.96	4360.5	
42487.9270833333	71.96	4819.5	
42487.9375	71.96	4360.5	
42487.9479166667	71.96	4360.5	
42490.1458333333	71.96	5049	
42490.15625	71.96	4360.5	
42490.1666666667	71.96	4590	
42490.1770833333	71.96	4590	
42490.1875	71.96	4360.5	
42470.90625	72.104	3901.5	
42476.9479166667	72.104	4360.5	
42478.8229166667	72.104	4819.5	
42480.8645833333	72.104	4131	
42465.46875	72.116	8491.5	
42468.46875	72.116	9639	
42490.3854166667	72.116	3442.5	
42480.0208333333	72.1213793103448	6196.5	
42476.4166666667	72.1337931034483	4360.5	
42467.84375	72.158	4590	
42475.8541666667	72.164	4131	
42481.8541666667	72.164	18819	
42480.6354166667	72.17	11475	
42469.5	72.191	3672	
42475.5833333333	72.191	7344	
42466.4895833333	72.224	10786.5	
42470.4479166667	72.2545454545455	3672	
42463.5625	72.281	2295	
42469.7291666667	72.281	3442.5	
42481.6041666667	72.281	11704.5	
42485.3958333333	72.281	8491.5	
42469.6770833333	72.314	3213	
42482.84375	72.314	4131	
42471.46875	72.32	12163.5	
42471.84375	72.3411764705882	4360.5	
42479.4375	72.3445454545455	8491.5	
42487.125	72.3527272727273	4131	
42483.8645833333	72.368	8721	
42487.90625	72.368	4819.5	
42464.4895833333	72.368	7803	
42470.8958333333	72.374	3901.5	
42476.9375	72.374	4360.5	
42478.8125	72.374	5278.5	
42480.8541666667	72.374	4590	
42478.5833333333	72.422	11245.5	
42482.4166666667	72.422	7803	
42487.4583333333	72.422	11934	
42479.4479166667	72.44	8491.5	
42463.7916666667	72.452	2754	
42465.8333333333	72.452	5278.5	
42480.0104166667	72.4937931034483	6655.5	
42476.4270833333	72.5062068965517	4360.5	
42483.40625	72.512	3442.5	
42478.5729166667	72.6107692307692	11475	
42480.6458333333	72.62	11245.5	
42484.4479166667	72.632	5049	
42488.40625	72.632	8262	
42470.8854166667	72.644	2983.5	
42476.9270833333	72.644	4360.5	
42478.8020833333	72.644	6196.5	
42480.84375	72.644	4590	
42477.46875	72.6733333333333	4590	
42469.7916666667	72.683	3442.5	
42469.5104166667	72.686	2983.5	
42475.59375	72.686	7114.5	
42479.4583333333	72.716	9868.5	
42464.8229166667	72.776	5049	
42463.5729166667	72.776	2524.5	
42469.7395833333	72.776	3442.5	
42481.6145833333	72.776	11704.5	
42485.40625	72.776	10098	
42469.6666666667	72.809	3442.5	
42482.8333333333	72.809	4590	
42471.4791666667	72.8109090909091	13081.5	
42471.8333333333	72.8176470588235	4819.5	
42465.4791666667	72.836	8950.5	
42468.4791666667	72.836	9868.5	
42490.3958333333	72.836	3442.5	
42480	72.8662068965517	6655.5	
42476.4375	72.8786206896552	4360.5	
42475.84375	72.884	4131	
42481.84375	72.884	16983	
42484.6354166667	72.884	7573.5	
42470.875	72.914	3442.5	
42476.9166666667	72.914	4360.5	
42478.7916666667	72.914	6655.5	
42480.8333333333	72.914	4590	
42466.8125	72.923	5049	
42468.8125	72.923	3901.5	
42477.8125	72.95	4360.5	
42484.7291666667	72.9628571428571	7344	
42467.4479166667	73.004	5737.5	
42490.0729166667	73.04	4590	
42463.5833333333	73.04	2524.5	
42463.59375	73.04	2524.5	
42463.6041666667	73.04	2524.5	
42463.6145833333	73.04	2065.5	
42469.75	73.04	3442.5	
42469.7604166667	73.04	3442.5	
42469.7708333333	73.04	3442.5	
42469.78125	73.04	3442.5	
42470.4583333333	73.04	3442.5	
42471.4895833333	73.04	12852	
42476.8958333333	73.04	4360.5	
42476.90625	73.04	4360.5	
42477.5	73.04	4131	
42477.5104166667	73.04	4131	
42477.5208333333	73.04	4131	
42477.53125	73.04	4131	
42477.5416666667	73.04	4131	
42477.5520833333	73.04	4131	
42477.5625	73.04	4131	
42479.9166666667	73.04	8262	
42479.9270833333	73.04	7803	
42479.9375	73.04	7803	
42479.9479166667	73.04	7573.5	
42479.9583333333	73.04	7573.5	
42479.96875	73.04	7114.5	
42479.9791666667	73.04	7114.5	
42479.9895833333	73.04	6655.5	
42485.4166666667	73.04	11016	
42486.1666666667	73.04	4360.5	
42486.1770833333	73.04	4590	
42486.1875	73.04	3901.5	
42486.1979166667	73.04	3442.5	
42486.2083333333	73.04	4590	
42486.21875	73.04	4590	
42486.2291666667	73.04	4590	
42486.2395833333	73.04	4819.5	
42486.25	73.04	5508	
42486.2604166667	73.04	6426	
42486.2708333333	73.04	7344	
42486.28125	73.04	7344	
42484.7083333333	73.115	7344	
42483.8541666667	73.133	9639	
42487.8958333333	73.133	4819.5	
42463.625	73.145	1606.5	
42466.5	73.145	10786.5	
42477.5833333333	73.145	4590	
42484.5833333333	73.145	6196.5	
42486.2916666667	73.145	7803	
42463.78125	73.16	2754	
42469.5729166667	73.16	3442.5	
42470.8645833333	73.16	2983.5	
42479.90625	73.16	8262	
42486.15625	73.16	3901.5	
42490.9895833333	73.16	5967	
42469.5208333333	73.181	2983.5	
42475.6041666667	73.181	7803	
42471.5	73.186511627907	13311	
42470.46875	73.2507317073171	3442.5	
42476.4479166667	73.2510344827586	4360.5	
42480.65625	73.26	10098	
42477.5729166667	73.2941176470588	4131	
42478.78125	73.304	7114.5	
42484.4583333333	73.355	5049	
42463.6354166667	73.37	2065.5	
42466.5104166667	73.37	10557	
42477.59375	73.37	4131	
42484.59375	73.37	6655.5	
42486.3020833333	73.37	8262	
42467.8333333333	73.373	5049	
42464.5	73.376	8262	
42469.5833333333	73.376	2983.5	
42483.4166666667	73.376	2524.5	
42463.7708333333	73.385	2065.5	
42469.5625	73.385	3442.5	
42470.8541666667	73.385	3442.5	
42479.8958333333	73.385	7803	
42486.1458333333	73.385	4590	
42490.9791666667	73.385	6196.5	
42477.4895833333	73.4	4131	
42478.59375	73.412	11245.5	
42482.4270833333	73.412	7344	
42487.46875	73.412	11245.5	
42469.65625	73.424	3213	
42480.8229166667	73.424	5049	
42484.5729166667	73.424	5737.5	
42471.8229166667	73.44	5278.5	
42471.5729166667	73.4558620689655	12622.5	
42471.5104166667	73.5004651162791	13081.5	
42481.625	73.502	11475	
42465.4895833333	73.556	9868.5	
42468.4895833333	73.556	10098	
42490.40625	73.556	3442.5	
42484.71875	73.565	7344	
42487.1145833333	73.5675862068966	4590	
42463.6458333333	73.595	2295	
42466.5208333333	73.595	11475	
42477.6041666667	73.595	4131	
42484.6041666667	73.595	7114.5	
42486.3125	73.595	8032.5	
42471.5625	73.5955172413793	11704.5	
42475.8333333333	73.604	4131	
42481.8333333333	73.604	11704.5	
42484.625	73.604	6655.5	
42463.7604166667	73.61	2065.5	
42469.5520833333	73.61	3442.5	
42470.84375	73.61	3442.5	
42479.8854166667	73.61	7803	
42486.1354166667	73.61	4131	
42490.96875	73.61	5967	
42469.53125	73.676	3213	
42475.6145833333	73.676	8262	
42476.8854166667	73.69	3901.5	
42465.8229166667	73.712	5278.5	
42482.8229166667	73.712	4819.5	
42477.4791666667	73.7323076923077	4131	
42471.5520833333	73.7351724137931	11245.5	
42478.7708333333	73.799	7573.5	
42485.4270833333	73.8064516129032	11475	
42488.4166666667	73.81	8721	
42471.5208333333	73.8144186046512	12393	
42463.65625	73.82	1606.5	
42466.53125	73.82	11704.5	
42477.6145833333	73.82	4131	
42484.6145833333	73.82	7114.5	
42486.3229166667	73.82	8032.5	
42463.75	73.835	2065.5	
42469.5416666667	73.835	3213	
42470.8333333333	73.835	2983.5	
42479.875	73.835	7803	
42486.125	73.835	3442.5	
42490.9583333333	73.835	5967	
42471.5416666667	73.8748275862069	11016	
42483.84375	73.898	9639	
42487.8854166667	73.898	4819.5	
42471.53125	73.94	11245.5	
42471.5833333333	73.94	12393	
42471.59375	73.94	12163.5	
42471.6041666667	73.94	11475	
42471.6145833333	73.94	11934	
42476.875	73.94	4360.5	
42486.0416666667	73.94	3442.5	
42486.0520833333	73.94	4590	
42486.0625	73.94	4590	
42486.0729166667	73.94	4360.5	
42486.0833333333	73.94	4590	
42486.09375	73.94	3672	
42486.1041666667	73.94	4131	
42486.1145833333	73.94	4131	
42486.3333333333	73.94	8032.5	
42486.34375	73.94	8032.5	
42486.3541666667	73.94	8721	
42486.3645833333	73.94	9409.5	
42487.1041666667	73.9865517241379	3442.5	
42463.6666666667	74.066	1836	
42468.5	74.066	10557	
42477.625	74.066	4131	
42486.375	74.066	10098	
42477.8020833333	74.0696	4360.5	
42479.46875	74.0730434782609	10327.5	
42463.7395833333	74.084	2065.5	
42470.8229166667	74.084	2983.5	
42486.03125	74.084	3442.5	
42490.9479166667	74.084	5967	
42464.5104166667	74.096	8721	
42469.59375	74.096	3213	
42483.4270833333	74.096	2524.5	
42476.8645833333	74.1363636363636	3901.5	
42466.8020833333	74.138	5049	
42468.8020833333	74.138	3901.5	
42469.6458333333	74.144	3213	
42480.8125	74.144	5508	
42484.5625	74.144	5737.5	
42484.4791666667	74.1684615384615	5049	
42471.8125	74.1757142857143	6196.5	
42475.8229166667	74.204	4590	
42478.7604166667	74.294	8491.5	
42465.5	74.297	9639	
42471.625	74.297	11475	
42475.625	74.297	8262	
42490.4166666667	74.297	3442.5	
42470.4791666667	74.3043902439024	3672	
42464.8125	74.306	4819.5	
42463.6770833333	74.336	2295	
42468.5104166667	74.336	10327.5	
42477.6354166667	74.336	4131	
42486.3854166667	74.336	10098	
42467.8229166667	74.348	5049	
42481.8229166667	74.348	459	
42463.7291666667	74.354	2065.5	
42470.8125	74.354	2983.5	
42486.0208333333	74.354	3672	
42490.9375	74.354	5967	
42478.6041666667	74.402	11245.5	
42482.4375	74.402	8491.5	
42487.4791666667	74.402	13311	
42487.09375	74.4055172413793	3901.5	
42466.5416666667	74.423	11704.5	
42467.4583333333	74.423	6426	
42479.8645833333	74.492	7573.5	
42481.6354166667	74.492	10786.5	
42476.8541666667	74.5045454545455	4360.5	
42463.6875	74.606	2295	
42468.5208333333	74.606	9639	
42477.6458333333	74.606	4131	
42486.3958333333	74.606	10098	
42463.71875	74.624	2065.5	
42470.8020833333	74.624	2983.5	
42486.0104166667	74.624	4131	
42490.9270833333	74.624	5967	
42483.8333333333	74.663	9868.5	
42487.875	74.663	5278.5	
42475.8125	74.699	4590	
42477.7916666667	74.7176	4360.5	
42485.4375	74.7645161290323	10786.5	
42478.75	74.789	9409.5	
42464.5208333333	74.816	8721	
42469.6041666667	74.816	2983.5	
42483.4375	74.816	2524.5	
42487.0833333333	74.8244827586207	4131	
42469.6354166667	74.864	3213	
42480.8020833333	74.864	5508	
42484.5520833333	74.864	5737.5	
42476.84375	74.8727272727273	4360.5	
42463.6979166667	74.876	1836	
42468.53125	74.876	9639	
42477.65625	74.876	4131	
42486.40625	74.876	11704.5	
42471.8020833333	74.8828571428571	6885	
42463.7083333333	74.894	1836	
42470.7916666667	74.894	2983.5	
42486	74.894	4131	
42490.9166666667	74.894	5967	
42465.8125	74.972	6196.5	
42482.8125	74.972	4819.5	
42476.4583333333	75.0061538461539	4360.5	
42476.8333333333	75.02	4360.5	
42477.75	75.02	4360.5	
42477.7604166667	75.02	4360.5	
42477.7708333333	75.02	4360.5	
42477.78125	75.02	4360.5	
42479.4791666667	75.02	10327.5	
42487	75.02	3672	
42487.0104166667	75.02	3442.5	
42487.0208333333	75.02	3672	
42487.03125	75.02	3672	
42487.0416666667	75.02	3672	
42487.0520833333	75.02	3672	
42487.0625	75.02	3672	
42487.0729166667	75.02	3672	
42489.0833333333	75.02	3442.5	
42489.09375	75.02	3442.5	
42489.0416666667	75.041724137931	3442.5	
42465.5104166667	75.062	9639	
42471.6354166667	75.062	11704.5	
42475.6354166667	75.062	8721	
42490.4270833333	75.062	2983.5	
42489.0520833333	75.088275862069	3442.5	
42486.9895833333	75.092	3672	
42467.8125	75.113	5508	
42481.8125	75.113	-1606.5	
42479.4895833333	75.12	10098	
42477.6666666667	75.125	4131	
42480.6666666667	75.125	10557	
42486.4166666667	75.125	11934	
42478.7083333333	75.1325	11016	
42489.0625	75.1348275862069	3442.5	
42477.7395833333	75.14	4360.5	
42485.9895833333	75.14	3672	
42489.03125	75.14	2983.5	
42478.7395833333	75.18	10557	
42489.0729166667	75.1813793103448	2983.5	
42475.8020833333	75.194	5049	
42486.9791666667	75.22625	3442.5	
42468.5416666667	75.251	9409.5	
42470.78125	75.284	2983.5	
42476.8229166667	75.284	3901.5	
42490.90625	75.284	5967	
42489.1041666667	75.2927272727273	3442.5	
42484.4895833333	75.3107692307692	4590	
42488.4270833333	75.3114285714286	8721	
42477.6770833333	75.35	4131	
42480.6770833333	75.35	10557	
42486.4270833333	75.35	12622.5	
42466.7916666667	75.353	5278.5	
42468.7916666667	75.353	4131	
42470.4895833333	75.3580487804878	3442.5	
42477.7291666667	75.365	4360.5	
42485.9791666667	75.365	3672	
42489.0208333333	75.365	3442.5	
42485.9479166667	75.3862068965517	3442.5	
42486.90625	75.3862068965517	2754	
42486.9479166667	75.3862068965517	3442.5	
42478.6145833333	75.392	11704.5	
42482.4479166667	75.392	9409.5	
42487.4895833333	75.392	12852	
42487.8645833333	75.428	5278.5	
42466.5520833333	75.458	11245.5	
42467.46875	75.458	6885	
42478.7291666667	75.48	11245.5	
42481.6458333333	75.482	11475	
42490.03125	75.5	4819.5	
42486.96875	75.5075	2983.5	
42479.8541666667	75.527	8032.5	
42464.53125	75.536	9180	
42469.6145833333	75.536	3672	
42483.4479166667	75.536	2524.5	
42485.4479166667	75.541052631579	11016	
42483.8229166667	75.548	9868.5	
42477.6875	75.575	4360.5	
42480.6875	75.575	11016	
42486.4375	75.575	12852	
42469.625	75.584	2983.5	
42480.7916666667	75.584	6426	
42484.5416666667	75.584	5278.5	
42471.7916666667	75.59	7344	
42477.71875	75.59	4131	
42485.96875	75.59	3442.5	
42489.0104166667	75.59	3442.5	
42475.7916666667	75.689	5049	
42489.1145833333	75.7018181818182	3442.5	
42468.5520833333	75.746	9868.5	
42470.7708333333	75.779	2983.5	
42476.8125	75.779	3442.5	
42490.8958333333	75.779	5967	
42478.71875	75.78	11475	
42486.9583333333	75.78875	2983.5	
42477.6979166667	75.8	4360.5	
42480.6979166667	75.8	11016	
42486.4479166667	75.8	12852	
42477.7083333333	75.815	4131	
42485.9583333333	75.815	3442.5	
42489	75.815	3672	
42465.5208333333	75.827	9868.5	
42471.6458333333	75.827	12393	
42475.6458333333	75.827	8721	
42490.4375	75.827	2983.5	
42464.8020833333	75.836	5278.5	
42485.9375	75.851724137931	2983.5	
42486.8958333333	75.851724137931	3213	
42486.9375	75.851724137931	3442.5	
42467.8020833333	75.878	5278.5	
42481.8020833333	75.878	-1836	
42471.7395833333	75.92	9639	
42471.75	75.92	9639	
42471.7604166667	75.92	8491.5	
42471.7708333333	75.92	7573.5	
42471.78125	75.92	7114.5	
42478.625	75.92	11475	
42478.6354166667	75.92	11245.5	
42478.6458333333	75.92	11704.5	
42478.65625	75.92	11704.5	
42478.6666666667	75.92	12393	
42478.6770833333	75.92	12163.5	
42478.6875	75.92	11475	
42478.6979166667	75.92	11245.5	
42484.5	75.92	5278.5	
42484.5104166667	75.92	5278.5	
42484.5208333333	75.92	5278.5	
42485.4583333333	75.92	11475	
42490.0416666667	75.92	4819.5	
42490.0520833333	75.92	4590	
42490.0625	75.92	4590	
42464.5416666667	76.046	9409.5	
42480.7083333333	76.046	11016	
42489.125	76.046	3672	
42479.5	76.0503448275862	11245.5	
42468.78125	76.064	5049	
42471.6979166667	76.064	11245.5	
42480.78125	76.064	6885	
42488.9895833333	76.064	3442.5	
42470.5	76.172	3213	
42482.4583333333	76.172	10557	
42483.4583333333	76.172	2754	
42486.4583333333	76.172	12852	
42487.5	76.172	11475	
42487.8541666667	76.193	5737.5	
42466.78125	76.208	6196.5	
42475.78125	76.208	6426	
42465.8020833333	76.232	6426	
42482.8020833333	76.232	5278.5	
42468.5625	76.241	10327.5	
42470.7604166667	76.274	2983.5	
42476.8020833333	76.274	3901.5	
42490.8854166667	76.274	5967	
42464.5520833333	76.316	9639	
42480.71875	76.316	9868.5	
42489.1354166667	76.316	3442.5	
42485.9270833333	76.3172413793103	2983.5	
42486.8854166667	76.3172413793103	3213	
42486.9270833333	76.3172413793103	2983.5	
42479.5104166667	76.3296551724138	11475	
42476.46875	76.3336170212766	4360.5	
42468.7708333333	76.334	5967	
42471.6875	76.334	11704.5	
42480.7708333333	76.334	7344	
42488.9791666667	76.334	3442.5	
42488.4375	76.4042857142857	8262	
42471.7083333333	76.4413793103448	10786.5	
42481.65625	76.472	11475	
42466.5625	76.493	11245.5	
42467.4791666667	76.493	7344	
42483.8125	76.538	9639	
42479.84375	76.562	8032.5	
42464.5625	76.586	10098	
42480.7291666667	76.586	9180	
42489.1458333333	76.586	3442.5	
42465.53125	76.592	9868.5	
42471.65625	76.592	12393	
42475.65625	76.592	9639	
42490.4479166667	76.592	2983.5	
42468.7604166667	76.604	6885	
42471.6770833333	76.604	12393	
42480.7604166667	76.604	7114.5	
42488.96875	76.604	4360.5	
42479.5208333333	76.6089655172414	11475	
42467.7916666667	76.643	6655.5	
42481.7916666667	76.643	-1147.5	
42470.5104166667	76.712	3213	
42482.46875	76.712	10327.5	
42483.46875	76.712	2754	
42486.46875	76.712	12852	
42487.5104166667	76.712	10786.5	
42468.5729166667	76.736	10327.5	
42466.7708333333	76.748	6655.5	
42475.7708333333	76.748	6196.5	
42471.7291666667	76.7507692307692	10786.5	
42470.75	76.769	2983.5	
42476.7916666667	76.769	4131	
42490.875	76.769	5967	
42485.9166666667	76.7827586206897	3442.5	
42486.875	76.7827586206897	2983.5	
42486.9166666667	76.7827586206897	3442.5	
42464.5729166667	76.856	10557	
42480.7395833333	76.856	8491.5	
42489.15625	76.856	3672	
42468.75	76.874	7803	
42471.6666666667	76.874	13311	
42480.75	76.874	7573.5	
42488.9583333333	76.874	4819.5	
42479.53125	76.888275862069	11245.5	
42487.84375	76.958	5737.5	
42468.5833333333	77	10327.5	
42468.59375	77	11934	
42468.6041666667	77	12393	
42468.6145833333	77	11475	
42468.7083333333	77	11016	
42468.71875	77	10786.5	
42468.7291666667	77	10327.5	
42468.7395833333	77	8950.5	
42475.6666666667	77	10098	
42475.6770833333	77	9868.5	
42475.6875	77	10098	
42475.6979166667	77	9868.5	
42479.5416666667	77	11704.5	
42489.28125	77	7803	
42489.2916666667	77	7803	
42489.3020833333	77	8262	
42489.3125	77	8491.5	
42489.3229166667	77	8491.5	
42489.3333333333	77	8721	
42489.34375	77	9639	
42489.3541666667	77	9639	
42489.3645833333	77	10098	
42489.9791666667	77	3442.5	
42489.9895833333	77	3442.5	
42490	77	3442.5	
42490.0104166667	77	2754	
42490.0208333333	77	-4590	
42476.4791666667	77.0229787234043	3901.5	
42489.96875	77.0469565217391	3442.5	
42475.7083333333	77.126	9639	
42481.6666666667	77.126	11016	
42489.1666666667	77.142641509434	3442.5	
42476.78125	77.144	3672	
42481.78125	77.144	-918	
42485.46875	77.144	11475	
42488.9479166667	77.144	4819.5	
42489.2708333333	77.1506976744186	7344	
42464.5833333333	77.231	11704.5	
42468.625	77.231	11475	
42489.375	77.231	10557	
42470.5208333333	77.252	3442.5	
42482.4791666667	77.252	10557	
42483.4791666667	77.252	2754	
42486.4791666667	77.252	12852	
42487.5208333333	77.252	10786.5	
42468.6979166667	77.264	11245.5	
42470.7395833333	77.264	2983.5	
42485.90625	77.264	3442.5	
42486.8645833333	77.264	4131	
42466.7604166667	77.288	7114.5	
42475.7604166667	77.288	6885	
42465.5416666667	77.357	9639	
42490.4583333333	77.357	2983.5	
42475.71875	77.396	9639	
42481.6770833333	77.396	11704.5	
42476.7708333333	77.414	3672	
42481.7708333333	77.414	-918	
42488.9375	77.414	4590	
42489.1770833333	77.4483018867925	3672	
42465.7916666667	77.492	6885	
42482.7916666667	77.492	6196.5	
42488.4479166667	77.4971428571429	9868.5	
42489.2604166667	77.5274418604651	6885	
42466.5729166667	77.528	12622.5	
42467.4895833333	77.528	7344	
42483.8020833333	77.528	9639	
42490.8645833333	77.528	5508	
42479.5520833333	77.5321739130435	10786.5	
42471.71875	77.5586206896552	10786.5	
42479.8333333333	77.597	8032.5	
42475.7291666667	77.666	8950.5	
42481.6875	77.666	11475	
42467.78125	77.672	7114.5	
42476.7604166667	77.684	3672	
42481.7604166667	77.684	229.5	
42488.9270833333	77.684	5278.5	
42476.4895833333	77.7123404255319	3901.5	
42487.8333333333	77.723	6655.5	
42464.59375	77.726	13081.5	
42468.6354166667	77.726	11704.5	
42489.3854166667	77.726	11475	
42489.9583333333	77.7513043478261	2983.5	
42489.1875	77.7539622641509	3672	
42468.6875	77.759	12852	
42470.7291666667	77.759	2983.5	
42485.8958333333	77.759	3442.5	
42486.8541666667	77.759	4131	
42470.53125	77.792	2983.5	
42482.4895833333	77.792	10557	
42483.4895833333	77.792	2295	
42486.4895833333	77.792	12852	
42487.53125	77.792	9868.5	
42466.75	77.828	7573.5	
42475.75	77.828	7803	
42489.25	77.9041860465116	6426	
42475.7395833333	77.936	8950.5	
42481.6979166667	77.936	11475	
42476.75	77.954	3213	
42481.75	77.954	1836	
42488.9166666667	77.954	5049	
42489.1979166667	78.0596226415094	4131	
42476.7083333333	78.08	2983.5	
42476.71875	78.08	3213	
42476.7291666667	78.08	3672	
42476.7395833333	78.08	3213	
42481.7083333333	78.08	11704.5	
42481.71875	78.08	10786.5	
42481.7291666667	78.08	9868.5	
42481.7395833333	78.08	5049	
42482.5	78.08	11475	
42482.5104166667	78.08	11245.5	
42482.5208333333	78.08	11016	
42482.53125	78.08	9868.5	
42483.5	78.08	2524.5	
42483.5104166667	78.08	2524.5	
42483.5208333333	78.08	2983.5	
42483.53125	78.08	2983.5	
42485.4791666667	78.08	11934	
42485.4895833333	78.08	12852	
42489.2083333333	78.08	3672	
42489.21875	78.08	4360.5	
42489.2291666667	78.08	5508	
42489.2395833333	78.08	5967	
42489.875	78.08	4131	
42489.8854166667	78.08	3213	
42489.8958333333	78.08	2754	
42489.90625	78.08	3442.5	
42489.9166666667	78.08	3442.5	
42489.9270833333	78.08	3442.5	
42489.9375	78.08	2983.5	
42489.9479166667	78.08	2983.5	
42465.5520833333	78.122	9868.5	
42490.46875	78.122	3442.5	
42466.5833333333	78.185	12622.5	
42467.5	78.185	7803	
42470.5416666667	78.185	2983.5	
42476.625	78.185	2983.5	
42482.5416666667	78.185	10098	
42483.5416666667	78.185	2524.5	
42466.7395833333	78.2	8491.5	
42476.6979166667	78.2	2983.5	
42479.8229166667	78.2	8491.5	
42482.78125	78.2	7114.5	
42488.90625	78.2	5049	
42489.8645833333	78.2	4131	
42464.6041666667	78.221	13311	
42468.6458333333	78.221	11704.5	
42489.3958333333	78.221	10557	
42468.6770833333	78.254	12622.5	
42470.71875	78.254	2983.5	
42485.8854166667	78.254	3442.5	
42486.84375	78.254	4590	
42476.5	78.311	3901.5	
42487.5416666667	78.311	10098	
42465.78125	78.344	6885	
42466.59375	78.41	13311	
42467.5104166667	78.41	8262	
42470.5520833333	78.41	2983.5	
42476.6354166667	78.41	3442.5	
42482.5520833333	78.41	9639	
42483.5520833333	78.41	2524.5	
42466.7291666667	78.425	9639	
42476.6875	78.425	2983.5	
42479.8125	78.425	8032.5	
42482.7708333333	78.425	7114.5	
42488.8958333333	78.425	5508	
42489.8541666667	78.425	4590	
42476.6145833333	78.464	3442.5	
42486.5	78.4832	12852	
42483.7916666667	78.518	9639	
42490.8541666667	78.518	5967	
42479.5625	78.53	10786.5	
42488.4583333333	78.542	10327.5	
42485.5	78.56	12622.5	
42487.8229166667	78.608	6655.5	
42466.6041666667	78.635	13311	
42467.5208333333	78.635	8721	
42470.5625	78.635	2983.5	
42476.6458333333	78.635	3901.5	
42482.5625	78.635	10327.5	
42483.5625	78.635	2524.5	
42466.71875	78.65	10786.5	
42476.6770833333	78.65	2983.5	
42479.8020833333	78.65	8950.5	
42482.7604166667	78.65	7573.5	
42488.8854166667	78.65	6426	
42489.84375	78.65	5049	
42464.6145833333	78.716	13311	
42468.65625	78.716	11704.5	
42489.40625	78.716	11245.5	
42468.6666666667	78.749	11704.5	
42470.7083333333	78.749	2983.5	
42485.875	78.749	3442.5	
42486.8333333333	78.749	5508	
42476.5104166667	78.806	3901.5	
42487.5520833333	78.806	11245.5	
42489.8229166667	78.8284210526316	5967	
42464.7708333333	78.839	7114.5	
42465.7708333333	78.839	6885	
42466.6145833333	78.86	13081.5	
42467.53125	78.86	8721	
42470.5729166667	78.86	3213	
42476.65625	78.86	3901.5	
42482.5729166667	78.86	10327.5	
42483.5729166667	78.86	2524.5	
42466.7083333333	78.875	11475	
42476.6666666667	78.875	2983.5	
42479.7916666667	78.875	9180	
42482.75	78.875	8491.5	
42488.875	78.875	6885	
42489.8333333333	78.875	5508	
42465.5625	78.887	10327.5	
42490.4791666667	78.887	3672	
42489.8125	78.8994736842105	6426	
42467.7708333333	78.932	7573.5	
42489.8020833333	78.9705263157895	6885	
42464.625	78.98	12622.5	
42464.6354166667	78.98	12163.5	
42464.6458333333	78.98	13081.5	
42464.65625	78.98	12852	
42489.4166666667	78.98	11934	
42489.7708333333	79.0781818181818	8262	
42464.6666666667	79.106	13081.5	
42466.625	79.106	12622.5	
42470.5833333333	79.106	3213	
42482.5833333333	79.106	10098	
42483.5833333333	79.106	3213	
42466.6979166667	79.124	10786.5	
42479.6979166667	79.124	11016	
42482.7395833333	79.124	9639	
42483.78125	79.124	9639	
42485.8645833333	79.124	3213	
42476.6041666667	79.184	3672	
42479.7083333333	79.211	10786.5	
42479.78125	79.244	9409.5	
42486.8229166667	79.244	6655.5	
42488.8645833333	79.244	6885	
42476.5208333333	79.301	3901.5	
42487.5625	79.301	10786.5	
42464.7604166667	79.334	8491.5	
42465.7604166667	79.334	7114.5	
42467.5416666667	79.337	9180	
42486.5104166667	79.3472	12852	
42464.6770833333	79.376	12622.5	
42466.6354166667	79.376	12393	
42470.59375	79.376	3213	
42482.59375	79.376	11245.5	
42483.59375	79.376	2754	
42470.6979166667	79.388	2983.5	
42466.6875	79.394	10786.5	
42479.6875	79.394	11016	
42482.7291666667	79.394	11245.5	
42483.7708333333	79.394	8950.5	
42485.8541666667	79.394	4131	
42490.84375	79.508	5967	
42479.5729166667	79.5278260869565	10327.5	
42488.46875	79.532	10098	
42485.5104166667	79.5885714285714	11475	
42487.8125	79.598	6426	
42464.6875	79.646	11934	
42466.6458333333	79.646	12393	
42470.6041666667	79.646	2983.5	
42482.6041666667	79.646	11245.5	
42483.6041666667	79.646	2754	
42489.78125	79.6485714285714	7803	
42465.5729166667	79.652	10327.5	
42490.4895833333	79.652	3442.5	
42466.6770833333	79.664	11245.5	
42479.6770833333	79.664	11475	
42482.71875	79.664	11245.5	
42483.7604166667	79.664	8032.5	
42485.84375	79.664	4131	
42489.7916666667	79.682	7344	
42479.71875	79.706	10327.5	
42479.7708333333	79.739	9409.5	
42486.8125	79.739	7114.5	
42488.8541666667	79.739	7344	
42476.53125	79.796	3901.5	
42487.5729166667	79.796	10786.5	
42489.7604166667	79.8145454545455	8721	
42464.75	79.829	8950.5	
42465.75	79.829	7573.5	
42476.59375	79.904	3672	
42466.65625	79.916	11704.5	
42470.6145833333	79.916	3442.5	
42482.6145833333	79.916	11704.5	
42483.6145833333	79.916	2983.5	
42466.6666666667	79.934	11245.5	
42479.6666666667	79.934	10786.5	
42482.7083333333	79.934	11704.5	
42483.75	79.934	7114.5	
42485.8333333333	79.934	4590	
42464.7083333333	80.06	13311	
42464.7291666667	80.06	10557	
42465.5833333333	80.06	10557	
42465.59375	80.06	11934	
42465.6041666667	80.06	11704.5	
42465.6145833333	80.06	11475	
42482.625	80.06	11245.5	
42482.6354166667	80.06	11245.5	
42482.6458333333	80.06	11245.5	
42482.65625	80.06	11016	
42482.6666666667	80.06	11016	
42482.6770833333	80.06	12622.5	
42482.6875	80.06	12163.5	
42482.6979166667	80.06	12163.5	
42483.625	80.06	2983.5	
42483.6354166667	80.06	2983.5	
42483.6458333333	80.06	2983.5	
42483.65625	80.06	2983.5	
42489.4270833333	80.06	12852	
42489.75	80.06	8721	
42467.5520833333	80.102	9639	
42470.6875	80.153	2983.5	
42465.625	80.165	10557	
42476.5416666667	80.165	3901.5	
42479.5833333333	80.165	11704.5	
42483.6666666667	80.165	2983.5	
42490.5	80.165	3213	
42465.7395833333	80.18	8491.5	
42479.65625	80.18	11475	
42483.7395833333	80.18	5967	
42467.7604166667	80.192	8491.5	
42479.7291666667	80.201	9868.5	
42486.5208333333	80.2112	13081.5	
42479.7604166667	80.234	9409.5	
42486.8020833333	80.234	6885	
42488.84375	80.234	7803	
42470.625	80.291	2983.5	
42487.5833333333	80.291	10098	
42489.4375	80.3511764705882	12622.5	
42465.6354166667	80.39	10098	
42476.5520833333	80.39	3442.5	
42479.59375	80.39	12622.5	
42483.6770833333	80.39	2983.5	
42490.5104166667	80.39	3213	
42465.7291666667	80.405	9639	
42479.6458333333	80.405	11704.5	
42483.7291666667	80.405	5508	
42485.8229166667	80.444	5049	
42490.8333333333	80.498	6196.5	
42488.4791666667	80.522	10557	
42487.8020833333	80.588	6885	
42465.6458333333	80.615	11016	
42476.5625	80.615	3442.5	
42479.6041666667	80.615	11475	
42483.6875	80.615	2983.5	
42490.5208333333	80.615	3672	
42485.5208333333	80.6171428571429	11475	
42476.5833333333	80.624	3672	
42465.71875	80.63	10786.5	
42479.6354166667	80.63	12622.5	
42483.71875	80.63	5049	
42479.7395833333	80.696	9868.5	
42479.75	80.729	9868.5	
42486.7916666667	80.729	6885	
42488.8333333333	80.729	8721	
42489.4479166667	80.7482352941176	12163.5	
42489.7395833333	80.78	9639	
42470.6354166667	80.786	2983.5	
42487.59375	80.786	11016	
42465.65625	80.84	11016	
42476.5729166667	80.84	3672	
42479.6145833333	80.84	11016	
42483.6979166667	80.84	2983.5	
42490.53125	80.84	3672	
42465.7083333333	80.855	11704.5	
42479.625	80.855	11704.5	
42483.7083333333	80.855	3901.5	
42467.5625	80.867	10098	
42470.6770833333	80.918	2983.5	
42465.6666666667	80.96	11016	
42465.6770833333	80.96	11016	
42465.6875	80.96	11245.5	
42465.6979166667	80.96	11245.5	
42485.53125	80.96	11934	
42489.7291666667	80.9884210526316	9868.5	
42485.8125	81.164	5508	
42485.5416666667	81.191	11475	
42490.5416666667	81.191	3213	
42486.5520833333	81.268	11016	
42470.6458333333	81.281	3213	
42487.6041666667	81.281	11475	
42488.8229166667	81.368	9409.5	
42490.8229166667	81.368	5508	
42486.53125	81.3714285714286	11245.5	
42489.71875	81.4147368421053	11016	
42467.75	81.452	8950.5	
42486.78125	81.488	7344	
42488.4895833333	81.512	11016	
42487.7916666667	81.578	6885	
42467.5729166667	81.632	10557	
42489.4583333333	81.6472727272727	12163.5	
42470.6666666667	81.683	2754	
42485.5520833333	81.686	11475	
42490.5520833333	81.686	3672	
42470.65625	81.776	2754	
42487.6145833333	81.776	9868.5	
42489.7083333333	81.8410526315789	11016	
42485.8020833333	81.884	6426	
42486.5625	81.928	13081.5	
42467.7083333333	82.04	13081.5	
42467.71875	82.04	12393	
42467.7291666667	82.04	10557	
42467.7395833333	82.04	9409.5	
42486.5416666667	82.04	11245.5	
42488.8125	82.133	9868.5	
42490.8125	82.133	6196.5	
42467.5833333333	82.145	10557	
42487.625	82.145	9868.5	
42467.6979166667	82.16	13540.5	
42487.78125	82.16	7344	
42485.5625	82.181	11475	
42490.5625	82.181	3672	
42488.5	82.271	11475	
42467.59375	82.37	10557	
42487.6354166667	82.37	9409.5	
42467.6875	82.385	13081.5	
42487.7708333333	82.385	7803	
42486.7708333333	82.478	7803	
42489.4895833333	82.4875675675676	11934	
42486.5729166667	82.588	13081.5	
42467.6041666667	82.595	11475	
42487.6458333333	82.595	10098	
42485.7916666667	82.604	6885	
42467.6770833333	82.61	12622.5	
42487.7604166667	82.61	7573.5	
42489.6979166667	82.64	11475	
42485.5729166667	82.676	11475	
42490.5729166667	82.676	3672	
42489.4791666667	82.7064864864865	11016	
42488.5104166667	82.766	10557	
42467.6145833333	82.82	11934	
42487.65625	82.82	11704.5	
42467.6666666667	82.835	11704.5	
42487.75	82.835	9180	
42488.8020833333	82.898	9868.5	
42490.8020833333	82.898	5508	
42489.46875	82.9254054054054	11016	
42467.625	82.94	12163.5	
42467.6354166667	82.94	11934	
42467.6458333333	82.94	11704.5	
42467.65625	82.94	11016	
42487.6666666667	82.94	12622.5	
42487.6770833333	82.94	11475	
42487.6875	82.94	11016	
42487.6979166667	82.94	11016	
42487.7083333333	82.94	10327.5	
42487.71875	82.94	10327.5	
42487.7291666667	82.94	10786.5	
42487.7395833333	82.94	9868.5	
42489.5	82.94	11934	
42489.5104166667	82.94	11475	
42489.5208333333	82.94	12163.5	
42489.53125	82.94	11475	
42490.5833333333	83.066	3213	
42486.5833333333	83.171	12622.5	
42489.6875	83.1875	11016	
42488.5208333333	83.261	10098	
42489.5416666667	83.2686956521739	12393	
42485.5833333333	83.297	11475	
42490.59375	83.336	3213	
42485.78125	83.348	6655.5	
42486.7604166667	83.468	7573.5	
42489.6770833333	83.525	11016	
42490.6041666667	83.606	3672	
42488.7916666667	83.663	10327.5	
42490.7916666667	83.663	5508	
42486.59375	83.666	11704.5	
42488.53125	83.756	9868.5	
42489.6666666667	83.8625	10557	
42490.6145833333	83.876	3442.5	
42489.5520833333	83.9730434782609	11245.5	
42489.5625	84.02	10327.5	
42489.5729166667	84.02	9868.5	
42490.625	84.02	3213	
42490.6354166667	84.02	3901.5	
42490.6458333333	84.02	3672	
42490.65625	84.02	3672	
42485.59375	84.062	11704.5	
42485.7708333333	84.113	7344	
42490.78125	84.14	5508	
42486.6041666667	84.161	12393	
42488.5416666667	84.251	9868.5	
42489.5833333333	84.251	11016	
42490.6666666667	84.251	4590	
42488.78125	84.284	10327.5	
42489.65625	84.284	10786.5	
42490.7708333333	84.365	5278.5	
42486.75	84.458	8491.5	
42490.7604166667	84.59	5508	
42486.6145833333	84.656	12622.5	
42488.5520833333	84.746	10098	
42489.59375	84.746	11475	
42490.6770833333	84.746	4819.5	
42488.7708333333	84.779	10327.5	
42489.6458333333	84.779	11245.5	
42490.75	84.815	5737.5	
42485.6041666667	84.827	12622.5	
42485.7604166667	84.878	7573.5	
42486.625	84.92	12393	
42486.6354166667	84.92	12393	
42486.6458333333	84.92	12393	
42486.65625	84.92	12163.5	
42486.6666666667	84.92	11704.5	
42486.6770833333	84.92	10786.5	
42486.6875	84.92	12622.5	
42486.6979166667	84.92	12852	
42486.7083333333	84.92	12163.5	
42486.71875	84.92	10786.5	
42486.7291666667	84.92	9409.5	
42486.7395833333	84.92	8950.5	
42490.7395833333	85.064	5737.5	
42488.5625	85.241	10327.5	
42489.6041666667	85.241	11475	
42490.6875	85.241	4590	
42488.7604166667	85.274	9639	
42489.6354166667	85.274	12163.5	
42490.7291666667	85.334	5508	
42485.6145833333	85.592	12852	
42490.71875	85.604	5278.5	
42485.75	85.643	8721	
42488.5729166667	85.736	11245.5	
42489.6145833333	85.736	11245.5	
42490.6979166667	85.736	4819.5	
42488.75	85.769	10098	
42489.625	85.769	11245.5	
42490.7083333333	85.874	4819.5	
42485.625	86.126	13081.5	
42488.5833333333	86.126	10327.5	
42485.7395833333	86.144	9180	
42488.7395833333	86.144	10098	
42485.6354166667	86.396	13081.5	
42488.59375	86.396	10786.5	
42485.7291666667	86.414	9639	
42488.7291666667	86.414	10098	
42485.6458333333	86.666	12852	
42488.6041666667	86.666	9868.5	
42485.71875	86.684	11245.5	
42488.71875	86.684	10327.5	
42485.65625	86.936	12393	
42488.6145833333	86.936	9409.5	
42485.7083333333	86.954	11934	
42488.7083333333	86.954	9639	
42485.6666666667	87.08	11245.5	
42485.6770833333	87.08	10786.5	
42485.6875	87.08	10786.5	
42485.6979166667	87.08	11475	
42488.625	87.08	9639	
42488.6354166667	87.08	9409.5	
42488.6458333333	87.08	9409.5	
42488.65625	87.08	9639	
42488.6666666667	87.08	9639	
42488.6770833333	87.08	9639	
42488.6875	87.08	9639	
42488.6979166667	87.08	9868.5	
