Date	OADryBulbTemperatureNOAA	MaxDamperPositionforContainerAHU22	
42461.9895833333	47.204	27.6	
42461.9791666667	47.699	28	
42467.2083333333	48.125	27.6	
42467.2916666667	48.125	27.6	
42467.28125	48.14	27.6	
42461.96875	48.194	28	
42467.1979166667	48.284	28	
42467.21875	48.35	28	
42467.3020833333	48.35	27.2	
42467.2708333333	48.365	28	
42467.2291666667	48.575	28	
42467.3125	48.575	27.2	
42467.2604166667	48.59	28.4	
42461.9583333333	48.689	27.6	
42467.1875	48.779	28	
42467.2395833333	48.8	28.4	
42467.3229166667	48.8	28	
42467.25	48.815	27.6	
42461.9166666667	48.92	28	
42461.9270833333	48.92	28.4	
42461.9375	48.92	28	
42461.9479166667	48.92	28	
42461.90625	49.208	28	
42467.1770833333	49.274	27.2	
42461.8958333333	49.748	27.6	
42467.1666666667	49.769	28	
42467.3333333333	50.096	27.6	
42464.28125	50.144	28.4	
42464.2916666667	50.231	28	
42467.15625	50.264	27.6	
42461.8854166667	50.288	28.8	
42464.2708333333	50.414	28.8	
42464.2604166667	50.684	28	
42464.3020833333	50.726	28.4	
42467.1458333333	50.759	28.4	
42461.875	50.828	27.6	
42464.25	50.954	28	
42467.0833333333	51.185	27.2	
42464.2395833333	51.2	28	
42464.3125	51.221	28	
42467.1354166667	51.254	27.2	
42461.8645833333	51.344	28.4	
42467.09375	51.41	28.4	
42464.2291666667	51.425	27.6	
42467.0729166667	51.464	27.6	
42467.1041666667	51.635	28.8	
42464.21875	51.65	27.6	
42464.3229166667	51.716	28.4	
42467.125	51.749	28.4	
42461.8541666667	51.839	28	
42467.1145833333	51.86	28	
42464.2083333333	51.875	28	
42464.1666666667	51.98	28.4	
42464.1770833333	51.98	28	
42464.1875	51.98	28	
42464.1979166667	51.98	28.4	
42465.25	51.98	27.6	
42465.2604166667	51.98	27.6	
42465.2708333333	51.98	27.6	
42465.28125	51.98	27.6	
42465.2916666667	51.98	28.4	
42465.3020833333	51.98	27.6	
42465.3125	51.98	27.2	
42465.3229166667	51.98	27.6	
42467.0625	52.184	28.8	
42464.15625	52.244	28	
42465.2395833333	52.244	28	
42461.84375	52.334	27.6	
42464.3333333333	52.568	28.4	
42467.34375	52.616	28	
42465.3333333333	52.673	27.6	
42464.1458333333	52.739	28	
42465.2291666667	52.739	28	
42461.8333333333	52.829	28.4	
42467.0520833333	52.904	27.6	
42461.7916666667	53.06	28.8	
42461.8020833333	53.06	28.4	
42461.8125	53.06	28.4	
42461.8229166667	53.06	27.6	
42465.21875	53.234	28	
42461.78125	53.324	28.4	
42467.0416666667	53.624	28	
42464.125	53.729	28.8	
42465.2083333333	53.729	28	
42461.7708333333	53.819	28.4	
42464.34375	53.828	28	
42464.0833333333	53.96	28	
42464.09375	53.96	28.4	
42464.1041666667	53.96	28	
42464.1145833333	53.96	27.6	
42461.7083333333	54.086	38.4	
42465.34375	54.158	28	
42461.6979166667	54.224	39.2	
42465.1979166667	54.224	27.6	
42461.7604166667	54.314	28.4	
42461.71875	54.356	36.8	
42467.03125	54.368	28.8	
42464.0729166667	54.488	28	
42461.7291666667	54.626	33.6	
42461.6875	54.719	38.4	
42465.1875	54.719	28	
42461.75	54.809	29.6	
42461.7395833333	54.896	32	
42464.3541666667	55.088	27.6	
42467.0208333333	55.133	28.4	
42467.3541666667	55.136	28	
42461.6770833333	55.214	38.8	
42465.1770833333	55.214	27.6	
42475.2395833333	55.4385714285714	28	
42464.0625	55.478	28	
42475.2291666667	55.5832142857143	29.2	
42465.3541666667	55.643	27.6	
42461.6666666667	55.709	38.4	
42465.1666666667	55.709	27.6	
42475.21875	55.7278571428571	28.4	
42475.2083333333	55.8725	28.4	
42467.0104166667	55.898	28	
42465.125	55.94	28	
42465.1354166667	55.94	27.6	
42465.1458333333	55.94	28	
42465.15625	55.94	27.6	
42475.25	55.94	28	
42475.3020833333	55.94	27.6	
42475.3125	55.94	28	
42475.3229166667	55.94	28	
42468.0833333333	56.066	28.4	
42461.65625	56.084	38.4	
42466.1979166667	56.084	27.2	
42475.1979166667	56.084	28	
42475.3333333333	56.0920689655172	27.6	
42465.1145833333	56.204	28	
42475.2604166667	56.3194594594595	28.8	
42468.09375	56.336	28.4	
42461.6458333333	56.354	38	
42466.1875	56.354	27.2	
42475.1875	56.354	28.4	
42466.2083333333	56.36	27.6	
42475.34375	56.4179310344828	28	
42464.0520833333	56.468	28	
42468.0729166667	56.492	27.6	
42466.25	56.57	27.2	
42468.1041666667	56.606	27.6	
42461.6354166667	56.624	38.4	
42466.1770833333	56.624	27.6	
42475.1770833333	56.624	28	
42467	56.663	28.4	
42465.1041666667	56.699	28	
42475.3541666667	56.7437931034483	28	
42475.2708333333	56.7572972972973	28.8	
42468.1145833333	56.876	28	
42461.625	56.894	39.2	
42466.1666666667	56.894	27.6	
42475.1666666667	56.894	28	
42461.3229166667	57.02	27.2	
42466.2604166667	57.02	27.6	
42466.2708333333	57.02	27.6	
42466.28125	57.02	27.6	
42466.2916666667	57.02	27.2	
42468.125	57.02	28.4	
42468.1458333333	57.02	28	
42468.15625	57.02	28	
42475.2916666667	57.02	27.6	
42466.21875	57.0384615384615	28	
42475.3645833333	57.0696551724138	28	
42466.2291666667	57.1076923076923	28	
42475.28125	57.11	28	
42468.1666666667	57.125	28.4	
42465.3645833333	57.128	28.4	
42466.9895833333	57.14	28	
42474.28125	57.14	28.8	
42466.2395833333	57.1769230769231	27.6	
42465.09375	57.194	28	
42461.3125	57.2114893617021	28	
42475.15625	57.284	28.8	
42468.1770833333	57.35	28	
42466.9791666667	57.365	28	
42474.2708333333	57.365	29.2	
42466.15625	57.428	27.6	
42464.0416666667	57.458	28.4	
42461.3020833333	57.4987234042553	28	
42474.2916666667	57.5046153846154	28.8	
42468.0625	57.527	27.6	
42468.1875	57.575	28	
42466.96875	57.59	28.4	
42474.2604166667	57.59	28.4	
42461.3333333333	57.608	27.6	
42466.3020833333	57.614	28.8	
42467.3645833333	57.656	27.6	
42465.0833333333	57.689	28	
42464.375	57.713	27.6	
42475.1458333333	57.779	28.4	
42461.2916666667	57.7859574468085	28	
42468.1979166667	57.8	27.2	
42466.9583333333	57.815	28	
42474.25	57.815	28.4	
42464	57.92	28.8	
42464.0104166667	57.92	27.6	
42464.0208333333	57.92	28	
42464.03125	57.92	28	
42475.375	57.92	28.4	
42475.3854166667	57.92	25.2	
42461.6145833333	57.956	38.4	
42475.3958333333	58.0064	28.4	
42474.2395833333	58.064	27.6	
42466.1458333333	58.193	27.6	
42461.28125	58.208	27.6	
42465.0729166667	58.208	27.2	
42466.9479166667	58.208	28.4	
42474.2291666667	58.334	28	
42466.3125	58.3565	27.6	
42468.2083333333	58.508	28	
42468.0520833333	58.562	27.6	
42474.21875	58.604	29.2	
42475.40625	58.6544	28.4	
42465.375	58.739	27.6	
42461.2708333333	58.748	28	
42465.0625	58.748	27.6	
42466.9375	58.748	28	
42475.125	58.769	28.4	
42461.34375	58.868	27.2	
42474.2083333333	58.874	28.8	
42466.1354166667	58.958	28	
42466.3229166667	59	27.6	
42474.3020833333	59	28.4	
42474.3125	59	28.4	
42474.3229166667	59	27.6	
42474.3333333333	59	28.8	
42475.0833333333	59	28.4	
42475.09375	59	28.4	
42475.1041666667	59	28.8	
42475.1145833333	59	28.4	
42474.34375	59.1157142857143	28.4	
42468.3229166667	59.144	28	
42474.9479166667	59.144	27.6	
42475.0729166667	59.144	28.8	
42464.3854166667	59.198	43.6	
42475.4166666667	59.231	28	
42474.1979166667	59.2541176470588	28.4	
42461.2604166667	59.288	28	
42465.0520833333	59.288	27.6	
42466.9270833333	59.288	27.6	
42474.9583333333	59.378	28	
42468.3125	59.414	27.6	
42474.9375	59.414	27.6	
42475.0625	59.414	28.4	
42468.3333333333	59.588	28	
42468.0416666667	59.597	28	
42466.3333333333	59.63	28.4	
42468.3020833333	59.684	28	
42474.9270833333	59.684	27.6	
42475.0520833333	59.684	28	
42474.3541666667	59.6942857142857	28.4	
42461.6041666667	59.711	39.6	
42466.125	59.723	27.2	
42475.4270833333	59.726	28.8	
42474.1875	59.7305882352941	28.8	
42468.21875	59.768	28.4	
42461.25	59.828	27.6	
42465.0416666667	59.828	27.6	
42466.9166666667	59.828	27.6	
42467.375	59.924	28	
42468.2916666667	59.954	28	
42474.9166666667	59.954	28	
42475.0416666667	59.954	28.4	
42465.0104166667	60.08	28	
42465.0208333333	60.08	28.4	
42465.03125	60.08	27.6	
42466.0833333333	60.08	27.6	
42466.09375	60.08	28	
42466.1041666667	60.08	27.6	
42466.1145833333	60.08	27.6	
42466.34375	60.08	28.4	
42466.3541666667	60.08	28	
42466.3645833333	60.08	28	
42474.96875	60.08	28.8	
42474.9791666667	60.08	28.8	
42474.9895833333	60.08	28.4	
42482.25	60.08	27.2	
42482.2604166667	60.08	27.6	
42482.2708333333	60.08	27.6	
42482.28125	60.08	28	
42466.375	60.1166666666667	28	
42461.3541666667	60.128	27.6	
42464.9895833333	60.2	27.6	
42466.0729166667	60.2	28	
42468.03125	60.2	28.4	
42474.90625	60.2	28.4	
42474.1770833333	60.2184615384615	27.6	
42475.4375	60.221	28.4	
42475	60.2832258064516	28.4	
42482.2916666667	60.311	27.2	
42475.03125	60.328275862069	28	
42461.2395833333	60.344	28.4	
42482.2395833333	60.344	27.6	
42464.9791666667	60.425	27.6	
42466.0625	60.425	28	
42468.0208333333	60.425	28	
42474.8958333333	60.425	28.4	
42474.3645833333	60.4261538461538	28.4	
42468.28125	60.464	28.4	
42465.3854166667	60.494	48.4	
42466.90625	60.608	27.6	
42464.96875	60.65	28	
42466.0520833333	60.65	28	
42468.0104166667	60.65	28	
42474.8854166667	60.65	28.8	
42466.3854166667	60.6666666666667	53.2	
42464.3958333333	60.683	28.4	
42475.4479166667	60.716	28	
42475.0104166667	60.7187096774194	28.4	
42474.1666666667	60.7376923076923	28.8	
42475.0208333333	60.7937931034483	28.4	
42482.3020833333	60.806	27.6	
42461.2291666667	60.839	27.6	
42482.2291666667	60.839	27.6	
42468.34375	60.848	27.6	
42473.2395833333	60.872	28	
42464.9583333333	60.875	28	
42466.0416666667	60.875	28	
42468	60.875	28.4	
42474.875	60.875	29.2	
42473.2083333333	60.98	28.4	
42473.21875	60.98	28.8	
42473.2291666667	60.98	28.8	
42473.25	60.98	28.8	
42473.2604166667	60.98	28.4	
42473.2708333333	60.98	28.8	
42473.28125	60.98	28.4	
42473.2916666667	60.98	28.8	
42473.3020833333	60.98	28.8	
42473.3125	60.98	28.8	
42473.3229166667	60.98	28.8	
42474.1458333333	60.98	28.8	
42474.15625	60.98	28.8	
42480.3333333333	60.98	28	
42480.34375	60.98	28.4	
42480.3541666667	60.98	28	
42468.2291666667	61.028	28.4	
42474.375	61.106	28	
42473.3333333333	61.1342857142857	28.8	
42481.34375	61.148	28.4	
42473.1979166667	61.1763636363636	28	
42468.2708333333	61.184	27.2	
42466.3958333333	61.2166666666667	28	
42464.9479166667	61.244	28	
42466.03125	61.244	28	
42467.9895833333	61.244	28.4	
42474.8645833333	61.244	29.2	
42482.3125	61.301	27.6	
42461.21875	61.334	28.4	
42482.21875	61.334	27.2	
42474.1354166667	61.34	27.6	
42474.3854166667	61.376	25.6	
42461.3645833333	61.388	27.6	
42475.4583333333	61.442	28.4	
42473.34375	61.4648979591837	28.4	
42461.59375	61.466	37.6	
42481.3541666667	61.508	27.6	
42480.3645833333	61.52	28.8	
42473.1875	61.5445454545455	28	
42466.8958333333	61.598	27.2	
42474.3958333333	61.646	28.8	
42464.9375	61.739	28	
42466.0208333333	61.739	28	
42467.9791666667	61.739	28.4	
42474.8541666667	61.739	29.2	
42466.40625	61.7666666666667	28.4	
42473.3541666667	61.7955102040816	28	
42482.3229166667	61.796	28	
42461.2083333333	61.829	27.2	
42482.2083333333	61.829	27.6	
42474.125	61.8309090909091	28.4	
42480.3229166667	61.844	28	
42481.3645833333	61.868	28	
42468.2604166667	61.904	28.4	
42467.3854166667	61.904	49.2	
42473.1770833333	61.9127272727273	28	
42474.40625	61.916	28.4	
42473.0833333333	62.06	27.6	
42473.09375	62.06	28.4	
42473.125	62.06	28.8	
42473.1354166667	62.06	29.2	
42473.1458333333	62.06	27.6	
42473.15625	62.06	28.4	
42473.1666666667	62.06	27.6	
42473.3645833333	62.06	28	
42474.0520833333	62.06	28	
42474.0625	62.06	29.2	
42474.0729166667	62.06	27.6	
42474.0833333333	62.06	28.4	
42474.09375	62.06	28.8	
42474.1041666667	62.06	28	
42474.1145833333	62.06	28.8	
42480.375	62.06	34.8	
42480.3854166667	62.06	29.2	
42480.3958333333	62.06	31.2	
42480.40625	62.06	32.4	
42481.375	62.06	39.6	
42481.3854166667	62.06	27.6	
42468.3541666667	62.108	28.4	
42461.375	62.165	28	
42465.9583333333	62.165	27.2	
42473.375	62.165	27.6	
42474.4166666667	62.165	28	
42464.40625	62.168	28.4	
42461.1979166667	62.18	28	
42482.1979166667	62.18	27.6	
42464.9270833333	62.234	28.4	
42466.0104166667	62.234	28	
42467.96875	62.234	28	
42474.84375	62.234	28.4	
42465.3958333333	62.249	28.4	
42473.1041666667	62.2664705882353	28.8	
42468.2395833333	62.288	28	
42480.4166666667	62.291	32.8	
42481.3958333333	62.3511764705882	28	
42466.4166666667	62.36	28.4	
42461.3854166667	62.39	28	
42465.96875	62.39	28.8	
42473.3854166667	62.39	26.8	
42474.4270833333	62.39	28.4	
42461.1875	62.405	28.4	
42482.1875	62.405	27.6	
42475.46875	62.432	27.6	
42468.9895833333	62.444	28.4	
42481.3333333333	62.5	28.4	
42473.1145833333	62.5047058823529	28.4	
42474.0416666667	62.51	28.8	
42465.9479166667	62.588	27.2	
42466.8854166667	62.588	35.6	
42461.3958333333	62.615	28	
42465.9791666667	62.615	28	
42473.3958333333	62.615	28	
42474.4375	62.615	28.4	
42468.25	62.624	28.4	
42482.3333333333	62.627	27.6	
42461.1770833333	62.63	28	
42482.1770833333	62.63	27.2	
42487.1979166667	62.6439024390244	28	
42473.0729166667	62.7136842105263	28	
42464.9166666667	62.729	28	
42466	62.729	28.4	
42467.9583333333	62.729	28.4	
42474.8333333333	62.729	28.8	
42481.40625	62.7482352941176	28.4	
42487.1875	62.7756097560976	28.4	
42473.9895833333	62.78	28	
42480.4270833333	62.786	32.8	
42461.40625	62.84	28.4	
42465.9895833333	62.84	28	
42473.40625	62.84	27.6	
42474.4479166667	62.84	28	
42461.1666666667	62.855	28	
42482.1666666667	62.855	27.6	
42487.1770833333	62.9073170731707	28	
42461.0416666667	62.96	28.8	
42461.0520833333	62.96	27.2	
42461.0625	62.96	28.8	
42461.0729166667	62.96	28	
42461.0833333333	62.96	28.8	
42461.09375	62.96	28.4	
42461.1041666667	62.96	28.4	
42461.1145833333	62.96	28.8	
42461.125	62.96	27.6	
42461.1458333333	62.96	28.8	
42461.15625	62.96	28.4	
42473.0416666667	62.96	28.4	
42473.0520833333	62.96	27.6	
42473.0625	62.96	27.6	
42473.9583333333	62.96	28.8	
42473.96875	62.96	28	
42473.9791666667	62.96	28.4	
42474	62.96	28	
42474.0104166667	62.96	28.8	
42474.0208333333	62.96	28.4	
42474.03125	62.96	29.2	
42487.1666666667	62.96	27.6	
42487.2083333333	62.96	27.6	
42487.21875	62.96	28	
42487.2291666667	62.96	28.4	
42487.2395833333	62.96	28.4	
42466.4270833333	63.0615384615385	29.2	
42461.4166666667	63.086	28	
42461.5416666667	63.086	31.6	
42487.25	63.086	28.4	
42467.9479166667	63.104	28.4	
42473.03125	63.104	28.4	
42473.9479166667	63.104	28	
42482.15625	63.104	28	
42468.9791666667	63.164	28.4	
42461.5833333333	63.221	36.8	
42461.53125	63.224	31.6	
42474.4583333333	63.2613043478261	29.2	
42480.4375	63.281	32.8	
42461.4270833333	63.356	28	
42461.5520833333	63.356	31.6	
42487.2604166667	63.356	28.4	
42464.90625	63.368	28	
42468.3645833333	63.368	27.6	
42467.9375	63.374	27.6	
42473.0208333333	63.374	28	
42473.9375	63.374	28.8	
42482.1458333333	63.374	28	
42475.4791666667	63.422	28.8	
42481.4166666667	63.422	28.4	
42473.4166666667	63.455	28.8	
42461.03125	63.488	27.2	
42464.4166666667	63.548	28	
42465.9375	63.578	27.2	
42466.875	63.578	27.6	
42461.4375	63.626	28.8	
42461.5625	63.626	34.4	
42487.2708333333	63.626	28	
42467.9270833333	63.644	28.4	
42473.0104166667	63.644	28.4	
42473.9270833333	63.644	28.8	
42482.1354166667	63.644	28	
42474.8229166667	63.6486956521739	28.4	
42461.5208333333	63.719	32	
42480.4479166667	63.776	34.8	
42482.34375	63.842	28	
42467.3958333333	63.884	27.6	
42468.96875	63.884	28	
42461.4479166667	63.896	29.6	
42461.5729166667	63.896	35.2	
42487.28125	63.896	28.4	
42474.46875	63.9069565217391	28	
42467.9166666667	63.914	28.4	
42473	63.914	27.2	
42473.9166666667	63.914	28.8	
42482.125	63.914	28	
42465.40625	64.004	28.4	
42473.8333333333	64.04	29.2	
42473.875	64.04	28	
42473.8854166667	64.04	28	
42473.8958333333	64.04	28	
42473.90625	64.04	27.6	
42479.0729166667	64.04	28	
42479.0833333333	64.04	28.4	
42479.2916666667	64.04	27.6	
42479.3020833333	64.04	27.6	
42482.0416666667	64.04	28.4	
42482.0520833333	64.04	28.4	
42482.0625	64.04	28	
42482.0729166667	64.04	27.6	
42482.0833333333	64.04	28	
42482.09375	64.04	28.4	
42482.1041666667	64.04	28.8	
42482.1145833333	64.04	28	
42487.2916666667	64.04	28.4	
42487.3020833333	64.04	28.8	
42487.3125	64.04	28	
42487.3229166667	64.04	28	
42473.84375	64.0676923076923	28	
42480.3125	64.13	28	
42461.4583333333	64.145	30.4	
42480.4583333333	64.145	36.4	
42479.3125	64.2025806451613	27.2	
42473.8541666667	64.2061538461539	29.2	
42461.5104166667	64.214	32.8	
42488.1666666667	64.271	27.6	
42479.09375	64.2823076923077	28	
42482.03125	64.304	28.4	
42482.9895833333	64.304	27.6	
42472.9895833333	64.3066666666667	28	
42473.8645833333	64.3446153846154	28.8	
42461.46875	64.37	30	
42480.46875	64.37	37.6	
42487.3333333333	64.376	28	
42479.3229166667	64.3767741935484	28	
42475.4895833333	64.412	30.4	
42481.4270833333	64.412	28.4	
42475.9895833333	64.424	27.2	
42479.28125	64.43375	27.6	
42461.0208333333	64.478	28.4	
42481.3229166667	64.4925714285714	28.4	
42468.375	64.502	28	
42473.4270833333	64.5157142857143	28	
42479.1041666667	64.5419230769231	28	
42473.8229166667	64.55	28	
42474.4791666667	64.5526086956522	29.2	
42479.2395833333	64.5675862068966	28	
42465.9270833333	64.568	27.6	
42466.4375	64.5846153846154	30.4	
42461.4791666667	64.595	31.2	
42480.4791666667	64.595	38.8	
42479.2708333333	64.6025	28	
42468.9583333333	64.604	28	
42479.0625	64.6111538461539	27.6	
42479.15625	64.67	27.2	
42461.5	64.709	32.8	
42467.90625	64.712	27.6	
42488.15625	64.76	27.6	
42488.1770833333	64.766	28.4	
42479.2604166667	64.77125	28	
42482.0208333333	64.799	28	
42482.9791666667	64.799	27.6	
42479.1145833333	64.8015384615385	27.6	
42472.9791666667	64.8066666666667	28.4	
42464.4270833333	64.808	28.8	
42461.4895833333	64.82	32.4	
42480.4895833333	64.82	39.6	
42464.8854166667	64.898	33.2	
42472.3333333333	64.94	28	
42472.34375	64.94	28	
42472.3541666667	64.94	28.4	
42472.3645833333	64.94	28.4	
42472.375	64.94	27.2	
42472.3854166667	64.94	28.8	
42472.3958333333	64.94	29.2	
42472.40625	64.94	29.6	
42472.4166666667	64.94	31.2	
42472.9166666667	64.94	27.2	
42472.9270833333	64.94	28	
42472.9375	64.94	28	
42472.9479166667	64.94	27.6	
42472.9583333333	64.94	28.4	
42472.96875	64.94	27.6	
42473.4375	64.94	28.8	
42473.4479166667	64.94	29.6	
42473.8020833333	64.94	29.2	
42473.8125	64.94	28.8	
42474.8125	64.94	28.8	
42479.125	64.94	28.4	
42479.1666666667	64.94	27.6	
42479.25	64.94	28	
42479.3333333333	64.94	28	
42479.34375	64.94	28	
42479.3541666667	64.94	28	
42481.0833333333	64.94	28.4	
42481.09375	64.94	28.4	
42481.1041666667	64.94	28.4	
42481.1145833333	64.94	28.4	
42466.8645833333	64.976	27.6	
42479.2291666667	64.9865517241379	28.4	
42488.1458333333	65.021	27.6	
42482.3541666667	65.057	27.6	
42473.4583333333	65.066	30.4	
42480.5	65.066	38	
42481.125	65.066	28	
42472.3229166667	65.084	28	
42472.90625	65.084	27.2	
42481.0729166667	65.084	28	
42481.2395833333	65.084	27.6	
42487.34375	65.096	28.4	
42472.4270833333	65.1305882352941	32	
42475.9791666667	65.144	28.4	
42481.25	65.1443243243243	28.4	
42487.15625	65.165	27.2	
42481.5	65.171	39.6	
42479.0520833333	65.1823076923077	27.6	
42468.9479166667	65.204	28	
42479.1770833333	65.2456603773585	28.4	
42481.4895833333	65.2485714285714	38	
42488.1875	65.261	27.6	
42482.0104166667	65.294	27.6	
42482.96875	65.294	28.8	
42479.1458333333	65.3	28.4	
42473.46875	65.336	31.2	
42480.5104166667	65.336	38	
42481.3125	65.3411428571429	28	
42472.3125	65.354	28	
42472.8958333333	65.354	28	
42481.0625	65.354	27.6	
42481.2291666667	65.354	28	
42481.4375	65.402	30.8	
42474.4895833333	65.4028571428571	28	
42479.21875	65.4055172413793	27.6	
42461.0104166667	65.468	28	
42468.3854166667	65.492	41.6	
42479.1875	65.551320754717	26.8	
42465.9166666667	65.558	27.6	
42481.2604166667	65.5821621621622	28.8	
42473.4791666667	65.606	32.8	
42480.5208333333	65.606	38	
42481.1458333333	65.606	28.4	
42472.4375	65.6070588235294	33.2	
42472.3020833333	65.624	28.4	
42472.8854166667	65.624	25.6	
42481.0520833333	65.624	28.4	
42481.21875	65.624	28	
42465.4166666667	65.654	28.4	
42464.875	65.663	28	
42481.5104166667	65.666	39.6	
42473.7916666667	65.6763636363636	28.8	
42475.5	65.696	30.4	
42468.9375	65.699	28	
42474.8020833333	65.7427027027027	29.2	
42479.0416666667	65.7534615384615	27.6	
42488.1979166667	65.756	28.4	
42482	65.789	28	
42482.9583333333	65.789	28.4	
42487.3541666667	65.816	30.4	
42479.2083333333	65.8244827586207	28	
42481.4791666667	65.8271428571429	36	
42488.125	65.831	28	
42479.3645833333	65.8563636363636	27.6	
42479.1979166667	65.8569811320755	26.8	
42467.40625	65.864	27.2	
42475.96875	65.864	27.6	
42473.4895833333	65.876	33.6	
42480.53125	65.876	37.6	
42481.15625	65.876	28.4	
42472.2916666667	65.894	27.6	
42472.875	65.894	28.4	
42481.0416666667	65.894	28	
42481.2083333333	65.894	28.4	
42467.8958333333	65.972	28	
42472.4479166667	66.02	34	
42472.4583333333	66.02	34.8	
42472.46875	66.02	36	
42472.4791666667	66.02	37.6	
42472.4895833333	66.02	38.4	
42472.8333333333	66.02	28.4	
42472.84375	66.02	28	
42472.8541666667	66.02	28	
42472.8645833333	66.02	28.8	
42473.78125	66.02	29.2	
42478.3333333333	66.02	27.6	
42478.34375	66.02	28	
42478.3541666667	66.02	28.4	
42478.3645833333	66.02	27.2	
42478.375	66.02	27.2	
42478.3854166667	66.02	28.8	
42478.3958333333	66.02	28.4	
42478.4166666667	66.02	28.8	
42478.4270833333	66.02	29.6	
42478.4375	66.02	30.4	
42478.4479166667	66.02	31.2	
42479.375	66.02	28	
42481	66.02	28	
42481.0104166667	66.02	27.6	
42481.0208333333	66.02	28	
42481.03125	66.02	27.6	
42481.2708333333	66.02	27.6	
42481.3020833333	66.02	28.4	
42488.2083333333	66.02	28.4	
42464.4375	66.068	29.2	
42478.09375	66.0892307692308	28	
42478.1041666667	66.092	28.8	
42466.4479166667	66.1076923076923	31.2	
42473.5	66.125	34.4	
42474.5833333333	66.125	34.8	
42472.8229166667	66.14	28	
42479.03125	66.14	28	
42488.1145833333	66.14	28.4	
42472.5	66.146	40	
42481.5208333333	66.161	41.2	
42472.28125	66.164	27.6	
42478.1145833333	66.1691428571429	27.6	
42478.40625	66.1723076923077	28.4	
42468.9270833333	66.194	28	
42481.1979166667	66.2046153846154	27.6	
42474.5	66.251	29.6	
42482.3645833333	66.272	27.2	
42465.90625	66.284	27.2	
42474.5729166667	66.284	33.2	
42480.9895833333	66.284	27.6	
42481.9895833333	66.284	28.4	
42481.46875	66.30125	34.4	
42481.1666666667	66.32	28	
42473.5104166667	66.35	33.6	
42474.59375	66.35	34.8	
42472.8125	66.365	28.4	
42479.0208333333	66.365	28	
42488.1041666667	66.365	28	
42485.15625	66.3862068965517	28.8	
42472.2083333333	66.3905882352941	27.2	
42481.4479166667	66.392	31.6	
42472.5104166667	66.416	41.2	
42478.3229166667	66.4273684210526	27.6	
42482.9479166667	66.428	28.4	
42472.2708333333	66.434	27.6	
42461	66.458	27.6	
42478.4583333333	66.47	32	
42478.0729166667	66.4769230769231	28	
42468.3958333333	66.482	27.6	
42480.5416666667	66.482	37.6	
42472.1979166667	66.5	28.4	
42487.3645833333	66.536	32	
42474.7916666667	66.5454054054054	29.2	
42481.1875	66.5507692307692	28	
42473.5208333333	66.575	34.8	
42474.6041666667	66.575	34.8	
42479.3854166667	66.5803773584906	28	
42475.9583333333	66.584	28.4	
42481.2916666667	66.5884210526316	27.2	
42472.8020833333	66.59	30	
42479.0104166667	66.59	27.6	
42488.09375	66.59	28.4	
42473.7708333333	66.5911538461538	31.2	
42481.53125	66.656	41.2	
42475.5104166667	66.68	28.4	
42472.5208333333	66.686	40.8	
42468.9166666667	66.689	27.6	
42472.2604166667	66.704	27.6	
42481.4583333333	66.723125	32.4	
42466.8541666667	66.731	28	
42478.28125	66.74	27.6	
42474.5104166667	66.746	30.8	
42465.8958333333	66.779	27.6	
42474.5625	66.779	32.4	
42480.9791666667	66.779	27.6	
42481.9791666667	66.779	28	
42473.53125	66.8	36.4	
42474.6145833333	66.8	35.2	
42464.8645833333	66.812	28.4	
42472.7916666667	66.815	31.2	
42479	66.815	27.6	
42488.0833333333	66.815	28.8	
42485.1458333333	66.851724137931	27.6	
42481.1770833333	66.8969230769231	28.4	
42472.1875	66.92	28.4	
42472.21875	66.92	28	
42472.2291666667	66.92	28.4	
42472.2395833333	66.92	27.6	
42472.25	66.92	27.6	
42473.5416666667	66.92	36.8	
42474.625	66.92	36.4	
42474.6354166667	66.92	36.4	
42474.6458333333	66.92	37.6	
42474.65625	66.92	39.2	
42474.6666666667	66.92	40.8	
42474.6770833333	66.92	42	
42474.6875	66.92	41.6	
42474.6979166667	66.92	44	
42474.7083333333	66.92	43.6	
42474.71875	66.92	42	
42474.7291666667	66.92	40	
42474.7395833333	66.92	37.2	
42474.78125	66.92	30.4	
42478.0833333333	66.92	28.8	
42478.125	66.92	28.4	
42478.21875	66.92	28.4	
42478.2916666667	66.92	28	
42478.3020833333	66.92	28	
42478.3125	66.92	28	
42478.46875	66.92	34	
42481.28125	66.92	28.4	
42481.5416666667	66.92	41.2	
42481.5520833333	66.92	42	
42488.21875	66.92	27.6	
42488.2291666667	66.92	27.6	
42488.2395833333	66.92	27.6	
42488.25	66.92	27.6	
42488.2604166667	66.92	27.6	
42473.7083333333	67.046	42.8	
42473.6979166667	67.064	41.6	
42472.53125	67.136	40	
42479.3958333333	67.1407547169811	28.4	
42473.7604166667	67.1623076923077	32.4	
42473.5520833333	67.1624489795918	38.4	
42465.4270833333	67.184	28.8	
42482.9375	67.193	28.8	
42472.78125	67.208	32.8	
42475.9479166667	67.208	28	
42488.0729166667	67.208	27.6	
42467.8854166667	67.232	34.8	
42474.5208333333	67.241	31.2	
42465.8854166667	67.274	36	
42474.5520833333	67.274	32.4	
42480.96875	67.274	28.4	
42481.96875	67.274	28	
42487.375	67.277	32.8	
42474.75	67.298	35.2	
42488.2708333333	67.31	28.4	
42473.71875	67.316	40.8	
42485.1354166667	67.3172413793103	27.6	
42464.4479166667	67.328	28.8	
42468.90625	67.328	28.4	
42478.1354166667	67.3314285714286	27.6	
42473.6875	67.334	41.2	
42474.7708333333	67.3442857142857	31.6	
42478.4791666667	67.352	34.4	
42478.2708333333	67.388	27.6	
42485	67.46	28	
42468.40625	67.472	28.8	
42480.5520833333	67.472	38.4	
42473.5625	67.4930612244898	38.8	
42478.9895833333	67.496	27.6	
42475.5208333333	67.505	27.6	
42482.375	67.508	31.2	
42478.0625	67.5153846153846	28.8	
42473.7291666667	67.586	38.8	
42472.1770833333	67.595	28	
42473.6770833333	67.604	42.8	
42485.1666666667	67.6072727272727	28.8	
42466.4583333333	67.634	34	
42479.40625	67.7011320754717	28.8	
42473.75	67.7334615384615	34.4	
42474.53125	67.736	31.2	
42487.1458333333	67.736	27.6	
42467.4166666667	67.739	28	
42472.7708333333	67.748	34.4	
42475.9375	67.748	28.4	
42488.0625	67.748	28	
42488.28125	67.76	28.4	
42465.875	67.769	28.8	
42474.5416666667	67.769	31.6	
42480.9583333333	67.769	28.4	
42481.9583333333	67.769	28	
42485.125	67.7827586206897	27.6	
42478.4895833333	67.8148571428572	35.6	
42473.5729166667	67.8236734693878	40.4	
42473.7395833333	67.856	35.6	
42473.6666666667	67.874	45.2	
42474.7604166667	67.9228571428571	33.6	
42478.2604166667	67.928	27.6	
42482.9270833333	67.958	27.6	
42473.5833333333	68	39.6	
42473.59375	68	38.8	
42473.6041666667	68	40.8	
42473.6145833333	68	41.6	
42473.625	68	42.4	
42473.6354166667	68	42.8	
42473.6458333333	68	43.2	
42473.65625	68	44.4	
42478.1458333333	68	27.6	
42478.2083333333	68	27.6	
42478.2291666667	68	28.8	
42478.2395833333	68	28	
42478.25	68	27.6	
42478.5	68	36.8	
42478.96875	68	27.6	
42478.9791666667	68	27.6	
42481.5625	68	40.8	
42485.0104166667	68	28	
42485.0208333333	68	28	
42485.03125	68	28	
42485.0520833333	68	28	
42485.0625	68	27.6	
42485.0729166667	68	27.6	
42485.09375	68	28	
42485.1041666667	68	28	
42485.1145833333	68	28	
42485.1770833333	68	27.6	
42485.1875	68	27.2	
42485.1979166667	68	28.4	
42485.2083333333	68	28.8	
42485.21875	68	28	
42485.2291666667	68	28	
42485.2395833333	68	27.6	
42488.2916666667	68	28.4	
42488.3020833333	68	28	
42488.3125	68	28.4	
42488.3229166667	68	28	
42487.3854166667	68.042	35.2	
42468.8958333333	68.093	28.4	
42472.03125	68.0947368421053	28.4	
42471.9895833333	68.108	28	
42472.5416666667	68.126	39.2	
42485.25	68.126	27.6	
42488	68.126	28	
42478.5208333333	68.144	37.6	
42481.9479166667	68.144	30	
42488.3333333333	68.231	28	
42480.9479166667	68.264	28	
42472.7604166667	68.288	36	
42475.9270833333	68.288	28.4	
42488.0520833333	68.288	27.6	
42464.8541666667	68.297	28.4	
42468.4166666667	68.357	28.8	
42478.1979166667	68.375652173913	28	
42472.0208333333	68.3789473684211	28.4	
42472.5520833333	68.396	40.4	
42485.2604166667	68.396	28.8	
42488.0104166667	68.396	27.6	
42481.9375	68.414	31.6	
42480.5625	68.462	38	
42475.53125	68.4628571428571	28	
42466.84375	68.486	28	
42467.875	68.492	27.6	
42478.0520833333	68.5082352941176	27.6	
42487.9895833333	68.528	27.6	
42478.15625	68.54	27.6	
42472.0416666667	68.5815384615385	28.4	
42464.4583333333	68.588	28.8	
42471.9791666667	68.648	28	
42472.0104166667	68.6631578947368	28	
42472.5625	68.666	41.6	
42485.2708333333	68.666	28.4	
42488.0208333333	68.666	28.4	
42465.8645833333	68.672	28.8	
42472.1666666667	68.6821052631579	27.6	
42478.9583333333	68.6821052631579	27.2	
42481.9270833333	68.684	33.2	
42479.4166666667	68.693	30	
42465.4375	68.714	28	
42482.9166666667	68.723	27.6	
42488.34375	68.726	28	
42480.9375	68.759	28.4	
42482.3854166667	68.768	27.6	
42487.3958333333	68.807	37.2	
42472.75	68.828	38.4	
42475.9166666667	68.828	28.4	
42488.0416666667	68.828	28.4	
42468.8854166667	68.858	34	
42472.5729166667	68.936	42	
42485.28125	68.936	27.2	
42488.03125	68.936	28	
42472	68.9473684210526	28	
42481.9166666667	68.954	35.2	
42478.5104166667	68.9818181818182	38	
42471.0104166667	69.08	28	
42471.0208333333	69.08	28	
42471.03125	69.08	28	
42471.0833333333	69.08	28.4	
42472.15625	69.08	27.6	
42472.5833333333	69.08	43.2	
42472.59375	69.08	42.8	
42472.6041666667	69.08	40.8	
42472.6145833333	69.08	41.2	
42472.625	69.08	43.2	
42472.6354166667	69.08	43.2	
42472.6458333333	69.08	43.6	
42472.65625	69.08	45.2	
42478.1666666667	69.08	28	
42478.1770833333	69.08	28	
42478.1875	69.08	28	
42478.5416666667	69.08	38.8	
42478.9166666667	69.08	27.2	
42478.9270833333	69.08	27.6	
42478.9375	69.08	27.6	
42478.9479166667	69.08	27.6	
42480.2291666667	69.08	28	
42480.2395833333	69.08	28.4	
42480.25	69.08	28.4	
42480.2604166667	69.08	28.4	
42468.4270833333	69.122	31.2	
42466.46875	69.164	34.8	
42471.0416666667	69.1668965517241	28	
42485.2916666667	69.1668965517241	28.4	
42472.6666666667	69.185	46.4	
42471.96875	69.188	28	
42472.7395833333	69.2	40.4	
42478.90625	69.2	27.2	
42488.3541666667	69.221	28	
42485.3333333333	69.2375	28	
42480.2708333333	69.24	28.8	
42472.0520833333	69.2523404255319	28.4	
42480.9270833333	69.254	28	
42478.53125	69.26	38.4	
42475.90625	69.344	28.8	
42481.90625	69.344	36.4	
42482.90625	69.344	28	
42471.0520833333	69.3531034482759	28	
42485.3020833333	69.3531034482759	28.8	
42480.21875	69.36125	28	
42472.1458333333	69.3718918918919	27.6	
42472.6770833333	69.41	46.4	
42475.5416666667	69.416	28.4	
42472.7291666667	69.425	42.4	
42478.8958333333	69.425	28	
42480.5729166667	69.452	38	
42467.4270833333	69.494	27.6	
42471	69.4953846153846	28	
42478.0416666667	69.4953846153846	28.4	
42487.9791666667	69.518	28.8	
42480.2916666667	69.53	28.4	
42471.0625	69.5393103448276	28	
42485.3125	69.5393103448276	27.6	
42472.0625	69.5395744680851	28	
42487.40625	69.572	39.2	
42485.34375	69.575	28.4	
42478.5520833333	69.5886956521739	39.2	
42468.875	69.623	29.2	
42472.6875	69.635	46	
42480.28125	69.64	28.4	
42472.71875	69.65	44.8	
42478.8854166667	69.65	27.6	
42487.1354166667	69.716	28	
42488.3645833333	69.716	28.4	
42471.0729166667	69.7255172413793	28	
42485.3229166667	69.7255172413793	28	
42467.8645833333	69.728	28	
42471.9583333333	69.728	28	
42480.9166666667	69.749	27.6	
42464.84375	69.782	28.8	
42480.2083333333	69.783125	28	
42480.15625	69.8098181818182	28.4	
42472.0729166667	69.8268085106383	28	
42475.8958333333	69.839	27.6	
42481.8958333333	69.839	38.8	
42482.8958333333	69.839	27.6	
42464.46875	69.848	29.6	
42480.1458333333	69.8589090909091	28.4	
42472.6979166667	69.86	44	
42471.09375	69.8675	28.4	
42472.7083333333	69.875	44.4	
42478.875	69.875	27.6	
42468.4375	69.887	31.2	
42472.1145833333	69.9	28	
42480.1354166667	69.908	28.4	
42485.3541666667	69.9125	28.8	
42480.0729166667	69.9303448275862	28.8	
42465.8541666667	69.932	28.8	
42480.125	69.9570909090909	29.2	
42471.1041666667	69.98	28.4	
42471.1145833333	69.98	28	
42472.0833333333	69.98	28.4	
42472.09375	69.98	28.4	
42472.1041666667	69.98	28.4	
42472.125	69.98	28	
42478.0208333333	69.98	27.2	
42478.03125	69.98	28	
42480.0833333333	69.98	29.2	
42480.09375	69.98	28.8	
42480.1041666667	69.98	28.4	
42480.1145833333	69.98	28.8	
42480.1666666667	69.98	28	
42480.1770833333	69.98	28	
42480.1875	69.98	28	
42480.1979166667	69.98	28.4	
42480.3020833333	69.98	28	
42481.5729166667	69.995652173913	41.6	
42482.3958333333	70.028	28.8	
42480.5833333333	70.106	38	
42468.8645833333	70.124	28.8	
42471.9479166667	70.124	28.4	
42475.5520833333	70.136	27.6	
42471.125	70.1408510638298	28.8	
42471.3333333333	70.1558139534884	28.4	
42487.4166666667	70.211	40.8	
42466.8333333333	70.241	28.4	
42465.4479166667	70.244	28.8	
42478.8645833333	70.244	28	
42480.90625	70.244	27.6	
42480.0625	70.2562068965517	28.8	
42479.4270833333	70.2581818181818	30.8	
42475.8854166667	70.334	28.8	
42481.8854166667	70.334	40.8	
42482.8854166667	70.334	27.6	
42488.375	70.337	30	
42480.59375	70.376	39.6	
42468.8541666667	70.394	28.8	
42471.9375	70.394	28.4	
42487.96875	70.508	28	
42471.34375	70.5325581395349	28.8	
42480.0520833333	70.5820689655172	28	
42478.0104166667	70.6152941176471	27.6	
42485.3645833333	70.628	30.4	
42478.5625	70.6376923076923	40.8	
42480.6041666667	70.646	38.4	
42468.4479166667	70.652	33.2	
42468.84375	70.664	28.4	
42471.9270833333	70.664	28	
42466.4791666667	70.694	37.2	
42487.4270833333	70.706	41.2	
42478.8541666667	70.739	27.6	
42480.8958333333	70.739	27.6	
42471.3229166667	70.7654545454545	28.4	
42475.875	70.829	28	
42481.875	70.829	42.4	
42482.875	70.829	31.2	
42471.1458333333	70.8302127659575	28	
42475.5625	70.856	28.4	
42480.0416666667	70.9079310344828	28.8	
42471.3541666667	70.9093023255814	28.4	
42480.6145833333	70.916	39.6	
42468.8333333333	70.934	28.4	
42471.9166666667	70.934	28	
42467.8541666667	70.943	28	
42471.15625	71.06	28.4	
42471.1666666667	71.06	28	
42471.1770833333	71.06	28.8	
42471.1875	71.06	28	
42471.25	71.06	28.4	
42471.2604166667	71.06	28	
42471.2708333333	71.06	28	
42471.28125	71.06	28	
42471.2916666667	71.06	28.4	
42471.3020833333	71.06	28.8	
42471.3125	71.06	28.8	
42471.375	71.06	28.8	
42471.3854166667	71.06	30.8	
42471.3958333333	71.06	32.4	
42471.40625	71.06	33.2	
42478	71.06	28	
42488.3854166667	71.102	30.4	
42464.4791666667	71.108	30.8	
42471.2395833333	71.18	28.4	
42471.90625	71.18	28.4	
42465.84375	71.192	28.8	
42471.4166666667	71.2	36.8	
42487.4375	71.201	42.4	
42478.84375	71.234	27.6	
42480.8854166667	71.234	27.2	
42467.4375	71.249	28.4	
42464.8333333333	71.267	28	
42482.40625	71.288	32	
42481.5833333333	71.291	43.6	
42485.375	71.291	31.6	
42471.1979166667	71.3054545454546	28	
42482.8645833333	71.324	28.8	
42471.3645833333	71.384	28.4	
42465.4583333333	71.396	30.8	
42468.4583333333	71.396	34.8	
42471.2291666667	71.405	28	
42471.8958333333	71.405	28	
42475.8645833333	71.444	28	
42481.8645833333	71.444	43.2	
42480.625	71.48	41.6	
42487.9583333333	71.498	28.4	
42471.4270833333	71.5	37.2	
42475.5729166667	71.576	28	
42471.21875	71.63	28.4	
42471.8854166667	71.63	29.6	
42487.4479166667	71.696	43.2	
42466.8229166667	71.708	28.4	
42468.8229166667	71.708	28.8	
42478.8333333333	71.729	28	
42480.875	71.729	39.6	
42480.03125	71.7489655172414	29.6	
42471.4479166667	71.75	41.6	
42481.59375	71.786	44.4	
42485.3854166667	71.786	31.2	
42471.4375	71.8	41.2	
42482.8541666667	71.819	27.6	
42471.2083333333	71.855	28.4	
42471.875	71.855	28	
42488.3958333333	71.867	31.2	
42471.8645833333	71.87	28.4	
42471.4583333333	71.96	44	
42471.8541666667	71.96	28.4	
42487.9166666667	71.96	30	
42487.9270833333	71.96	30.8	
42487.9375	71.96	29.2	
42487.9479166667	71.96	28.8	
42478.8229166667	72.104	28.4	
42480.8645833333	72.104	27.6	
42465.46875	72.116	32	
42468.46875	72.116	36	
42480.0208333333	72.1213793103448	28.8	
42467.84375	72.158	28	
42475.8541666667	72.164	28.4	
42481.8541666667	72.164	49.6	
42480.6354166667	72.17	43.6	
42475.5833333333	72.191	29.2	
42466.4895833333	72.224	39.2	
42481.6041666667	72.281	45.2	
42485.3958333333	72.281	33.2	
42482.84375	72.314	28	
42471.46875	72.32	44	
42471.84375	72.3411764705882	28.4	
42479.4375	72.3445454545455	33.2	
42487.125	72.3527272727273	27.6	
42487.90625	72.368	31.6	
42464.4895833333	72.368	31.2	
42478.8125	72.374	28.8	
42480.8541666667	72.374	28	
42478.5833333333	72.422	42.8	
42482.4166666667	72.422	30.8	
42487.4583333333	72.422	45.2	
42479.4479166667	72.44	34.4	
42465.8333333333	72.452	29.6	
42480.0104166667	72.4937931034483	29.2	
42478.5729166667	72.6107692307692	42	
42480.6458333333	72.62	43.2	
42488.40625	72.632	32	
42478.8020833333	72.644	30.4	
42480.84375	72.644	28.4	
42475.59375	72.686	29.6	
42479.4583333333	72.716	35.6	
42464.8229166667	72.776	28.8	
42481.6145833333	72.776	45.6	
42485.40625	72.776	36	
42482.8333333333	72.809	28.4	
42471.4791666667	72.8109090909091	47.6	
42471.8333333333	72.8176470588235	28.4	
42465.4791666667	72.836	33.6	
42468.4791666667	72.836	38	
42480	72.8662068965517	30.4	
42475.84375	72.884	28.8	
42481.84375	72.884	50.8	
42478.7916666667	72.914	31.6	
42480.8333333333	72.914	28	
42466.8125	72.923	28.4	
42468.8125	72.923	28.8	
42467.4479166667	73.004	28.4	
42471.4895833333	73.04	46.8	
42479.9166666667	73.04	33.2	
42479.9270833333	73.04	34	
42479.9375	73.04	33.2	
42479.9479166667	73.04	32.8	
42479.9583333333	73.04	32	
42479.96875	73.04	31.2	
42479.9791666667	73.04	31.6	
42479.9895833333	73.04	30.8	
42485.4166666667	73.04	38.4	
42486.1666666667	73.04	28.4	
42486.1770833333	73.04	28	
42486.1875	73.04	28.8	
42486.1979166667	73.04	28.4	
42486.2083333333	73.04	28	
42486.21875	73.04	28.4	
42486.2291666667	73.04	28.4	
42486.2395833333	73.04	28	
42486.25	73.04	28	
42486.2604166667	73.04	28.8	
42486.2708333333	73.04	29.6	
42486.28125	73.04	30.4	
42487.8958333333	73.133	30.8	
42466.5	73.145	41.2	
42486.2916666667	73.145	31.6	
42479.90625	73.16	34.4	
42486.15625	73.16	28.4	
42475.6041666667	73.181	31.2	
42471.5	73.186511627907	49.2	
42480.65625	73.26	41.2	
42478.78125	73.304	33.2	
42466.5104166667	73.37	41.6	
42486.3020833333	73.37	32.4	
42467.8333333333	73.373	28.8	
42464.5	73.376	33.2	
42479.8958333333	73.385	34.4	
42486.1458333333	73.385	28.8	
42478.59375	73.412	42	
42482.4270833333	73.412	31.2	
42487.46875	73.412	46	
42480.8229166667	73.424	28.4	
42471.8229166667	73.44	28.4	
42471.5729166667	73.4558620689655	47.6	
42471.5104166667	73.5004651162791	47.2	
42481.625	73.502	45.6	
42465.4895833333	73.556	35.2	
42468.4895833333	73.556	38.4	
42487.1145833333	73.5675862068966	27.6	
42466.5208333333	73.595	42.8	
42486.3125	73.595	31.6	
42471.5625	73.5955172413793	46.8	
42475.8333333333	73.604	29.6	
42481.8333333333	73.604	68	
42479.8854166667	73.61	34.4	
42486.1354166667	73.61	28.8	
42475.6145833333	73.676	32.4	
42465.8229166667	73.712	30	
42482.8229166667	73.712	28.8	
42471.5520833333	73.7351724137931	45.6	
42478.7708333333	73.799	34.8	
42485.4270833333	73.8064516129032	40.4	
42488.4166666667	73.81	33.2	
42471.5208333333	73.8144186046512	45.6	
42466.53125	73.82	42.4	
42486.3229166667	73.82	32.4	
42479.875	73.835	34.4	
42486.125	73.835	28	
42471.5416666667	73.8748275862069	44.8	
42487.8854166667	73.898	31.6	
42471.53125	73.94	45.2	
42471.5833333333	73.94	46.4	
42471.59375	73.94	44.4	
42471.6041666667	73.94	45.6	
42471.6145833333	73.94	46.8	
42486.0416666667	73.94	28.4	
42486.0520833333	73.94	28.8	
42486.0625	73.94	28	
42486.0729166667	73.94	28	
42486.0833333333	73.94	28.4	
42486.09375	73.94	28.8	
42486.1041666667	73.94	28.4	
42486.1145833333	73.94	28.8	
42486.3333333333	73.94	33.2	
42486.34375	73.94	33.2	
42486.3541666667	73.94	36	
42486.3645833333	73.94	35.2	
42487.1041666667	73.9865517241379	27.6	
42468.5	74.066	39.6	
42486.375	74.066	38	
42479.46875	74.0730434782609	37.2	
42486.03125	74.084	28	
42464.5104166667	74.096	33.6	
42466.8020833333	74.138	28.4	
42468.8020833333	74.138	28.8	
42480.8125	74.144	29.2	
42471.8125	74.1757142857143	30	
42475.8229166667	74.204	29.2	
42478.7604166667	74.294	36.4	
42465.5	74.297	36.4	
42471.625	74.297	45.6	
42475.625	74.297	33.2	
42464.8125	74.306	28.8	
42468.5104166667	74.336	39.2	
42486.3854166667	74.336	38.4	
42467.8229166667	74.348	30	
42481.8229166667	74.348	72.4	
42486.0208333333	74.354	28.4	
42478.6041666667	74.402	43.2	
42482.4375	74.402	34	
42487.4791666667	74.402	48	
42487.09375	74.4055172413793	27.6	
42466.5416666667	74.423	43.2	
42467.4583333333	74.423	28.4	
42479.8645833333	74.492	34	
42481.6354166667	74.492	42.8	
42468.5208333333	74.606	38.4	
42486.3958333333	74.606	41.2	
42486.0104166667	74.624	29.2	
42487.875	74.663	33.6	
42475.8125	74.699	29.2	
42485.4375	74.7645161290323	41.6	
42478.75	74.789	38	
42464.5208333333	74.816	35.2	
42487.0833333333	74.8244827586207	28	
42480.8020833333	74.864	30.4	
42468.53125	74.876	38.4	
42486.40625	74.876	43.2	
42471.8020833333	74.8828571428571	32.4	
42486	74.894	28.8	
42465.8125	74.972	30.8	
42482.8125	74.972	30	
42479.4791666667	75.02	38.4	
42487	75.02	29.2	
42487.0104166667	75.02	28.8	
42487.0208333333	75.02	28.8	
42487.03125	75.02	28.8	
42487.0416666667	75.02	27.6	
42487.0520833333	75.02	28.4	
42487.0625	75.02	27.6	
42487.0729166667	75.02	27.6	
42489.0833333333	75.02	30	
42489.09375	75.02	29.6	
42489.0416666667	75.041724137931	30.4	
42465.5104166667	75.062	36.8	
42471.6354166667	75.062	47.6	
42475.6354166667	75.062	33.6	
42489.0520833333	75.088275862069	30.4	
42486.9895833333	75.092	28	
42467.8125	75.113	30.8	
42481.8125	75.113	73.6	
42479.4895833333	75.12	40.4	
42480.6666666667	75.125	42.8	
42486.4166666667	75.125	45.2	
42478.7083333333	75.1325	45.2	
42489.0625	75.1348275862069	29.6	
42485.9895833333	75.14	28	
42489.03125	75.14	30	
42478.7395833333	75.18	40.8	
42489.0729166667	75.1813793103448	29.2	
42475.8020833333	75.194	29.6	
42486.9791666667	75.22625	29.2	
42468.5416666667	75.251	36.8	
42489.1041666667	75.2927272727273	28.8	
42488.4270833333	75.3114285714286	34.4	
42480.6770833333	75.35	42	
42486.4270833333	75.35	46	
42466.7916666667	75.353	29.2	
42468.7916666667	75.353	28.8	
42485.9791666667	75.365	29.2	
42489.0208333333	75.365	31.2	
42485.9479166667	75.3862068965517	27.6	
42486.90625	75.3862068965517	30.4	
42486.9479166667	75.3862068965517	29.6	
42478.6145833333	75.392	44	
42482.4479166667	75.392	36	
42487.4895833333	75.392	45.6	
42487.8645833333	75.428	32.8	
42466.5520833333	75.458	44.8	
42467.46875	75.458	29.2	
42478.7291666667	75.48	42.8	
42481.6458333333	75.482	44.4	
42486.96875	75.5075	29.6	
42479.8541666667	75.527	35.2	
42464.53125	75.536	36	
42485.4479166667	75.541052631579	41.6	
42480.6875	75.575	42.4	
42486.4375	75.575	46.8	
42480.7916666667	75.584	30.8	
42471.7916666667	75.59	32.8	
42485.96875	75.59	28.8	
42489.0104166667	75.59	31.2	
42475.7916666667	75.689	28.8	
42489.1145833333	75.7018181818182	28.8	
42468.5520833333	75.746	39.2	
42478.71875	75.78	44.4	
42486.9583333333	75.78875	28.4	
42480.6979166667	75.8	42.8	
42486.4479166667	75.8	48.8	
42485.9583333333	75.815	28.4	
42489	75.815	30.4	
42465.5208333333	75.827	37.2	
42471.6458333333	75.827	47.6	
42475.6458333333	75.827	34.8	
42464.8020833333	75.836	30	
42485.9375	75.851724137931	28.8	
42486.8958333333	75.851724137931	31.2	
42486.9375	75.851724137931	29.6	
42467.8020833333	75.878	30.4	
42481.8020833333	75.878	71.2	
42471.7395833333	75.92	40.8	
42471.75	75.92	39.2	
42471.7604166667	75.92	36.8	
42471.7708333333	75.92	34.8	
42471.78125	75.92	33.6	
42478.625	75.92	44	
42478.6354166667	75.92	44	
42478.6458333333	75.92	45.2	
42478.65625	75.92	45.2	
42478.6666666667	75.92	45.2	
42478.6770833333	75.92	45.2	
42478.6875	75.92	45.2	
42478.6979166667	75.92	44.8	
42485.4583333333	75.92	43.6	
42464.5416666667	76.046	36.8	
42480.7083333333	76.046	42	
42489.125	76.046	28.8	
42479.5	76.0503448275862	42.8	
42468.78125	76.064	28.8	
42471.6979166667	76.064	45.2	
42480.78125	76.064	32.4	
42488.9895833333	76.064	31.2	
42482.4583333333	76.172	39.2	
42486.4583333333	76.172	48	
42487.5	76.172	45.2	
42487.8541666667	76.193	34	
42466.78125	76.208	30.8	
42475.78125	76.208	30	
42465.8020833333	76.232	30.4	
42482.8020833333	76.232	30	
42468.5625	76.241	40	
42464.5520833333	76.316	37.6	
42480.71875	76.316	40.4	
42489.1354166667	76.316	28.8	
42485.9270833333	76.3172413793103	29.6	
42486.8854166667	76.3172413793103	30.8	
42486.9270833333	76.3172413793103	30.8	
42479.5104166667	76.3296551724138	42.4	
42468.7708333333	76.334	30.8	
42471.6875	76.334	46.4	
42480.7708333333	76.334	33.2	
42488.9791666667	76.334	31.2	
42488.4375	76.4042857142857	35.6	
42471.7083333333	76.4413793103448	45.2	
42481.65625	76.472	45.2	
42466.5625	76.493	45.2	
42467.4791666667	76.493	30	
42479.84375	76.562	35.2	
42464.5625	76.586	39.2	
42480.7291666667	76.586	38	
42489.1458333333	76.586	28	
42465.53125	76.592	37.6	
42471.65625	76.592	46.4	
42475.65625	76.592	36	
42468.7604166667	76.604	32.8	
42471.6770833333	76.604	48	
42480.7604166667	76.604	33.2	
42488.96875	76.604	30.4	
42479.5208333333	76.6089655172414	44.8	
42467.7916666667	76.643	32	
42481.7916666667	76.643	60.4	
42482.46875	76.712	39.6	
42486.46875	76.712	48	
42487.5104166667	76.712	42.8	
42468.5729166667	76.736	40.8	
42466.7708333333	76.748	32	
42475.7708333333	76.748	30.8	
42471.7291666667	76.7507692307692	42.8	
42485.9166666667	76.7827586206897	30.4	
42486.875	76.7827586206897	31.2	
42486.9166666667	76.7827586206897	29.6	
42464.5729166667	76.856	40.8	
42480.7395833333	76.856	36	
42489.15625	76.856	29.6	
42468.75	76.874	35.2	
42471.6666666667	76.874	48.4	
42480.75	76.874	34.8	
42488.9583333333	76.874	30.8	
42479.53125	76.888275862069	44.4	
42487.84375	76.958	34	
42468.5833333333	77	41.2	
42468.59375	77	44.4	
42468.6041666667	77	45.2	
42468.6145833333	77	44.4	
42468.7083333333	77	45.2	
42468.71875	77	42.8	
42468.7291666667	77	42.8	
42468.7395833333	77	38.4	
42475.6666666667	77	36.8	
42475.6770833333	77	36.8	
42475.6875	77	38.8	
42475.6979166667	77	38.4	
42479.5416666667	77	44.4	
42489.28125	77	32	
42489.2916666667	77	33.6	
42489.3020833333	77	34.8	
42489.3125	77	34.4	
42489.3229166667	77	34.8	
42489.3333333333	77	35.2	
42489.34375	77	38	
42489.3541666667	77	39.6	
42489.3645833333	77	40	
42489.9791666667	77	30.8	
42489.9895833333	77	32	
42489.96875	77.0469565217391	31.6	
42475.7083333333	77.126	38.4	
42481.6666666667	77.126	44.4	
42489.1666666667	77.142641509434	28	
42481.78125	77.144	54.8	
42485.46875	77.144	44.4	
42488.9479166667	77.144	32.8	
42489.2708333333	77.1506976744186	31.2	
42464.5833333333	77.231	44	
42468.625	77.231	44	
42489.375	77.231	41.2	
42482.4791666667	77.252	40	
42486.4791666667	77.252	48.4	
42487.5208333333	77.252	42.8	
42468.6979166667	77.264	45.2	
42485.90625	77.264	30.4	
42486.8645833333	77.264	31.6	
42466.7604166667	77.288	33.6	
42475.7604166667	77.288	31.6	
42465.5416666667	77.357	36.8	
42464.7916666667	77.366	31.2	
42475.71875	77.396	37.2	
42481.6770833333	77.396	45.6	
42481.7708333333	77.414	50.4	
42488.9375	77.414	32.8	
42489.1770833333	77.4483018867925	27.6	
42465.7916666667	77.492	31.2	
42482.7916666667	77.492	31.2	
42488.4479166667	77.4971428571429	37.6	
42489.2604166667	77.5274418604651	31.2	
42466.5729166667	77.528	46.8	
42467.4895833333	77.528	31.2	
42479.5520833333	77.5321739130435	42.8	
42471.71875	77.5586206896552	44.4	
42479.8333333333	77.597	35.6	
42475.7291666667	77.666	36.4	
42481.6875	77.666	45.2	
42467.78125	77.672	34	
42481.7604166667	77.684	49.2	
42488.9270833333	77.684	31.6	
42487.8333333333	77.723	35.2	
42464.59375	77.726	46.4	
42468.6354166667	77.726	45.6	
42489.3854166667	77.726	42.8	
42489.9583333333	77.7513043478261	31.2	
42489.1875	77.7539622641509	29.2	
42468.6875	77.759	46.8	
42485.8958333333	77.759	29.6	
42486.8541666667	77.759	32.8	
42482.4895833333	77.792	41.2	
42486.4895833333	77.792	48.4	
42487.53125	77.792	41.6	
42466.75	77.828	35.2	
42475.75	77.828	33.2	
42489.25	77.9041860465116	30.8	
42475.7395833333	77.936	35.6	
42481.6979166667	77.936	44.8	
42481.75	77.954	47.6	
42488.9166666667	77.954	32.4	
42489.1979166667	78.0596226415094	28.8	
42481.7083333333	78.08	46.4	
42481.71875	78.08	43.6	
42481.7291666667	78.08	42.8	
42481.7395833333	78.08	44.4	
42482.5	78.08	42.8	
42482.5104166667	78.08	41.2	
42482.5208333333	78.08	40.8	
42482.53125	78.08	39.2	
42485.4791666667	78.08	46	
42485.4895833333	78.08	47.6	
42489.2083333333	78.08	30.4	
42489.21875	78.08	30.4	
42489.2291666667	78.08	30.8	
42489.2395833333	78.08	29.2	
42489.875	78.08	35.2	
42489.8854166667	78.08	33.6	
42489.8958333333	78.08	33.2	
42489.90625	78.08	32.8	
42489.9166666667	78.08	33.2	
42489.9270833333	78.08	32	
42489.9375	78.08	31.2	
42489.9479166667	78.08	31.2	
42465.5520833333	78.122	38	
42466.5833333333	78.185	48.4	
42467.5	78.185	32	
42482.5416666667	78.185	40	
42466.7395833333	78.2	36.8	
42479.8229166667	78.2	36.4	
42482.78125	78.2	32.8	
42488.90625	78.2	32.4	
42489.8645833333	78.2	34.8	
42464.6041666667	78.221	47.2	
42468.6458333333	78.221	45.6	
42489.3958333333	78.221	44.4	
42468.6770833333	78.254	47.6	
42485.8854166667	78.254	29.6	
42486.84375	78.254	31.6	
42487.5416666667	78.311	42.4	
42465.78125	78.344	32.4	
42466.59375	78.41	49.6	
42467.5104166667	78.41	32.8	
42482.5520833333	78.41	39.6	
42466.7291666667	78.425	39.6	
42479.8125	78.425	37.2	
42482.7708333333	78.425	34.8	
42488.8958333333	78.425	32.8	
42489.8541666667	78.425	34.4	
42486.5	78.4832	48.4	
42479.5625	78.53	42.8	
42488.4583333333	78.542	39.6	
42485.5	78.56	47.2	
42487.8229166667	78.608	36.4	
42466.6041666667	78.635	48	
42467.5208333333	78.635	34.4	
42482.5625	78.635	41.2	
42466.71875	78.65	42.8	
42479.8020833333	78.65	37.2	
42482.7604166667	78.65	36	
42488.8854166667	78.65	32.8	
42489.84375	78.65	32.8	
42464.6145833333	78.716	48.4	
42468.65625	78.716	46.4	
42489.40625	78.716	44.8	
42468.6666666667	78.749	47.6	
42485.875	78.749	30.8	
42486.8333333333	78.749	31.6	
42487.5520833333	78.806	42.8	
42489.8229166667	78.8284210526316	32	
42464.7708333333	78.839	34.4	
42465.7708333333	78.839	33.2	
42466.6145833333	78.86	49.6	
42467.53125	78.86	35.6	
42482.5729166667	78.86	41.6	
42466.7083333333	78.875	44.4	
42479.7916666667	78.875	38	
42482.75	78.875	38	
42488.875	78.875	33.2	
42489.8333333333	78.875	33.2	
42465.5625	78.887	38.8	
42489.8125	78.8994736842105	33.6	
42467.7708333333	78.932	35.2	
42489.8020833333	78.9705263157895	34	
42464.625	78.98	48	
42464.6354166667	78.98	48	
42464.6458333333	78.98	48	
42464.65625	78.98	48	
42489.4166666667	78.98	46.4	
42489.7708333333	79.0781818181818	36	
42464.6666666667	79.106	48.4	
42466.625	79.106	50	
42482.5833333333	79.106	40.8	
42466.6979166667	79.124	43.2	
42479.6979166667	79.124	44.4	
42482.7395833333	79.124	40.4	
42485.8645833333	79.124	30.8	
42479.7083333333	79.211	43.2	
42479.78125	79.244	39.2	
42486.8229166667	79.244	32	
42488.8645833333	79.244	34	
42487.5625	79.301	42.8	
42464.7604166667	79.334	35.6	
42465.7604166667	79.334	33.2	
42467.5416666667	79.337	36.8	
42486.5104166667	79.3472	48.4	
42464.6770833333	79.376	48.4	
42466.6354166667	79.376	48.4	
42482.59375	79.376	43.2	
42466.6875	79.394	43.6	
42479.6875	79.394	44.8	
42482.7291666667	79.394	43.6	
42485.8541666667	79.394	30.4	
42479.5729166667	79.5278260869565	43.6	
42488.46875	79.532	39.2	
42485.5104166667	79.5885714285714	45.2	
42487.8125	79.598	36.8	
42464.6875	79.646	48.8	
42466.6458333333	79.646	47.6	
42482.6041666667	79.646	43.2	
42489.78125	79.6485714285714	34.4	
42465.5729166667	79.652	40.8	
42466.6770833333	79.664	44.4	
42479.6770833333	79.664	45.2	
42482.71875	79.664	44.8	
42485.84375	79.664	31.2	
42489.7916666667	79.682	33.6	
42479.71875	79.706	42	
42479.7708333333	79.739	38.4	
42486.8125	79.739	32.4	
42488.8541666667	79.739	34	
42487.5729166667	79.796	42.4	
42489.7604166667	79.8145454545455	37.2	
42464.75	79.829	37.2	
42465.75	79.829	34.8	
42466.65625	79.916	46	
42482.6145833333	79.916	44	
42466.6666666667	79.934	45.2	
42479.6666666667	79.934	44	
42482.7083333333	79.934	47.6	
42485.8333333333	79.934	32	
42464.7083333333	80.06	48.8	
42464.7291666667	80.06	42	
42464.7395833333	80.06	39.6	
42465.5833333333	80.06	42.8	
42465.59375	80.06	43.6	
42465.6041666667	80.06	43.2	
42465.6145833333	80.06	43.6	
42482.625	80.06	44	
42482.6354166667	80.06	44.8	
42482.6458333333	80.06	44.8	
42482.65625	80.06	45.2	
42482.6666666667	80.06	44.8	
42482.6770833333	80.06	46.4	
42482.6875	80.06	46.8	
42482.6979166667	80.06	47.2	
42489.4270833333	80.06	48	
42489.75	80.06	38	
42467.5520833333	80.102	38	
42465.625	80.165	42.4	
42479.5833333333	80.165	45.6	
42465.7395833333	80.18	36.4	
42479.65625	80.18	44	
42467.7604166667	80.192	36.8	
42479.7291666667	80.201	41.2	
42486.5208333333	80.2112	48	
42479.7604166667	80.234	39.6	
42486.8020833333	80.234	32	
42488.84375	80.234	35.2	
42487.5833333333	80.291	43.2	
42489.4375	80.3511764705882	47.6	
42465.6354166667	80.39	42.4	
42479.59375	80.39	46	
42465.7291666667	80.405	40	
42479.6458333333	80.405	45.6	
42485.8229166667	80.444	32.4	
42488.4791666667	80.522	41.2	
42487.8020833333	80.588	37.2	
42465.6458333333	80.615	43.6	
42479.6041666667	80.615	45.2	
42485.5208333333	80.6171428571429	45.2	
42465.71875	80.63	42	
42479.6354166667	80.63	47.6	
42479.7395833333	80.696	40.8	
42479.75	80.729	40	
42486.7916666667	80.729	32.8	
42488.8333333333	80.729	36.4	
42489.4479166667	80.7482352941176	44.4	
42489.7395833333	80.78	39.2	
42487.59375	80.786	43.2	
42465.65625	80.84	42.8	
42479.6145833333	80.84	45.2	
42465.7083333333	80.855	44.8	
42479.625	80.855	46.8	
42467.5625	80.867	39.2	
42465.6666666667	80.96	42.4	
42465.6770833333	80.96	42.4	
42465.6875	80.96	43.2	
42465.6979166667	80.96	44.8	
42485.53125	80.96	45.2	
42489.7291666667	80.9884210526316	41.6	
42485.8125	81.164	33.2	
42485.5416666667	81.191	45.2	
42486.5520833333	81.268	44.8	
42487.6041666667	81.281	43.2	
42488.8229166667	81.368	38.4	
42486.53125	81.3714285714286	45.6	
42489.71875	81.4147368421053	43.2	
42467.75	81.452	38.8	
42486.78125	81.488	33.6	
42488.4895833333	81.512	42.8	
42487.7916666667	81.578	39.6	
42467.5729166667	81.632	40.4	
42489.4583333333	81.6472727272727	45.2	
42485.5520833333	81.686	46	
42487.6145833333	81.776	41.6	
42489.7083333333	81.8410526315789	43.2	
42485.8020833333	81.884	32.4	
42486.5625	81.928	47.2	
42467.7083333333	82.04	49.2	
42467.71875	82.04	46.4	
42467.7291666667	82.04	44	
42467.7395833333	82.04	40.4	
42486.5416666667	82.04	44.4	
42488.8125	82.133	39.2	
42467.5833333333	82.145	42	
42487.625	82.145	40.8	
42467.6979166667	82.16	48.8	
42487.78125	82.16	40.8	
42485.5625	82.181	45.6	
42488.5	82.271	44	
42467.59375	82.37	42.8	
42487.6354166667	82.37	41.2	
42467.6875	82.385	48.4	
42487.7708333333	82.385	40.4	
42486.7708333333	82.478	35.2	
42489.4895833333	82.4875675675676	45.6	
42486.5729166667	82.588	48	
42467.6041666667	82.595	44.4	
42487.6458333333	82.595	40.8	
42485.7916666667	82.604	32.8	
42467.6770833333	82.61	47.6	
42487.7604166667	82.61	40.8	
42489.6979166667	82.64	42.8	
42485.5729166667	82.676	46	
42489.4791666667	82.7064864864865	45.6	
42488.5104166667	82.766	41.2	
42467.6145833333	82.82	45.6	
42487.65625	82.82	44.8	
42467.6666666667	82.835	45.6	
42487.75	82.835	40.4	
42488.8020833333	82.898	39.6	
42489.46875	82.9254054054054	46	
42467.625	82.94	44.8	
42467.6354166667	82.94	45.2	
42467.6458333333	82.94	46.8	
42467.65625	82.94	45.2	
42487.6666666667	82.94	44.4	
42487.6770833333	82.94	43.6	
42487.6875	82.94	43.6	
42487.6979166667	82.94	43.2	
42487.7083333333	82.94	41.6	
42487.71875	82.94	41.6	
42487.7291666667	82.94	41.6	
42487.7395833333	82.94	41.2	
42489.5	82.94	45.6	
42489.5104166667	82.94	45.6	
42489.5208333333	82.94	47.2	
42489.53125	82.94	46	
42486.5833333333	83.171	48.4	
42489.6875	83.1875	44	
42488.5208333333	83.261	41.6	
42489.5416666667	83.2686956521739	46.4	
42485.5833333333	83.297	46	
42485.78125	83.348	34.8	
42486.7604166667	83.468	35.6	
42489.6770833333	83.525	43.6	
42488.7916666667	83.663	42.4	
42486.59375	83.666	48	
42488.53125	83.756	40	
42489.6666666667	83.8625	43.6	
42489.5520833333	83.9730434782609	45.2	
42489.5625	84.02	44.4	
42489.5729166667	84.02	44.4	
42485.59375	84.062	47.6	
42485.7708333333	84.113	34.8	
42486.6041666667	84.161	47.6	
42488.5416666667	84.251	39.2	
42489.5833333333	84.251	43.2	
42488.78125	84.284	42	
42489.65625	84.284	42.4	
42486.75	84.458	36.8	
42486.6145833333	84.656	48.8	
42488.5520833333	84.746	40.4	
42489.59375	84.746	43.6	
42488.7708333333	84.779	40.8	
42489.6458333333	84.779	43.6	
42485.6041666667	84.827	48.8	
42485.7604166667	84.878	35.2	
42486.625	84.92	47.2	
42486.6354166667	84.92	47.6	
42486.6458333333	84.92	47.6	
42486.65625	84.92	46.8	
42486.6666666667	84.92	46	
42486.6770833333	84.92	45.2	
42486.6875	84.92	48.8	
42486.6979166667	84.92	47.2	
42486.7083333333	84.92	45.2	
42486.71875	84.92	44.8	
42486.7291666667	84.92	40.4	
42486.7395833333	84.92	38.4	
42488.5625	85.241	44.4	
42489.6041666667	85.241	43.2	
42488.7604166667	85.274	39.2	
42489.6354166667	85.274	44.8	
42485.6145833333	85.592	49.6	
42485.75	85.643	38.8	
42488.5729166667	85.736	45.2	
42489.6145833333	85.736	45.2	
42488.75	85.769	39.6	
42489.625	85.769	44.8	
42485.625	86.126	50	
42488.5833333333	86.126	43.6	
42485.7395833333	86.144	39.6	
42488.7395833333	86.144	42	
42485.6354166667	86.396	48.8	
42488.59375	86.396	42	
42485.7291666667	86.414	42.8	
42488.7291666667	86.414	44	
42485.6458333333	86.666	48.4	
42488.6041666667	86.666	39.2	
42485.71875	86.684	43.2	
42488.71875	86.684	46.4	
42485.65625	86.936	46	
42488.6145833333	86.936	39.2	
42485.7083333333	86.954	45.2	
42488.7083333333	86.954	45.2	
42485.6666666667	87.08	44.8	
42485.6770833333	87.08	44	
42485.6875	87.08	44	
42485.6979166667	87.08	45.6	
42488.625	87.08	40.4	
42488.6354166667	87.08	42.4	
42488.6458333333	87.08	42.8	
42488.65625	87.08	42.8	
42488.6666666667	87.08	43.2	
42488.6770833333	87.08	43.6	
42488.6875	87.08	44.8	
42488.6979166667	87.08	45.2	
