Date	OADryBulbTemperature(NOAA)	ZoneLoadforContainerFPVAV29	
42463.25	42.98	325.08	
42463.2604166667	42.98	393.12	
42463.2708333333	42.98	324	
42463.28125	42.98	317.52	
42463.2916666667	43.211	285.12	
42463.3020833333	43.706	440.64	
42463.3125	44.201	332.64	
42463.3229166667	44.696	457.92	
42462.2916666667	45.086	311.04	
42462.28125	45.104	440.64	
42462.3020833333	45.356	432	
42462.2708333333	45.374	414.72	
42462.3125	45.626	440.64	
42462.2604166667	45.644	311.04	
42462.3229166667	45.896	423.36	
42462.25	45.914	324	
42463.3333333333	46.136	432	
42462.3333333333	46.502	432	
42462.34375	47.492	414.72	
42467.2916666667	48.125	253.8	
42467.28125	48.14	270	
42467.3020833333	48.35	259.2	
42467.2708333333	48.365	311.04	
42462.3541666667	48.482	423.36	
42467.3125	48.575	286.2	
42467.2604166667	48.59	304.56	
42463.34375	48.656	393.12	
42467.3229166667	48.8	378	
42467.25	48.815	324	
42462.3645833333	49.472	423.36	
42467.3333333333	50.096	317.52	
42464.28125	50.144	264.6	
42464.2916666667	50.231	237.6	
42464.2708333333	50.414	253.8	
42462.375	50.588	414.72	
42464.2604166667	50.684	259.2	
42464.3020833333	50.726	221.4	
42464.25	50.954	264.6	
42463.3541666667	51.176	340.2	
42464.3125	51.221	275.4	
42464.3229166667	51.716	370.44	
42462.3854166667	51.848	432	
42465.25	51.98	318.6	
42465.2604166667	51.98	270	
42465.2708333333	51.98	275.4	
42465.28125	51.98	275.4	
42465.2916666667	51.98	232.2	
42465.3020833333	51.98	336.96	
42465.3125	51.98	265.68	
42465.3229166667	51.98	285.12	
42464.3333333333	52.568	226.8	
42467.34375	52.616	370.44	
42465.3333333333	52.673	370.44	
42461.7916666667	53.06	259.2	
42461.8020833333	53.06	286.2	
42461.8125	53.06	216	
42461.8229166667	53.06	313.2	
42462.3958333333	53.108	332.64	
42461.78125	53.324	259.2	
42463.3645833333	53.696	347.76	
42461.7708333333	53.819	317.52	
42464.34375	53.828	673.92	
42461.7083333333	54.086	270	
42465.34375	54.158	725.76	
42461.6979166667	54.224	286.2	
42461.7604166667	54.314	336.96	
42461.71875	54.356	270	
42462.40625	54.368	432	
42461.7291666667	54.626	259.2	
42461.6875	54.719	243	
42461.75	54.809	324	
42461.7395833333	54.896	311.04	
42464.3541666667	55.088	1128.6	
42467.3541666667	55.136	842.4	
42461.6770833333	55.214	259.2	
42462.4166666667	55.628	336.96	
42465.3541666667	55.643	1283.04	
42461.6666666667	55.709	243	
42463.375	55.733	378	
42475.25	55.94	717.12	
42475.3020833333	55.94	226.8	
42475.3125	55.94	270	
42475.3229166667	55.94	682.56	
42461.65625	56.084	302.4	
42475.3333333333	56.0920689655172	903.96	
42475.2604166667	56.3194594594595	275.4	
42461.6458333333	56.354	264.6	
42475.34375	56.4179310344828	1366.2	
42466.25	56.57	797.04	
42461.6354166667	56.624	162	
42475.3541666667	56.7437931034483	1556.28	
42475.2708333333	56.7572972972973	264.6	
42462.4270833333	56.888	317.52	
42461.625	56.894	155.52	
42461.3229166667	57.02	259.2	
42466.2604166667	57.02	1146.96	
42466.2708333333	57.02	1058.4	
42466.28125	57.02	1144.8	
42466.2916666667	57.02	302.4	
42475.2916666667	57.02	270	
42475.3645833333	57.0696551724138	1698.84	
42475.28125	57.11	253.8	
42469.25	57.125	264.6	
42465.3645833333	57.128	1473.12	
42474.28125	57.14	216	
42461.3125	57.2114893617021	211.68	
42463.3854166667	57.218	317.52	
42483.28125	57.284	259.2	
42469.2604166667	57.35	270	
42474.2708333333	57.365	259.2	
42461.3020833333	57.4987234042553	270	
42474.2916666667	57.5046153846154	259.2	
42469.2708333333	57.575	286.2	
42474.2604166667	57.59	259.2	
42461.3333333333	57.608	324	
42466.3020833333	57.614	248.4	
42467.3645833333	57.656	446.04	
42483.2916666667	57.713	248.4	
42483.2708333333	57.779	270	
42461.2916666667	57.7859574468085	378	
42469.28125	57.8	275.4	
42474.25	57.815	855.36	
42475.375	57.92	2190.24	
42475.3854166667	57.92	2274.48	
42461.6145833333	57.956	44.28	
42475.3958333333	58.0064	2260.44	
42469.2916666667	58.046	228.96	
42462.4375	58.148	336.96	
42461.28125	58.208	259.2	
42483.2604166667	58.274	317.52	
42469.3020833333	58.316	259.2	
42466.3125	58.3565	302.4	
42469.3125	58.586	253.8	
42475.40625	58.6544	2047.68	
42463.3958333333	58.703	311.04	
42465.375	58.739	1568.16	
42461.2708333333	58.748	270	
42483.25	58.769	280.8	
42469.3229166667	58.856	370.44	
42461.34375	58.868	330.48	
42466.3229166667	59	275.4	
42474.3020833333	59	280.8	
42474.3125	59	291.6	
42474.3229166667	59	248.4	
42474.3333333333	59	248.4	
42474.34375	59.1157142857143	1069.2	
42468.3229166667	59.144	253.8	
42464.3854166667	59.198	2021.76	
42483.3020833333	59.198	275.4	
42475.4166666667	59.231	1630.8	
42484.28125	59.264	280.8	
42461.2604166667	59.288	291.6	
42462.4479166667	59.408	343.44	
42468.3125	59.414	253.8	
42469.3333333333	59.462	203.04	
42484.2916666667	59.462	253.8	
42468.3333333333	59.588	270	
42466.3333333333	59.63	699.84	
42468.3020833333	59.684	253.8	
42474.3541666667	59.6942857142857	1449.36	
42461.6041666667	59.711	139.32	
42475.4270833333	59.726	1598.4	
42484.2708333333	59.759	233.28	
42461.25	59.828	280.8	
42467.375	59.924	613.44	
42468.2916666667	59.954	253.8	
42466.34375	60.08	1030.32	
42466.3541666667	60.08	1283.04	
42466.3645833333	60.08	2021.76	
42482.25	60.08	286.2	
42482.2604166667	60.08	280.8	
42482.2708333333	60.08	248.4	
42482.28125	60.08	248.4	
42466.375	60.1166666666667	2204.28	
42461.3541666667	60.128	330.48	
42463.40625	60.188	291.6	
42475.4375	60.221	2047.68	
42484.2604166667	60.254	259.2	
42482.2916666667	60.311	297	
42474.3645833333	60.4261538461538	1508.76	
42469.34375	60.452	220.32	
42484.3020833333	60.452	324	
42468.28125	60.464	264.6	
42465.3854166667	60.494	1965.6	
42462.4583333333	60.647	211.68	
42466.3854166667	60.6666666666667	1995.84	
42464.3958333333	60.683	2218.32	
42483.3125	60.683	270	
42475.4479166667	60.716	2008.8	
42484.25	60.749	280.8	
42482.3020833333	60.806	264.6	
42468.34375	60.848	673.92	
42473.25	60.98	1010.88	
42473.2604166667	60.98	1686.96	
42473.2708333333	60.98	1544.4	
42473.28125	60.98	657.72	
42473.2916666667	60.98	544.32	
42473.3020833333	60.98	307.8	
42473.3125	60.98	162	
42473.3229166667	60.98	427.68	
42480.3333333333	60.98	1156.68	
42480.34375	60.98	1568.16	
42480.3541666667	60.98	1722.6	
42474.375	61.106	1758.24	
42473.3333333333	61.1342857142857	324	
42481.34375	61.148	307.8	
42468.2708333333	61.184	253.8	
42466.3958333333	61.2166666666667	2216.16	
42482.3125	61.301	259.2	
42474.3854166667	61.376	1829.52	
42461.3645833333	61.388	324	
42469.3541666667	61.442	194.4	
42484.3125	61.442	203.04	
42463.4166666667	61.442	370.44	
42475.4583333333	61.442	2021.76	
42473.34375	61.4648979591837	1010.88	
42461.59375	61.466	237.6	
42481.3541666667	61.508	1059.48	
42480.3645833333	61.52	2164.32	
42474.3958333333	61.646	1829.52	
42466.40625	61.7666666666667	1458	
42473.3541666667	61.7955102040816	1166.4	
42482.3229166667	61.796	286.2	
42480.3229166667	61.844	550.8	
42462.46875	61.862	216	
42481.3645833333	61.868	1956.96	
42468.2604166667	61.904	253.8	
42467.3854166667	61.904	699.84	
42474.40625	61.916	1512	
42470.25	62.06	198.72	
42470.2604166667	62.06	198.72	
42470.2708333333	62.06	190.08	
42470.28125	62.06	216	
42470.2916666667	62.06	203.04	
42473.3645833333	62.06	1302.48	
42480.375	62.06	2471.04	
42480.3854166667	62.06	2583.36	
42480.3958333333	62.06	1911.6	
42480.40625	62.06	1782	
42481.375	62.06	1969.92	
42481.3854166667	62.06	2706.48	
42468.3541666667	62.108	1108.08	
42461.375	62.165	336.96	
42473.375	62.165	1829.52	
42474.4166666667	62.165	1829.52	
42464.40625	62.168	2316.6	
42483.3229166667	62.168	243	
42470.3020833333	62.1725	220.32	
42465.3958333333	62.249	2330.64	
42480.4166666667	62.291	2511	
42481.3958333333	62.3511764705882	2442.96	
42466.4166666667	62.36	2358.72	
42461.3854166667	62.39	207.36	
42473.3854166667	62.39	1924.56	
42474.4270833333	62.39	1738.8	
42469.3645833333	62.432	228.96	
42484.3229166667	62.432	224.64	
42463.4270833333	62.432	378	
42475.46875	62.432	1620	
42481.3333333333	62.5	345.6	
42470.3125	62.594375	185.76	
42461.3958333333	62.615	291.6	
42473.3958333333	62.615	2428.92	
42474.4375	62.615	1803.6	
42468.25	62.624	270	
42482.3333333333	62.627	253.8	
42481.40625	62.7482352941176	1936.44	
42480.4270833333	62.786	1771.2	
42461.40625	62.84	291.6	
42473.40625	62.84	2428.92	
42474.4479166667	62.84	1805.76	
42470.3229166667	62.96	220.32	
42466.4270833333	63.0615384615385	1576.8	
42462.4791666667	63.077	190.08	
42461.4166666667	63.086	699.84	
42461.5416666667	63.086	168.48	
42487.25	63.086	324	
42476.25	63.1903225806452	343.44	
42461.5833333333	63.221	270	
42461.53125	63.224	162	
42474.4583333333	63.2613043478261	1760.4	
42480.4375	63.281	1663.2	
42470.3333333333	63.317	194.4	
42461.4270833333	63.356	874.8	
42461.5520833333	63.356	158.76	
42487.2604166667	63.356	280.8	
42468.3645833333	63.368	1485	
42463.4375	63.422	304.56	
42469.375	63.422	203.04	
42475.4791666667	63.422	1587.6	
42481.4166666667	63.422	1948.32	
42484.3333333333	63.422	220.32	
42473.4166666667	63.455	2060.64	
42464.4166666667	63.548	2047.68	
42461.4375	63.626	1059.48	
42461.5625	63.626	158.76	
42487.2708333333	63.626	270	
42462.8229166667	63.632	0	
42474.8229166667	63.6486956521739	544.32	
42483.3333333333	63.674	264.6	
42476.2604166667	63.6838709677419	589.68	
42461.5208333333	63.719	162	
42480.4479166667	63.776	1641.6	
42482.34375	63.842	734.4	
42467.3958333333	63.884	355.32	
42461.4479166667	63.896	382.32	
42461.5729166667	63.896	162	
42487.28125	63.896	152.28	
42474.46875	63.9069565217391	2086.56	
42465.40625	64.004	2513.16	
42479.2916666667	64.04	149.04	
42479.3020833333	64.04	286.2	
42487.2916666667	64.04	280.8	
42487.3020833333	64.04	162	
42487.3125	64.04	149.04	
42487.3229166667	64.04	142.56	
42470.34375	64.082	211.68	
42480.3125	64.13	479.52	
42461.4583333333	64.145	291.6	
42480.4583333333	64.145	1771.2	
42476.2708333333	64.1774193548387	619.92	
42479.3125	64.2025806451613	434.16	
42461.5104166667	64.214	270	
42462.4895833333	64.292	228.96	
42461.46875	64.37	264.6	
42480.46875	64.37	1652.4	
42487.3333333333	64.376	149.04	
42479.3229166667	64.3767741935484	421.2	
42463.4479166667	64.412	362.88	
42469.3854166667	64.412	264.6	
42475.4895833333	64.412	1717.2	
42481.4270833333	64.412	1663.2	
42484.34375	64.412	343.44	
42479.28125	64.43375	318.6	
42481.3229166667	64.4925714285714	248.4	
42468.375	64.502	1663.2	
42473.4270833333	64.5157142857143	1706.4	
42473.8229166667	64.55	197.64	
42474.4791666667	64.5526086956522	1641.6	
42466.4375	64.5846153846154	1706.4	
42461.4791666667	64.595	270	
42480.4791666667	64.595	2099.52	
42479.2708333333	64.6025	492.48	
42476.28125	64.6709677419355	673.92	
42461.5	64.709	132.84	
42479.2604166667	64.77125	672.84	
42464.4270833333	64.808	1931.04	
42461.4895833333	64.82	162	
42480.4895833333	64.82	1728	
42470.3541666667	64.847	224.64	
42462.8125	64.892	0	
42472.3333333333	64.94	511.92	
42472.34375	64.94	1166.4	
42472.3541666667	64.94	2073.6	
42472.3645833333	64.94	2691.36	
42472.375	64.94	2457	
42472.3854166667	64.94	2667.6	
42472.3958333333	64.94	2653.56	
42472.40625	64.94	2332.8	
42472.4166666667	64.94	2345.76	
42473.4375	64.94	2449.44	
42473.4479166667	64.94	2397.6	
42473.8020833333	64.94	695.52	
42473.8125	64.94	388.8	
42474.8125	64.94	531.36	
42479.25	64.94	1176.12	
42479.3333333333	64.94	972	
42479.34375	64.94	1078.92	
42479.3541666667	64.94	1382.4	
42482.3541666667	65.057	1040.04	
42462.5	65.066	198.72	
42473.4583333333	65.066	2242.08	
42480.5	65.066	1749.6	
42472.3229166667	65.084	427.68	
42487.34375	65.096	158.76	
42472.4270833333	65.1305882352941	2268	
42481.25	65.1443243243243	881.28	
42476.2916666667	65.1645161290323	536.76	
42481.5	65.171	2151.36	
42483.34375	65.204	270	
42481.4895833333	65.2485714285714	1663.2	
42462.5104166667	65.336	297	
42473.46875	65.336	2073.6	
42480.5104166667	65.336	1728	
42481.3125	65.3411428571429	414.72	
42472.3125	65.354	414.72	
42469.3958333333	65.402	203.04	
42481.4375	65.402	1674	
42484.3541666667	65.402	216	
42474.4895833333	65.4028571428571	1771.2	
42463.4583333333	65.423	233.28	
42468.3854166667	65.492	1969.92	
42481.2604166667	65.5821621621622	1127.52	
42462.5208333333	65.606	145.8	
42473.4791666667	65.606	1846.8	
42480.5208333333	65.606	1728	
42472.4375	65.6070588235294	2268	
42470.3645833333	65.612	216	
42472.3020833333	65.624	378	
42465.4166666667	65.654	3061.8	
42476.3020833333	65.658064516129	345.6	
42481.5104166667	65.666	1760.4	
42473.7916666667	65.6763636363636	771.12	
42475.5	65.696	1587.6	
42474.8020833333	65.7427027027027	448.2	
42487.3541666667	65.816	264.6	
42481.4791666667	65.8271428571429	1749.6	
42479.3645833333	65.8563636363636	2112.48	
42467.40625	65.864	355.32	
42462.53125	65.876	149.04	
42473.4895833333	65.876	1933.2	
42480.53125	65.876	1738.8	
42472.2916666667	65.894	394.2	
42472.4479166667	66.02	2293.92	
42472.4583333333	66.02	2306.88	
42472.46875	66.02	2293.92	
42472.4791666667	66.02	2242.08	
42472.4895833333	66.02	2280.96	
42473.78125	66.02	801.36	
42478.3333333333	66.02	531.36	
42478.34375	66.02	1146.96	
42478.3541666667	66.02	1283.04	
42478.3645833333	66.02	1758.24	
42478.375	66.02	2358.72	
42478.3854166667	66.02	2527.2	
42478.3958333333	66.02	2611.44	
42478.4166666667	66.02	3450.6	
42478.4270833333	66.02	3499.2	
42478.4375	66.02	3873.96	
42478.4479166667	66.02	3680.64	
42479.375	66.02	2471.04	
42481.2708333333	66.02	889.92	
42481.3020833333	66.02	155.52	
42464.4375	66.068	1587.6	
42466.4479166667	66.1076923076923	1555.2	
42473.5	66.125	2332.8	
42474.5833333333	66.125	3957.12	
42472.8229166667	66.14	881.28	
42472.5	66.146	2268	
42462.8020833333	66.152	103.68	
42476.3125	66.1533333333333	408.24	
42481.5208333333	66.161	1771.2	
42472.28125	66.164	405	
42478.40625	66.1723076923077	2653.56	
42470.375	66.251	185.76	
42474.5	66.251	2055.24	
42482.3645833333	66.272	1461.24	
42474.5729166667	66.284	3767.04	
42481.46875	66.30125	1771.2	
42473.5104166667	66.35	2280.96	
42474.59375	66.35	3507.84	
42472.8125	66.365	641.52	
42462.5416666667	66.377	162	
42469.40625	66.392	194.4	
42481.4479166667	66.392	1652.4	
42484.3645833333	66.392	220.32	
42472.5104166667	66.416	1911.6	
42478.3229166667	66.4273684210526	210.6	
42472.2708333333	66.434	650.16	
42463.46875	66.458	224.64	
42478.4583333333	66.47	3507.84	
42468.3958333333	66.482	2316.6	
42480.5416666667	66.482	2667.6	
42487.3645833333	66.536	264.6	
42474.7916666667	66.5454054054054	537.84	
42473.5208333333	66.575	2229.12	
42474.6041666667	66.575	2475.36	
42479.3854166667	66.5803773584906	2625.48	
42481.2916666667	66.5884210526316	307.8	
42472.8020833333	66.59	959.04	
42473.7708333333	66.5911538461538	884.52	
42476.3229166667	66.6533333333333	613.44	
42481.53125	66.656	2125.44	
42475.5104166667	66.68	1609.2	
42472.5208333333	66.686	2457	
42472.2604166667	66.704	1371.6	
42481.4583333333	66.723125	1641.6	
42483.3541666667	66.734	286.2	
42478.28125	66.74	383.4	
42470.3854166667	66.746	216	
42474.5104166667	66.746	1782	
42474.5625	66.779	3450.6	
42473.53125	66.8	2280.96	
42474.6145833333	66.8	2221.56	
42472.7916666667	66.815	583.2	
42472.25	66.92	1686.96	
42473.5416666667	66.92	1814.4	
42474.625	66.92	2436.48	
42474.6354166667	66.92	1868.4	
42474.6458333333	66.92	2190.24	
42474.65625	66.92	2449.44	
42474.6666666667	66.92	2306.88	
42474.6770833333	66.92	1954.8	
42474.6875	66.92	2345.76	
42474.6979166667	66.92	2449.44	
42474.7083333333	66.92	1419.12	
42474.71875	66.92	1185.84	
42474.7291666667	66.92	1176.12	
42474.7395833333	66.92	831.6	
42474.78125	66.92	563.76	
42478.2916666667	66.92	318.6	
42478.3020833333	66.92	178.2	
42478.3125	66.92	200.88	
42478.46875	66.92	2019.6	
42481.28125	66.92	768.96	
42481.5416666667	66.92	2293.92	
42481.5520833333	66.92	1803.6	
42488.25	66.92	155.52	
42488.2604166667	66.92	291.6	
42473.7083333333	67.046	2566.08	
42473.6979166667	67.064	2019.6	
42472.53125	67.136	2872.8	
42479.3958333333	67.1407547169811	2892.24	
42462.5520833333	67.142	155.52	
42473.7604166667	67.1623076923077	1273.32	
42473.5520833333	67.1624489795918	1944	
42469.4166666667	67.172	237.6	
42476.3333333333	67.172	648	
42465.4270833333	67.184	2867.4	
42472.78125	67.208	889.92	
42470.3958333333	67.241	216	
42474.5208333333	67.241	1771.2	
42474.5520833333	67.274	3114.72	
42484.375	67.277	362.88	
42487.375	67.277	313.2	
42474.75	67.298	718.2	
42488.2708333333	67.31	340.2	
42473.71875	67.316	2449.44	
42464.4479166667	67.328	1587.6	
42473.6875	67.334	2332.8	
42474.7708333333	67.3442857142857	695.52	
42478.4791666667	67.352	2007.72	
42478.2708333333	67.388	345.6	
42462.7916666667	67.412	110.16	
42468.40625	67.472	1801.44	
42480.5520833333	67.472	3191.4	
42463.4791666667	67.493	232.2	
42473.5625	67.4930612244898	2319.84	
42475.5208333333	67.505	1865.16	
42482.375	67.508	1746.36	
42473.7291666667	67.586	2371.68	
42473.6770833333	67.604	2371.68	
42466.4583333333	67.634	1576.8	
42479.40625	67.7011320754717	2345.76	
42469.4270833333	67.712	248.4	
42476.34375	67.712	388.8	
42473.75	67.7334615384615	1399.68	
42470.40625	67.736	165.24	
42474.53125	67.736	2319.84	
42467.4166666667	67.739	370.44	
42472.7708333333	67.748	786.24	
42488.28125	67.76	187.92	
42474.5416666667	67.769	3288.6	
42478.4895833333	67.8148571428572	1857.6	
42473.5729166667	67.8236734693878	2319.84	
42473.7395833333	67.856	2190.24	
42473.6666666667	67.874	2319.84	
42462.5625	67.907	171.72	
42474.7604166667	67.9228571428571	453.6	
42478.2604166667	67.928	399.6	
42470.4166666667	68	216	
42473.5833333333	68	2306.88	
42473.59375	68	2332.8	
42473.6041666667	68	2332.8	
42473.6145833333	68	2293.92	
42473.625	68	2332.8	
42473.6354166667	68	1933.2	
42473.6458333333	68	2376	
42473.65625	68	2449.44	
42478.25	68	1273.32	
42478.5	68	1846.8	
42481.5625	68	2293.92	
42488.2916666667	68	241.92	
42488.3020833333	68	291.6	
42488.3125	68	313.2	
42488.3229166667	68	434.16	
42490.2916666667	68	334.8	
42490.3020833333	68	276.48	
42484.3854166667	68.042	343.44	
42487.3854166667	68.042	165.24	
42472.5416666667	68.126	2229.12	
42485.25	68.126	280.8	
42462.78125	68.144	59.4	
42478.5208333333	68.144	2216.16	
42488.3333333333	68.231	340.2	
42469.4375	68.252	275.4	
42476.3541666667	68.252	691.2	
42483.3645833333	68.264	259.2	
42472.7604166667	68.288	861.84	
42468.4166666667	68.357	1620	
42472.5520833333	68.396	2203.2	
42485.2604166667	68.396	291.6	
42462.7708333333	68.414	60.48	
42480.5625	68.462	3321	
42475.53125	68.4628571428571	2021.76	
42470.4270833333	68.5109677419355	220.32	
42463.4895833333	68.528	105.84	
42464.4583333333	68.588	1380.24	
42472.5625	68.666	2319.84	
42485.2708333333	68.666	152.28	
42462.5729166667	68.672	52.92	
42463.8229166667	68.672	166.32	
42462.7604166667	68.684	51.84	
42479.4166666667	68.693	1924.56	
42490.3125	68.7071428571429	237.6	
42465.4375	68.714	2736.72	
42488.34375	68.726	330.48	
42482.3854166667	68.768	1829.52	
42469.4479166667	68.792	198.72	
42476.3645833333	68.792	324	
42484.3958333333	68.807	198.72	
42487.3958333333	68.807	324	
42472.75	68.828	861.84	
42472.5729166667	68.936	2293.92	
42485.28125	68.936	174.96	
42462.75	68.954	-49.68	
42478.5104166667	68.9818181818182	2229.12	
42472.5833333333	69.08	2639.52	
42472.59375	69.08	3837.24	
42472.6041666667	69.08	3190.32	
42472.6145833333	69.08	4131	
42472.625	69.08	3871.8	
42472.6354166667	69.08	3525.12	
42472.6458333333	69.08	2138.4	
42472.65625	69.08	2150.28	
42478.5416666667	69.08	2255.04	
42480.25	69.08	356.4	
42480.2604166667	69.08	479.52	
42490.28125	69.08	267.84	
42468.4270833333	69.122	1641.6	
42466.46875	69.164	1609.2	
42477.25	69.1668965517241	297	
42485.2916666667	69.1668965517241	162	
42462.5833333333	69.185	116.64	
42472.6666666667	69.185	2540.16	
42477.2916666667	69.185	414.72	
42462.7395833333	69.2	52.92	
42472.7395833333	69.2	892.08	
42488.3541666667	69.221	388.8	
42485.3333333333	69.2375	52.92	
42480.2708333333	69.24	207.36	
42478.53125	69.26	2203.2	
42463.5	69.311	149.04	
42477.2604166667	69.3531034482759	447.12	
42485.3020833333	69.3531034482759	275.4	
42490.3333333333	69.3841379310345	536.76	
42462.59375	69.41	105.84	
42472.6770833333	69.41	2397.6	
42477.3020833333	69.41	152.28	
42469.4583333333	69.416	275.4	
42475.5416666667	69.416	2611.44	
42462.7291666667	69.425	155.52	
42472.7291666667	69.425	884.52	
42480.5729166667	69.452	3984.12	
42467.4270833333	69.494	270	
42476.375	69.5182608695652	656.64	
42480.2916666667	69.53	367.2	
42477.2708333333	69.5393103448276	340.2	
42485.3125	69.5393103448276	158.76	
42483.375	69.542	270	
42484.40625	69.572	228.96	
42487.40625	69.572	345.6	
42485.34375	69.575	162	
42478.5520833333	69.5886956521739	2190.24	
42490.3229166667	69.5942857142857	52.92	
42462.6041666667	69.635	101.52	
42472.6875	69.635	2319.84	
42477.3125	69.635	351	
42480.28125	69.64	427.68	
42462.71875	69.65	155.52	
42472.71875	69.65	1360.8	
42490.2708333333	69.6936363636364	187.92	
42488.3645833333	69.716	378	
42477.28125	69.7255172413793	345.6	
42485.3229166667	69.7255172413793	165.24	
42463.5104166667	69.806	165.24	
42477.40625	69.8220408163265	334.8	
42464.46875	69.848	1263.6	
42462.6145833333	69.86	162	
42472.6979166667	69.86	2358.72	
42477.3229166667	69.86	369.36	
42462.7083333333	69.875	105.84	
42472.7083333333	69.875	1409.4	
42477.3958333333	69.8771428571429	297	
42468.4375	69.887	1609.2	
42485.3541666667	69.9125	291.6	
42463.8125	69.932	168.48	
42477.3854166667	69.9322448979592	345.6	
42477.3333333333	69.98	162	
42477.34375	69.98	453.6	
42477.3541666667	69.98	168.48	
42477.3645833333	69.98	171.72	
42477.375	69.98	171.72	
42480.3020833333	69.98	254.88	
42490.25	69.98	511.92	
42490.2604166667	69.98	505.44	
42481.5729166667	69.995652173913	1792.8	
42482.3958333333	70.028	1995.84	
42490.34375	70.0358620689655	200.88	
42462.625	70.106	155.52	
42480.5833333333	70.106	4039.2	
42462.6979166667	70.124	116.64	
42469.46875	70.136	270	
42475.5520833333	70.136	2765.88	
42471.3333333333	70.1558139534884	1001.16	
42487.4166666667	70.211	622.08	
42465.4479166667	70.244	2462.4	
42479.4270833333	70.2581818181818	2268	
42484.8229166667	70.2885714285714	492.48	
42463.5208333333	70.301	149.04	
42484.4166666667	70.337	190.08	
42488.375	70.337	207.36	
42462.6354166667	70.376	52.92	
42480.59375	70.376	4479.84	
42469.8229166667	70.388	531.36	
42462.6875	70.394	101.52	
42470.4375	70.4270967741935	224.64	
42476.3854166667	70.4573913043478	492.48	
42477.4166666667	70.484	259.2	
42483.3854166667	70.532	259.2	
42471.34375	70.5325581395349	1156.68	
42485.3645833333	70.628	174.96	
42478.5625	70.6376923076923	1836	
42462.6458333333	70.646	51.84	
42480.6041666667	70.646	3991.68	
42468.4479166667	70.652	1598.4	
42462.6770833333	70.664	103.68	
42490.3541666667	70.6875862068966	356.4	
42466.4791666667	70.694	1458	
42487.4270833333	70.706	259.2	
42471.3229166667	70.7654545454545	334.8	
42463.53125	70.796	158.76	
42469.4791666667	70.856	259.2	
42475.5625	70.856	2976.48	
42484.8125	70.8671428571429	492.48	
42471.3541666667	70.9093023255814	2047.68	
42462.65625	70.916	49.68	
42480.6145833333	70.916	2667.6	
42462.6666666667	70.934	99.36	
42471.25	71.06	1176.12	
42471.2604166667	71.06	345.6	
42471.2708333333	71.06	401.76	
42471.28125	71.06	55.08	
42471.2916666667	71.06	447.12	
42471.3020833333	71.06	250.56	
42471.3125	71.06	375.84	
42471.375	71.06	2371.68	
42471.3854166667	71.06	2808	
42471.3958333333	71.06	2850.12	
42471.40625	71.06	3450.6	
42477.4270833333	71.06	329.4	
42484.7916666667	71.06	399.6	
42484.8020833333	71.06	302.4	
42484.4270833333	71.102	198.72	
42488.3854166667	71.102	447.12	
42464.4791666667	71.108	1252.8	
42469.8125	71.153	210.6	
42484.6666666667	71.165	246.24	
42463.8020833333	71.192	164.16	
42471.4166666667	71.2	2475.36	
42487.4375	71.201	473.04	
42484.78125	71.2069387755102	550.8	
42467.4375	71.249	280.8	
42477.4375	71.2563636363636	313.2	
42482.40625	71.288	3041.28	
42463.5416666667	71.291	50.76	
42469.7083333333	71.291	388.8	
42481.5833333333	71.291	2255.04	
42485.375	71.291	334.8	
42469.6979166667	71.324	332.64	
42490.3645833333	71.3393103448276	184.68	
42471.3645833333	71.384	2177.28	
42484.6770833333	71.39	74.52	
42465.4583333333	71.396	2555.28	
42468.4583333333	71.396	1620	
42490.375	71.396	220.32	
42476.3958333333	71.3965217391304	665.28	
42484.65625	71.444	289.44	
42480.625	71.48	2387.88	
42484.7708333333	71.4824489795918	466.56	
42471.4270833333	71.5	2423.52	
42477.4479166667	71.5018181818182	50.76	
42483.3958333333	71.522	275.4	
42477.4583333333	71.5733333333333	356.4	
42469.4895833333	71.576	155.52	
42475.5729166667	71.576	3054.24	
42484.6875	71.615	127.44	
42487.4479166667	71.696	267.84	
42466.8229166667	71.708	699.84	
42468.8229166667	71.708	577.8	
42477.8229166667	71.7145454545454	448.2	
42471.4479166667	71.75	2138.4	
42484.7604166667	71.7579591836735	127.44	
42463.5520833333	71.786	55.08	
42469.71875	71.786	531.36	
42481.59375	71.786	1846.8	
42485.3854166667	71.786	673.92	
42471.4375	71.8	2332.8	
42469.6875	71.819	394.2	
42484.6979166667	71.84	511.92	
42484.4375	71.867	233.28	
42488.3958333333	71.867	329.4	
42469.8020833333	71.918	524.88	
42471.4583333333	71.96	2268	
42476.40625	71.96	318.6	
42484.7395833333	71.96	511.92	
42484.75	71.96	146.88	
42478.8229166667	72.104	577.8	
42465.46875	72.116	2736.72	
42468.46875	72.116	1749.6	
42490.3854166667	72.116	440.64	
42476.4166666667	72.1337931034483	498.96	
42484.6458333333	72.164	498.96	
42480.6354166667	72.17	2643.84	
42469.5	72.191	264.6	
42475.5833333333	72.191	3905.28	
42466.4895833333	72.224	1576.8	
42470.4479166667	72.2545454545455	211.68	
42463.5625	72.281	108	
42469.7291666667	72.281	531.36	
42481.6041666667	72.281	2190.24	
42485.3958333333	72.281	786.24	
42469.6770833333	72.314	276.48	
42471.46875	72.32	2345.76	
42479.4375	72.3445454545455	1868.4	
42464.4895833333	72.368	1447.2	
42478.8125	72.374	561.6	
42478.5833333333	72.422	1545.48	
42482.4166666667	72.422	1652.4	
42487.4583333333	72.422	442.8	
42479.4479166667	72.44	1846.8	
42463.7916666667	72.452	149.04	
42476.4270833333	72.5062068965517	511.92	
42483.40625	72.512	280.8	
42478.5729166667	72.6107692307692	2177.28	
42480.6458333333	72.62	2304.72	
42484.4479166667	72.632	203.04	
42488.40625	72.632	318.6	
42478.8020833333	72.644	984.96	
42477.46875	72.6733333333333	318.6	
42469.7916666667	72.683	223.56	
42469.5104166667	72.686	158.76	
42475.59375	72.686	3837.24	
42479.4583333333	72.716	2229.12	
42464.8229166667	72.776	1080	
42463.5729166667	72.776	110.16	
42469.7395833333	72.776	550.8	
42481.6145833333	72.776	1814.4	
42485.40625	72.776	340.2	
42469.6666666667	72.809	405	
42471.4791666667	72.8109090909091	1868.4	
42465.4791666667	72.836	2332.8	
42468.4791666667	72.836	1782	
42490.3958333333	72.836	394.2	
42476.4375	72.8786206896552	673.92	
42484.6354166667	72.884	336.96	
42478.7916666667	72.914	680.4	
42466.8125	72.923	693.36	
42468.8125	72.923	628.56	
42477.8125	72.95	473.04	
42484.7291666667	72.9628571428571	59.4	
42467.4479166667	73.004	248.4	
42463.5833333333	73.04	165.24	
42463.59375	73.04	55.08	
42463.6041666667	73.04	52.92	
42463.6145833333	73.04	57.24	
42469.75	73.04	181.44	
42469.7604166667	73.04	230.04	
42469.7708333333	73.04	341.28	
42469.78125	73.04	302.4	
42470.4583333333	73.04	207.36	
42471.4895833333	73.04	2268	
42477.5	73.04	52.92	
42477.5104166667	73.04	54	
42477.5208333333	73.04	313.2	
42477.53125	73.04	414.72	
42477.5416666667	73.04	237.6	
42477.5520833333	73.04	50.76	
42477.5625	73.04	415.8	
42485.4166666667	73.04	174.96	
42486.25	73.04	367.2	
42486.2604166667	73.04	466.56	
42486.2708333333	73.04	486	
42486.28125	73.04	289.44	
42484.7083333333	73.115	518.4	
42463.625	73.145	105.84	
42466.5	73.145	1598.4	
42477.5833333333	73.145	479.52	
42484.5833333333	73.145	123.12	
42486.2916666667	73.145	492.48	
42463.78125	73.16	168.48	
42469.5729166667	73.16	55.08	
42469.5208333333	73.181	165.24	
42475.6041666667	73.181	2625.48	
42471.5	73.186511627907	2293.92	
42470.46875	73.2507317073171	224.64	
42476.4479166667	73.2510344827586	691.2	
42480.65625	73.26	2604.96	
42477.5729166667	73.2941176470588	307.8	
42478.78125	73.304	556.2	
42484.4583333333	73.355	253.8	
42463.6354166667	73.37	0	
42466.5104166667	73.37	1900.8	
42477.59375	73.37	410.4	
42484.59375	73.37	136.08	
42486.3020833333	73.37	447.12	
42464.5	73.376	1458	
42469.5833333333	73.376	136.08	
42483.4166666667	73.376	142.56	
42463.7708333333	73.385	162	
42469.5625	73.385	55.08	
42477.4895833333	73.4	197.64	
42478.59375	73.412	1749.6	
42482.4270833333	73.412	1879.2	
42487.46875	73.412	531.36	
42469.65625	73.424	460.08	
42480.8229166667	73.424	550.8	
42484.5729166667	73.424	72.36	
42471.8229166667	73.44	898.56	
42471.5729166667	73.4558620689655	4945.32	
42471.5104166667	73.5004651162791	2268	
42481.625	73.502	2332.8	
42465.4895833333	73.556	2695.68	
42468.4895833333	73.556	1706.4	
42490.40625	73.556	351	
42484.71875	73.565	336.96	
42463.6458333333	73.595	61.56	
42466.5208333333	73.595	1609.2	
42477.6041666667	73.595	399.6	
42484.6041666667	73.595	479.52	
42486.3125	73.595	486	
42471.5625	73.5955172413793	4277.88	
42484.625	73.604	328.32	
42463.7604166667	73.61	168.48	
42469.5520833333	73.61	50.76	
42469.53125	73.676	168.48	
42475.6145833333	73.676	1533.6	
42465.8229166667	73.712	797.04	
42482.8229166667	73.712	1010.88	
42477.4791666667	73.7323076923077	351	
42471.5520833333	73.7351724137931	4186.08	
42478.7708333333	73.799	673.92	
42485.4270833333	73.8064516129032	237.6	
42488.4166666667	73.81	356.4	
42471.5208333333	73.8144186046512	2268	
42463.65625	73.82	-57.24	
42466.53125	73.82	1746.36	
42477.6145833333	73.82	48.6	
42484.6145833333	73.82	394.2	
42486.3229166667	73.82	498.96	
42463.75	73.835	162	
42469.5416666667	73.835	56.16	
42471.5416666667	73.8748275862069	2864.16	
42471.53125	73.94	2423.52	
42471.5833333333	73.94	2836.08	
42471.59375	73.94	2221.56	
42471.6041666667	73.94	2604.96	
42471.6145833333	73.94	2449.44	
42486.3333333333	73.94	531.36	
42486.34375	73.94	557.28	
42486.3541666667	73.94	492.48	
42486.3645833333	73.94	421.2	
42463.6666666667	74.066	0	
42468.5	74.066	1684.8	
42477.625	74.066	486	
42486.375	74.066	511.92	
42477.8020833333	74.0696	367.2	
42479.46875	74.0730434782609	2203.2	
42463.7395833333	74.084	79.92	
42470.8229166667	74.084	550.8	
42464.5104166667	74.096	1533.6	
42469.59375	74.096	492.48	
42483.4270833333	74.096	259.2	
42466.8020833333	74.138	1028.16	
42468.8020833333	74.138	706.32	
42469.6458333333	74.144	120.96	
42480.8125	74.144	680.4	
42484.5625	74.144	62.64	
42484.4791666667	74.1684615384615	145.8	
42471.8125	74.1757142857143	924.48	
42475.8229166667	74.204	667.44	
42478.7604166667	74.294	1002.24	
42465.5	74.297	3321	
42471.625	74.297	2566.08	
42475.625	74.297	1389.96	
42490.4166666667	74.297	479.52	
42470.4791666667	74.3043902439024	112.32	
42464.8125	74.306	960.12	
42463.6770833333	74.336	0	
42468.5104166667	74.336	1652.4	
42477.6354166667	74.336	434.16	
42486.3854166667	74.336	518.4	
42467.8229166667	74.348	1157.76	
42481.8229166667	74.348	-2561.76	
42463.7291666667	74.354	64.8	
42470.8125	74.354	550.8	
42478.6041666667	74.402	1728	
42482.4375	74.402	2151.36	
42487.4791666667	74.402	537.84	
42466.5416666667	74.423	1717.2	
42467.4583333333	74.423	307.8	
42481.6354166667	74.492	1814.4	
42463.6875	74.606	0	
42468.5208333333	74.606	1983.96	
42477.6458333333	74.606	319.68	
42486.3958333333	74.606	531.36	
42463.71875	74.624	-58.32	
42470.8020833333	74.624	557.28	
42475.8125	74.699	751.68	
42477.7916666667	74.7176	210.6	
42485.4375	74.7645161290323	228.96	
42478.75	74.789	534.6	
42464.5208333333	74.816	1544.4	
42469.6041666667	74.816	427.68	
42483.4375	74.816	275.4	
42469.6354166667	74.864	226.8	
42480.8020833333	74.864	588.6	
42484.5520833333	74.864	56.16	
42463.6979166667	74.876	71.28	
42468.53125	74.876	1803.6	
42477.65625	74.876	394.2	
42486.40625	74.876	518.4	
42471.8020833333	74.8828571428571	686.88	
42463.7083333333	74.894	58.32	
42470.7916666667	74.894	557.28	
42465.8125	74.972	588.6	
42482.8125	74.972	745.2	
42476.4583333333	75.0061538461539	743.04	
42477.75	75.02	125.28	
42477.7604166667	75.02	410.4	
42477.7708333333	75.02	187.92	
42477.78125	75.02	123.12	
42479.4791666667	75.02	1760.4	
42465.5104166667	75.062	2162.16	
42471.6354166667	75.062	2501.28	
42475.6354166667	75.062	1419.12	
42490.4270833333	75.062	340.2	
42467.8125	75.113	1062.72	
42481.8125	75.113	-5114.88	
42479.4895833333	75.12	1995.84	
42477.6666666667	75.125	486	
42480.6666666667	75.125	2488.32	
42486.4166666667	75.125	518.4	
42478.7083333333	75.1325	1111.32	
42477.7395833333	75.14	479.52	
42478.7395833333	75.18	801.36	
42475.8020833333	75.194	732.24	
42468.5416666667	75.251	2527.2	
42470.78125	75.284	349.92	
42476.8229166667	75.284	950.4	
42484.4895833333	75.3107692307692	168.48	
42488.4270833333	75.3114285714286	414.72	
42477.6770833333	75.35	537.84	
42480.6770833333	75.35	2604.96	
42486.4270833333	75.35	518.4	
42466.7916666667	75.353	758.16	
42468.7916666667	75.353	577.8	
42470.4895833333	75.3580487804878	275.4	
42477.7291666667	75.365	511.92	
42478.6145833333	75.392	1760.4	
42482.4479166667	75.392	2125.44	
42487.4895833333	75.392	492.48	
42466.5520833333	75.458	2639.52	
42467.46875	75.458	434.16	
42478.7291666667	75.48	884.52	
42481.6458333333	75.482	2695.68	
42464.53125	75.536	1157.76	
42469.6145833333	75.536	204.12	
42483.4479166667	75.536	158.76	
42485.4479166667	75.541052631579	318.6	
42483.8229166667	75.548	771.12	
42477.6875	75.575	415.8	
42480.6875	75.575	1584.36	
42486.4375	75.575	511.92	
42469.625	75.584	123.12	
42480.7916666667	75.584	693.36	
42484.5416666667	75.584	60.48	
42471.7916666667	75.59	699.84	
42477.71875	75.59	388.8	
42475.7916666667	75.689	738.72	
42468.5520833333	75.746	2656.8	
42470.7708333333	75.779	589.68	
42476.8125	75.779	1045.44	
42478.71875	75.78	1389.96	
42477.6979166667	75.8	479.52	
42480.6979166667	75.8	1458	
42486.4479166667	75.8	518.4	
42477.7083333333	75.815	369.36	
42465.5208333333	75.827	2162.16	
42471.6458333333	75.827	2397.6	
42475.6458333333	75.827	982.8	
42490.4375	75.827	131.76	
42464.8020833333	75.836	842.4	
42467.8020833333	75.878	771.12	
42481.8020833333	75.878	-5861.16	
42471.7395833333	75.92	1195.56	
42471.75	75.92	1185.84	
42471.7604166667	75.92	816.48	
42471.7708333333	75.92	534.6	
42471.78125	75.92	1028.16	
42478.625	75.92	1738.8	
42478.6354166667	75.92	1857.6	
42478.6458333333	75.92	1846.8	
42478.65625	75.92	1879.2	
42478.6666666667	75.92	1825.2	
42478.6770833333	75.92	1814.4	
42478.6875	75.92	1814.4	
42478.6979166667	75.92	2019.6	
42484.5	75.92	54	
42484.5104166667	75.92	55.08	
42484.5208333333	75.92	52.92	
42485.4583333333	75.92	298.08	
42464.5416666667	76.046	1684.8	
42480.7083333333	76.046	1351.08	
42479.5	76.0503448275862	1868.4	
42468.78125	76.064	641.52	
42471.6979166667	76.064	2488.32	
42480.78125	76.064	680.4	
42470.5	76.172	207.36	
42482.4583333333	76.172	1760.4	
42483.4583333333	76.172	203.04	
42486.4583333333	76.172	524.88	
42487.5	76.172	302.4	
42466.78125	76.208	1097.28	
42475.78125	76.208	712.8	
42465.8020833333	76.232	1019.52	
42482.8020833333	76.232	699.84	
42468.5625	76.241	2906.28	
42470.7604166667	76.274	537.84	
42476.8020833333	76.274	1002.24	
42464.5520833333	76.316	1857.6	
42480.71875	76.316	1234.44	
42479.5104166667	76.3296551724138	1738.8	
42476.46875	76.3336170212766	498.96	
42468.7708333333	76.334	673.92	
42471.6875	76.334	2449.44	
42480.7708333333	76.334	686.88	
42488.4375	76.4042857142857	426.6	
42471.7083333333	76.4413793103448	2041.2	
42481.65625	76.472	3531.6	
42466.5625	76.493	2822.04	
42467.4791666667	76.493	324	
42483.8125	76.538	777.6	
42464.5625	76.586	1706.4	
42480.7291666667	76.586	839.16	
42465.53125	76.592	1574.64	
42471.65625	76.592	2162.16	
42475.65625	76.592	899.64	
42490.4479166667	76.592	151.2	
42468.7604166667	76.604	518.4	
42471.6770833333	76.604	2488.32	
42480.7604166667	76.604	693.36	
42479.5208333333	76.6089655172414	1814.4	
42467.7916666667	76.643	784.08	
42481.7916666667	76.643	-5175.36	
42470.5104166667	76.712	45.36	
42482.46875	76.712	1749.6	
42483.46875	76.712	233.28	
42486.46875	76.712	511.92	
42487.5104166667	76.712	486	
42468.5729166667	76.736	2962.44	
42466.7708333333	76.748	975.24	
42475.7708333333	76.748	751.68	
42471.7291666667	76.7507692307692	1428.84	
42470.75	76.769	537.84	
42476.7916666667	76.769	976.32	
42464.5729166667	76.856	1695.6	
42480.7395833333	76.856	740.88	
42468.75	76.874	824.04	
42471.6666666667	76.874	2449.44	
42480.75	76.874	518.4	
42479.53125	76.888275862069	2793.96	
42468.5833333333	77	3853.44	
42468.59375	77	2708.64	
42468.6041666667	77	3175.2	
42468.6145833333	77	3144.96	
42468.7083333333	77	1574.64	
42468.71875	77	803.52	
42468.7291666667	77	1341.36	
42468.7395833333	77	929.88	
42475.6666666667	77	793.8	
42475.6770833333	77	869.4	
42475.6875	77	764.64	
42475.6979166667	77	572.4	
42479.5416666667	77	3450.6	
42489.28125	77	524.88	
42489.2916666667	77	511.92	
42489.3020833333	77	505.44	
42489.3125	77	498.96	
42489.3229166667	77	511.92	
42489.3333333333	77	524.88	
42489.34375	77	518.4	
42489.3541666667	77	498.96	
42489.3645833333	77	576.72	
42476.4791666667	77.0229787234043	518.4	
42475.7083333333	77.126	686.88	
42481.6666666667	77.126	3596.4	
42476.78125	77.144	933.12	
42481.78125	77.144	-5209.92	
42485.46875	77.144	524.88	
42489.2708333333	77.1506976744186	498.96	
42464.5833333333	77.231	2019.6	
42468.625	77.231	3160.08	
42489.375	77.231	612.36	
42470.5208333333	77.252	52.92	
42482.4791666667	77.252	1792.8	
42483.4791666667	77.252	264.6	
42486.4791666667	77.252	531.36	
42487.5208333333	77.252	486	
42468.6979166667	77.264	2043.36	
42470.7395833333	77.264	157.68	
42466.7604166667	77.288	1002.24	
42475.7604166667	77.288	751.68	
42465.5416666667	77.357	2055.24	
42490.4583333333	77.357	313.2	
42464.7916666667	77.366	738.72	
42475.71875	77.396	771.12	
42481.6770833333	77.396	2643.84	
42476.7708333333	77.414	648	
42481.7708333333	77.414	-3706.56	
42465.7916666667	77.492	899.64	
42482.7916666667	77.492	686.88	
42488.4479166667	77.4971428571429	466.56	
42489.2604166667	77.5274418604651	302.4	
42466.5729166667	77.528	3220.56	
42467.4895833333	77.528	537.84	
42483.8020833333	77.528	777.6	
42479.5520833333	77.5321739130435	4167.72	
42471.71875	77.5586206896552	1564.92	
42475.7291666667	77.666	876.96	
42481.6875	77.666	2126.52	
42467.78125	77.672	784.08	
42476.7604166667	77.684	1002.24	
42481.7604166667	77.684	-1909.44	
42476.4895833333	77.7123404255319	589.68	
42464.59375	77.726	1684.8	
42468.6354166667	77.726	2669.76	
42489.3854166667	77.726	869.4	
42468.6875	77.759	2269.08	
42470.7291666667	77.759	388.8	
42470.53125	77.792	51.84	
42482.4895833333	77.792	1803.6	
42483.4895833333	77.792	149.04	
42486.4895833333	77.792	576.72	
42487.53125	77.792	486	
42466.75	77.828	975.24	
42475.75	77.828	732.24	
42489.25	77.9041860465116	498.96	
42475.7395833333	77.936	654.48	
42481.6979166667	77.936	2488.32	
42476.75	77.954	1071.36	
42481.75	77.954	-965.52	
42476.7083333333	78.08	993.6	
42476.71875	78.08	993.6	
42476.7291666667	78.08	984.96	
42476.7395833333	78.08	984.96	
42481.7083333333	78.08	1911.6	
42481.71875	78.08	2592	
42481.7291666667	78.08	1584.36	
42481.7395833333	78.08	236.52	
42482.5	78.08	2878.2	
42482.5104166667	78.08	3984.12	
42482.5208333333	78.08	3837.24	
42482.53125	78.08	4277.88	
42483.5	78.08	58.32	
42483.5104166667	78.08	48.6	
42483.5208333333	78.08	51.84	
42483.53125	78.08	65.88	
42485.4791666667	78.08	213.84	
42485.4895833333	78.08	285.12	
42465.5520833333	78.122	1900.8	
42490.46875	78.122	453.6	
42466.5833333333	78.185	3114.72	
42467.5	78.185	369.36	
42470.5416666667	78.185	56.16	
42476.625	78.185	959.04	
42482.5416666667	78.185	3853.44	
42483.5416666667	78.185	59.4	
42466.7395833333	78.2	990.36	
42476.6979166667	78.2	1088.64	
42479.8229166667	78.2	1028.16	
42482.78125	78.2	699.84	
42464.6041666667	78.221	2079	
42468.6458333333	78.221	2838.24	
42489.3958333333	78.221	1544.4	
42468.6770833333	78.254	3784.32	
42470.71875	78.254	336.96	
42476.5	78.311	760.32	
42487.5416666667	78.311	505.44	
42465.78125	78.344	680.4	
42466.59375	78.41	3947.4	
42467.5104166667	78.41	570.24	
42470.5520833333	78.41	52.92	
42476.6354166667	78.41	993.6	
42482.5520833333	78.41	3853.44	
42483.5520833333	78.41	131.76	
42466.7291666667	78.425	1706.4	
42476.6875	78.425	732.24	
42479.8125	78.425	1114.56	
42482.7708333333	78.425	1002.24	
42476.6145833333	78.464	960.12	
42486.5	78.4832	537.84	
42483.7916666667	78.518	680.4	
42479.5625	78.53	2656.8	
42488.4583333333	78.542	544.32	
42485.5	78.56	453.6	
42487.8229166667	78.608	822.96	
42466.6041666667	78.635	2827.44	
42467.5208333333	78.635	1088.64	
42470.5625	78.635	51.84	
42476.6458333333	78.635	950.4	
42482.5625	78.635	4233.6	
42483.5625	78.635	144.72	
42466.71875	78.65	1857.6	
42476.6770833333	78.65	976.32	
42479.8020833333	78.65	855.36	
42482.7604166667	78.65	693.36	
42464.6145833333	78.716	1814.4	
42468.65625	78.716	2825.28	
42489.40625	78.716	1351.08	
42468.6666666667	78.749	3538.08	
42470.7083333333	78.749	518.4	
42476.5104166667	78.806	756	
42487.5520833333	78.806	505.44	
42489.8229166667	78.8284210526316	1071.36	
42464.7708333333	78.839	892.08	
42465.7708333333	78.839	803.52	
42466.6145833333	78.86	2397.6	
42467.53125	78.86	1215	
42470.5729166667	78.86	64.8	
42476.65625	78.86	967.68	
42482.5729166667	78.86	2554.2	
42483.5729166667	78.86	74.52	
42466.7083333333	78.875	1846.8	
42476.6666666667	78.875	732.24	
42479.7916666667	78.875	829.44	
42482.75	78.875	642.6	
42465.5625	78.887	1890	
42490.4791666667	78.887	332.64	
42489.8125	78.8994736842105	771.12	
42467.7708333333	78.932	658.8	
42489.8020833333	78.9705263157895	1105.92	
42464.625	78.98	2126.52	
42464.6354166667	78.98	2019.6	
42464.6458333333	78.98	1933.2	
42464.65625	78.98	1922.4	
42489.4166666667	78.98	1584.36	
42489.7708333333	79.0781818181818	1062.72	
42464.6666666667	79.106	1944	
42466.625	79.106	2306.88	
42470.5833333333	79.106	110.16	
42482.5833333333	79.106	2387.88	
42483.5833333333	79.106	447.12	
42466.6979166667	79.124	1836	
42479.6979166667	79.124	3425.76	
42482.7395833333	79.124	567	
42483.78125	79.124	771.12	
42476.6041666667	79.184	786.24	
42479.7083333333	79.211	2825.28	
42479.78125	79.244	1123.2	
42486.8229166667	79.244	1123.2	
42476.5208333333	79.301	563.76	
42487.5625	79.301	336.96	
42464.7604166667	79.334	1114.56	
42465.7604166667	79.334	929.88	
42467.5416666667	79.337	1477.44	
42486.5104166667	79.3472	583.2	
42464.6770833333	79.376	2340.36	
42466.6354166667	79.376	2197.8	
42470.59375	79.376	118.8	
42482.59375	79.376	2399.76	
42483.59375	79.376	354.24	
42470.6979166667	79.388	524.88	
42466.6875	79.394	1836	
42479.6875	79.394	3187.08	
42482.7291666667	79.394	801.36	
42483.7708333333	79.394	771.12	
42479.5729166667	79.5278260869565	2643.84	
42488.46875	79.532	492.48	
42485.5104166667	79.5885714285714	226.8	
42487.8125	79.598	829.44	
42464.6875	79.646	1987.2	
42466.6458333333	79.646	1857.6	
42470.6041666667	79.646	127.44	
42482.6041666667	79.646	2174.04	
42483.6041666667	79.646	249.48	
42489.78125	79.6485714285714	907.2	
42465.5729166667	79.652	1857.6	
42490.4895833333	79.652	511.92	
42466.6770833333	79.664	1825.2	
42479.6770833333	79.664	2579.04	
42482.71875	79.664	929.88	
42483.7604166667	79.664	790.56	
42489.7916666667	79.682	1114.56	
42479.71875	79.706	2257.2	
42479.7708333333	79.739	642.6	
42486.8125	79.739	758.16	
42476.53125	79.796	570.24	
42487.5729166667	79.796	657.72	
42489.7604166667	79.8145454545455	771.12	
42464.75	79.829	982.8	
42465.75	79.829	1043.28	
42476.59375	79.904	872.64	
42466.65625	79.916	2255.04	
42470.6145833333	79.916	486	
42482.6145833333	79.916	2436.48	
42483.6145833333	79.916	570.24	
42466.6666666667	79.934	2306.88	
42479.6666666667	79.934	2604.96	
42482.7083333333	79.934	1035.72	
42483.75	79.934	771.12	
42464.7083333333	80.06	2116.8	
42464.7291666667	80.06	1535.76	
42465.5833333333	80.06	1954.8	
42465.59375	80.06	1868.4	
42465.6041666667	80.06	2306.88	
42465.6145833333	80.06	1890	
42482.625	80.06	2488.32	
42482.6354166667	80.06	3060.72	
42482.6458333333	80.06	4314.6	
42482.65625	80.06	3187.08	
42482.6666666667	80.06	2352.24	
42482.6770833333	80.06	1587.6	
42482.6875	80.06	1545.48	
42482.6979166667	80.06	1419.12	
42483.625	80.06	168.48	
42483.6354166667	80.06	453.6	
42483.6458333333	80.06	550.8	
42483.65625	80.06	380.16	
42489.4270833333	80.06	2031.48	
42489.75	80.06	1071.36	
42467.5520833333	80.102	2031.48	
42470.6875	80.153	341.28	
42465.625	80.165	1879.2	
42476.5416666667	80.165	665.28	
42479.5833333333	80.165	2604.96	
42483.6666666667	80.165	680.4	
42490.5	80.165	511.92	
42465.7395833333	80.18	1438.56	
42479.65625	80.18	2436.48	
42483.7395833333	80.18	960.12	
42467.7604166667	80.192	664.2	
42479.7291666667	80.201	1652.4	
42486.5208333333	80.2112	518.4	
42479.7604166667	80.234	997.92	
42486.8020833333	80.234	777.6	
42470.625	80.291	276.48	
42487.5833333333	80.291	641.52	
42489.4375	80.3511764705882	2138.4	
42465.6354166667	80.39	2257.2	
42476.5520833333	80.39	654.48	
42479.59375	80.39	2245.32	
42483.6770833333	80.39	622.08	
42490.5104166667	80.39	345.6	
42465.7291666667	80.405	1788.48	
42479.6458333333	80.405	2604.96	
42483.7291666667	80.405	842.4	
42485.8229166667	80.444	842.4	
42488.4791666667	80.522	544.32	
42487.8020833333	80.588	822.96	
42465.6458333333	80.615	1944	
42476.5625	80.615	673.92	
42479.6041666667	80.615	2052	
42483.6875	80.615	790.56	
42490.5208333333	80.615	486	
42485.5208333333	80.6171428571429	492.48	
42476.5833333333	80.624	881.28	
42465.71875	80.63	2488.32	
42479.6354166667	80.63	2579.04	
42483.71875	80.63	719.28	
42479.7395833333	80.696	1555.2	
42479.75	80.729	1428.84	
42486.7916666667	80.729	764.64	
42489.4479166667	80.7482352941176	2268	
42489.7395833333	80.78	1071.36	
42470.6354166667	80.786	200.88	
42487.59375	80.786	831.6	
42465.65625	80.84	1954.8	
42476.5729166667	80.84	641.52	
42479.6145833333	80.84	2062.8	
42483.6979166667	80.84	693.36	
42490.53125	80.84	486	
42465.7083333333	80.855	2656.8	
42479.625	80.855	2052	
42483.7083333333	80.855	699.84	
42467.5625	80.867	2920.32	
42470.6770833333	80.918	345.6	
42465.6666666667	80.96	1933.2	
42465.6770833333	80.96	1944	
42465.6875	80.96	2062.8	
42465.6979166667	80.96	2052	
42485.53125	80.96	434.16	
42489.7291666667	80.9884210526316	1071.36	
42485.8125	81.164	1149.12	
42485.5416666667	81.191	336.96	
42490.5416666667	81.191	168.48	
42486.5520833333	81.268	589.68	
42470.6458333333	81.281	131.76	
42487.6041666667	81.281	583.2	
42488.8229166667	81.368	835.92	
42490.8229166667	81.368	855.36	
42486.53125	81.3714285714286	563.76	
42489.71875	81.4147368421053	790.56	
42467.75	81.452	1020.6	
42486.78125	81.488	771.12	
42488.4895833333	81.512	505.44	
42487.7916666667	81.578	835.92	
42467.5729166667	81.632	2737.8	
42489.4583333333	81.6472727272727	982.8	
42470.6666666667	81.683	518.4	
42485.5520833333	81.686	341.28	
42490.5520833333	81.686	576.72	
42470.65625	81.776	511.92	
42487.6145833333	81.776	622.08	
42489.7083333333	81.8410526315789	1097.28	
42485.8020833333	81.884	997.92	
42486.5625	81.928	654.48	
42467.7083333333	82.04	2192.4	
42467.71875	82.04	1603.8	
42467.7291666667	82.04	1477.44	
42467.7395833333	82.04	1351.08	
42486.5416666667	82.04	563.76	
42488.8125	82.133	1123.2	
42490.8125	82.133	900.72	
42467.5833333333	82.145	2962.44	
42487.625	82.145	654.48	
42467.6979166667	82.16	2423.52	
42487.78125	82.16	835.92	
42485.5625	82.181	537.84	
42490.5625	82.181	531.36	
42488.5	82.271	492.48	
42467.59375	82.37	3215.16	
42487.6354166667	82.37	712.8	
42467.6875	82.385	2435.4	
42487.7708333333	82.385	751.68	
42486.7708333333	82.478	1114.56	
42489.4895833333	82.4875675675676	706.32	
42486.5729166667	82.588	589.68	
42467.6041666667	82.595	4259.52	
42487.6458333333	82.595	706.32	
42485.7916666667	82.604	855.36	
42467.6770833333	82.61	2721.6	
42487.7604166667	82.61	810	
42489.6979166667	82.64	1088.64	
42485.5729166667	82.676	622.08	
42490.5729166667	82.676	358.56	
42489.4791666667	82.7064864864865	648	
42488.5104166667	82.766	563.76	
42467.6145833333	82.82	4516.56	
42487.65625	82.82	725.76	
42467.6666666667	82.835	2695.68	
42487.75	82.835	855.36	
42488.8020833333	82.898	1140.48	
42490.8020833333	82.898	861.84	
42489.46875	82.9254054054054	1050.84	
42467.625	82.94	4060.8	
42467.6354166667	82.94	2877.12	
42467.6458333333	82.94	2825.28	
42467.65625	82.94	2838.24	
42487.6666666667	82.94	719.28	
42487.6770833333	82.94	764.64	
42487.6875	82.94	810	
42487.6979166667	82.94	848.88	
42487.7083333333	82.94	803.52	
42487.71875	82.94	810	
42487.7291666667	82.94	1028.16	
42487.7395833333	82.94	784.08	
42489.5	82.94	699.84	
42489.5104166667	82.94	588.6	
42489.5208333333	82.94	745.2	
42489.53125	82.94	706.32	
42490.5833333333	83.066	686.88	
42486.5833333333	83.171	654.48	
42489.6875	83.1875	1097.28	
42488.5208333333	83.261	505.44	
42489.5416666667	83.2686956521739	751.68	
42485.5833333333	83.297	583.2	
42490.59375	83.336	641.52	
42485.78125	83.348	758.16	
42486.7604166667	83.468	777.6	
42489.6770833333	83.525	1175.04	
42490.6041666667	83.606	693.36	
42488.7916666667	83.663	900.72	
42490.7916666667	83.663	920.16	
42486.59375	83.666	824.04	
42488.53125	83.756	505.44	
42489.6666666667	83.8625	732.24	
42490.6145833333	83.876	427.68	
42489.5520833333	83.9730434782609	1010.88	
42489.5625	84.02	751.68	
42489.5729166667	84.02	899.64	
42490.625	84.02	777.6	
42490.6354166667	84.02	719.28	
42490.6458333333	84.02	839.16	
42490.65625	84.02	725.76	
42485.59375	84.062	628.56	
42485.7708333333	84.113	777.6	
42490.78125	84.14	939.6	
42486.6041666667	84.161	654.48	
42488.5416666667	84.251	635.04	
42489.5833333333	84.251	764.64	
42490.6666666667	84.251	725.76	
42488.78125	84.284	900.72	
42489.65625	84.284	816.48	
42490.7708333333	84.365	874.8	
42486.75	84.458	784.08	
42490.7604166667	84.59	1050.84	
42486.6145833333	84.656	725.76	
42488.5520833333	84.746	596.16	
42489.59375	84.746	1244.16	
42490.6770833333	84.746	861.84	
42488.7708333333	84.779	868.32	
42489.6458333333	84.779	1097.28	
42490.75	84.815	861.84	
42485.6041666667	84.827	648	
42485.7604166667	84.878	771.12	
42486.625	84.92	725.76	
42486.6354166667	84.92	680.4	
42486.6458333333	84.92	816.48	
42486.65625	84.92	654.48	
42486.6666666667	84.92	706.32	
42486.6770833333	84.92	842.4	
42486.6875	84.92	1341.36	
42486.6979166667	84.92	784.08	
42486.7083333333	84.92	771.12	
42486.71875	84.92	732.24	
42486.7291666667	84.92	907.2	
42486.7395833333	84.92	907.2	
42490.7395833333	85.064	868.32	
42488.5625	85.241	393.12	
42489.6041666667	85.241	784.08	
42490.6875	85.241	693.36	
42488.7604166667	85.274	835.92	
42489.6354166667	85.274	1114.56	
42490.7291666667	85.334	835.92	
42485.6145833333	85.592	667.44	
42490.71875	85.604	855.36	
42485.75	85.643	829.44	
42488.5729166667	85.736	803.52	
42489.6145833333	85.736	848.88	
42490.6979166667	85.736	907.2	
42488.75	85.769	1123.2	
42489.625	85.769	855.36	
42490.7083333333	85.874	920.16	
42485.625	86.126	667.44	
42488.5833333333	86.126	660.96	
42485.7395833333	86.144	758.16	
42488.7395833333	86.144	803.52	
42485.6354166667	86.396	861.84	
42488.59375	86.396	712.8	
42485.7291666667	86.414	784.08	
42488.7291666667	86.414	777.6	
42485.6458333333	86.666	686.88	
42488.6041666667	86.666	667.44	
42485.71875	86.684	764.64	
42488.71875	86.684	816.48	
42485.65625	86.936	738.72	
42488.6145833333	86.936	719.28	
42485.7083333333	86.954	771.12	
42488.7083333333	86.954	868.32	
42485.6666666667	87.08	771.12	
42485.6770833333	87.08	854.28	
42485.6875	87.08	764.64	
42485.6979166667	87.08	732.24	
42488.625	87.08	929.88	
42488.6354166667	87.08	725.76	
42488.6458333333	87.08	907.2	
42488.65625	87.08	914.76	
42488.6666666667	87.08	803.52	
42488.6770833333	87.08	842.4	
42488.6875	87.08	810	
42488.6979166667	87.08	1088.64	
