Date	OADryBulbTemperatureNOAA	MaxDamperPositionforContainerAHU21	
42461.9895833333	47.204	46.8	
42461.9791666667	47.699	46.8	
42467.2083333333	48.125	46.4	
42467.2916666667	48.125	46	
42467.28125	48.14	46.4	
42461.96875	48.194	46.8	
42467.1979166667	48.284	46.4	
42467.21875	48.35	46.4	
42467.3020833333	48.35	46.4	
42467.2708333333	48.365	46.4	
42467.2291666667	48.575	46.4	
42467.3125	48.575	46.4	
42467.2604166667	48.59	46.8	
42461.9583333333	48.689	46.8	
42467.1875	48.779	46.4	
42467.2395833333	48.8	46.4	
42467.3229166667	48.8	46.8	
42467.25	48.815	46.4	
42461.9166666667	48.92	46.8	
42461.9270833333	48.92	46.8	
42461.9375	48.92	46.4	
42461.9479166667	48.92	46.8	
42461.90625	49.208	46.8	
42467.1770833333	49.274	46.4	
42461.8958333333	49.748	46.4	
42467.1666666667	49.769	46.4	
42467.3333333333	50.096	46.4	
42464.28125	50.144	46.4	
42464.2916666667	50.231	46.4	
42467.15625	50.264	46.4	
42461.8854166667	50.288	46.8	
42464.2708333333	50.414	46.8	
42464.2604166667	50.684	47.2	
42464.3020833333	50.726	46.8	
42467.1458333333	50.759	46.4	
42461.875	50.828	46	
42464.25	50.954	46.8	
42467.0833333333	51.185	47.2	
42464.2395833333	51.2	46.8	
42464.3125	51.221	46.4	
42467.1354166667	51.254	46.4	
42461.8645833333	51.344	46.8	
42467.09375	51.41	46.4	
42464.2291666667	51.425	46.8	
42467.0729166667	51.464	47.2	
42467.1041666667	51.635	46.8	
42464.21875	51.65	46.8	
42464.3229166667	51.716	46.4	
42467.125	51.749	46.4	
42461.8541666667	51.839	46.8	
42467.1145833333	51.86	46.4	
42464.2083333333	51.875	46.8	
42464.1666666667	51.98	46.4	
42464.1770833333	51.98	46.8	
42464.1875	51.98	46.8	
42464.1979166667	51.98	46.8	
42465.25	51.98	46.4	
42465.2604166667	51.98	46.4	
42465.2708333333	51.98	46.4	
42465.28125	51.98	46.4	
42465.2916666667	51.98	46.4	
42465.3020833333	51.98	46.4	
42465.3125	51.98	46.4	
42465.3229166667	51.98	46.4	
42467.0625	52.184	47.2	
42464.15625	52.244	46.8	
42465.2395833333	52.244	46.4	
42461.84375	52.334	46.4	
42464.3333333333	52.568	47.2	
42467.34375	52.616	46.4	
42465.3333333333	52.673	46.4	
42464.1458333333	52.739	46.8	
42465.2291666667	52.739	46.4	
42461.8333333333	52.829	47.2	
42467.0520833333	52.904	46.8	
42461.7916666667	53.06	48	
42461.8020833333	53.06	47.6	
42461.8125	53.06	47.6	
42461.8229166667	53.06	47.6	
42465.21875	53.234	46.4	
42461.78125	53.324	48	
42467.0416666667	53.624	47.2	
42464.125	53.729	46.8	
42465.2083333333	53.729	46.4	
42461.7708333333	53.819	48.4	
42464.34375	53.828	46.8	
42464.0833333333	53.96	46.8	
42464.09375	53.96	46.8	
42464.1041666667	53.96	46.8	
42464.1145833333	53.96	46.8	
42461.7083333333	54.086	48	
42465.34375	54.158	46.4	
42461.6979166667	54.224	48	
42465.1979166667	54.224	46.4	
42461.7604166667	54.314	47.6	
42461.71875	54.356	47.6	
42467.03125	54.368	47.2	
42464.0729166667	54.488	46.8	
42461.7291666667	54.626	48	
42461.6875	54.719	48	
42465.1875	54.719	46.4	
42461.75	54.809	47.6	
42461.7395833333	54.896	48	
42464.3541666667	55.088	46.8	
42467.0208333333	55.133	47.2	
42467.3541666667	55.136	47.2	
42461.6770833333	55.214	48	
42465.1770833333	55.214	46.4	
42475.2395833333	55.4385714285714	46.8	
42464.0625	55.478	46.8	
42475.2291666667	55.5832142857143	46.4	
42465.3541666667	55.643	47.2	
42461.6666666667	55.709	48.4	
42465.1666666667	55.709	46.8	
42475.21875	55.7278571428571	46.4	
42475.2083333333	55.8725	46.4	
42467.0104166667	55.898	47.2	
42465.125	55.94	46.4	
42465.1354166667	55.94	46.4	
42465.1458333333	55.94	46.4	
42465.15625	55.94	46.8	
42475.25	55.94	46.8	
42475.3020833333	55.94	46.8	
42475.3125	55.94	46.8	
42475.3229166667	55.94	47.2	
42468.0833333333	56.066	48	
42461.65625	56.084	48.4	
42466.1979166667	56.084	46.8	
42475.1979166667	56.084	46.8	
42475.3333333333	56.0920689655172	46.4	
42465.1145833333	56.204	47.2	
42475.2604166667	56.3194594594595	46.8	
42468.09375	56.336	48	
42461.6458333333	56.354	48.4	
42466.1875	56.354	46.8	
42475.1875	56.354	46.4	
42466.2083333333	56.36	46.8	
42475.34375	56.4179310344828	46.8	
42464.0520833333	56.468	46.8	
42468.0729166667	56.492	48	
42466.25	56.57	46.8	
42468.1041666667	56.606	48.4	
42461.6354166667	56.624	48.4	
42466.1770833333	56.624	46.8	
42475.1770833333	56.624	47.2	
42467	56.663	47.6	
42465.1041666667	56.699	46.8	
42475.3541666667	56.7437931034483	47.6	
42475.2708333333	56.7572972972973	46.8	
42468.1145833333	56.876	48.4	
42461.625	56.894	48.4	
42466.1666666667	56.894	46.8	
42475.1666666667	56.894	46.8	
42461.3229166667	57.02	46.8	
42466.2604166667	57.02	46.8	
42466.2708333333	57.02	46.8	
42466.28125	57.02	46.8	
42466.2916666667	57.02	46.8	
42468.125	57.02	48	
42468.1458333333	57.02	47.6	
42468.15625	57.02	47.6	
42475.2916666667	57.02	46.8	
42466.21875	57.0384615384615	47.2	
42475.3645833333	57.0696551724138	48.8	
42466.2291666667	57.1076923076923	46.8	
42475.28125	57.11	46.8	
42468.1666666667	57.125	47.2	
42465.3645833333	57.128	47.2	
42466.9895833333	57.14	48	
42474.28125	57.14	47.2	
42466.2395833333	57.1769230769231	46.8	
42465.09375	57.194	47.2	
42461.3125	57.2114893617021	46.8	
42475.15625	57.284	46.4	
42468.1770833333	57.35	47.2	
42466.9791666667	57.365	48	
42474.2708333333	57.365	47.2	
42466.15625	57.428	46.8	
42464.0416666667	57.458	46.8	
42461.3020833333	57.4987234042553	46.8	
42474.2916666667	57.5046153846154	46.8	
42468.0625	57.527	48	
42468.1875	57.575	47.2	
42466.96875	57.59	48	
42474.2604166667	57.59	47.2	
42461.3333333333	57.608	46.8	
42466.3020833333	57.614	46.8	
42467.3645833333	57.656	47.2	
42465.0833333333	57.689	47.2	
42464.375	57.713	46.8	
42475.1458333333	57.779	46.8	
42461.2916666667	57.7859574468085	46.8	
42468.1979166667	57.8	47.2	
42466.9583333333	57.815	48	
42474.25	57.815	47.2	
42464	57.92	47.6	
42464.0104166667	57.92	47.6	
42464.0208333333	57.92	47.2	
42464.03125	57.92	46.8	
42475.375	57.92	49.2	
42475.3854166667	57.92	54	
42461.6145833333	57.956	48.4	
42475.3958333333	58.0064	57.6	
42474.2395833333	58.064	47.2	
42466.1458333333	58.193	46.8	
42461.28125	58.208	46.8	
42465.0729166667	58.208	46.8	
42466.9479166667	58.208	48	
42474.2291666667	58.334	47.2	
42466.3125	58.3565	46.8	
42468.2083333333	58.508	47.2	
42468.0520833333	58.562	48	
42474.21875	58.604	47.2	
42475.40625	58.6544	57.2	
42465.375	58.739	46.8	
42461.2708333333	58.748	46.8	
42465.0625	58.748	47.2	
42466.9375	58.748	48	
42475.125	58.769	46.4	
42461.34375	58.868	47.2	
42474.2083333333	58.874	46.8	
42466.1354166667	58.958	46.8	
42466.3229166667	59	46.8	
42474.3020833333	59	47.2	
42474.3125	59	47.2	
42474.3229166667	59	46.4	
42474.3333333333	59	47.2	
42475.0833333333	59	46.8	
42475.09375	59	46.8	
42475.1041666667	59	46.8	
42475.1145833333	59	46.8	
42474.34375	59.1157142857143	47.2	
42468.3229166667	59.144	47.6	
42474.9479166667	59.144	50	
42475.0729166667	59.144	46.8	
42464.3854166667	59.198	48	
42475.4166666667	59.231	55.2	
42474.1979166667	59.2541176470588	46.8	
42461.2604166667	59.288	46.8	
42465.0520833333	59.288	47.2	
42466.9270833333	59.288	48	
42474.9583333333	59.378	47.6	
42468.3125	59.414	47.2	
42474.9375	59.414	52	
42475.0625	59.414	46.4	
42468.3333333333	59.588	48	
42468.0416666667	59.597	48	
42466.3333333333	59.63	47.6	
42468.3020833333	59.684	46.8	
42474.9270833333	59.684	54.4	
42475.0520833333	59.684	46.8	
42474.3541666667	59.6942857142857	47.2	
42461.6041666667	59.711	48.8	
42466.125	59.723	46.8	
42475.4270833333	59.726	60.8	
42474.1875	59.7305882352941	46.8	
42468.21875	59.768	47.2	
42461.25	59.828	46.8	
42465.0416666667	59.828	47.6	
42466.9166666667	59.828	48	
42467.375	59.924	47.2	
42468.2916666667	59.954	47.2	
42474.9166666667	59.954	56.4	
42475.0416666667	59.954	47.2	
42465.0104166667	60.08	47.6	
42465.0208333333	60.08	47.2	
42465.03125	60.08	47.2	
42466.0833333333	60.08	47.2	
42466.09375	60.08	47.2	
42466.1041666667	60.08	46.4	
42466.1145833333	60.08	47.2	
42466.34375	60.08	48.4	
42466.3541666667	60.08	50	
42466.3645833333	60.08	58.4	
42474.96875	60.08	47.2	
42474.9791666667	60.08	46.8	
42474.9895833333	60.08	47.2	
42482.25	60.08	51.6	
42482.2604166667	60.08	51.6	
42482.2708333333	60.08	51.6	
42482.28125	60.08	50.8	
42466.375	60.1166666666667	64.8	
42461.3541666667	60.128	47.6	
42464.9895833333	60.2	47.6	
42466.0729166667	60.2	47.2	
42468.03125	60.2	48	
42474.90625	60.2	57.6	
42474.1770833333	60.2184615384615	47.2	
42475.4375	60.221	63.2	
42475	60.2832258064516	46.8	
42482.2916666667	60.311	50.8	
42475.03125	60.328275862069	46.8	
42461.2395833333	60.344	46.8	
42482.2395833333	60.344	51.6	
42464.9791666667	60.425	47.6	
42466.0625	60.425	47.2	
42468.0208333333	60.425	48	
42474.8958333333	60.425	58.8	
42474.3645833333	60.4261538461538	48	
42468.28125	60.464	47.2	
42465.3854166667	60.494	47.6	
42466.90625	60.608	48	
42464.96875	60.65	48	
42466.0520833333	60.65	47.6	
42468.0104166667	60.65	48	
42474.8854166667	60.65	60	
42466.3854166667	60.6666666666667	64.8	
42464.3958333333	60.683	48.4	
42475.4479166667	60.716	60	
42475.0104166667	60.7187096774194	46.8	
42474.1666666667	60.7376923076923	47.2	
42475.0208333333	60.7937931034483	46.8	
42482.3020833333	60.806	51.2	
42461.2291666667	60.839	46.8	
42482.2291666667	60.839	51.2	
42468.34375	60.848	48	
42473.2395833333	60.872	46.8	
42464.9583333333	60.875	48	
42466.0416666667	60.875	47.6	
42468	60.875	48	
42474.875	60.875	60	
42473.2083333333	60.98	46.4	
42473.21875	60.98	46.8	
42473.2291666667	60.98	46.8	
42473.25	60.98	46.4	
42473.2604166667	60.98	46.8	
42473.2708333333	60.98	46.8	
42473.28125	60.98	46.4	
42473.2916666667	60.98	46.4	
42473.3020833333	60.98	46.8	
42473.3125	60.98	46.8	
42473.3229166667	60.98	46.8	
42474.1458333333	60.98	46.8	
42474.15625	60.98	47.2	
42480.3333333333	60.98	54	
42480.34375	60.98	52	
42480.3541666667	60.98	52.4	
42468.2291666667	61.028	47.2	
42474.375	61.106	46.4	
42473.3333333333	61.1342857142857	47.6	
42481.34375	61.148	48.8	
42473.1979166667	61.1763636363636	46.8	
42468.2708333333	61.184	47.2	
42466.3958333333	61.2166666666667	67.2	
42464.9479166667	61.244	48	
42466.03125	61.244	47.6	
42467.9895833333	61.244	48	
42474.8645833333	61.244	61.6	
42482.3125	61.301	51.2	
42461.21875	61.334	46.8	
42482.21875	61.334	51.6	
42474.1354166667	61.34	47.2	
42474.3854166667	61.376	48.4	
42461.3645833333	61.388	47.6	
42475.4583333333	61.442	62	
42473.34375	61.4648979591837	47.2	
42461.59375	61.466	48.4	
42481.3541666667	61.508	48.8	
42480.3645833333	61.52	54.4	
42473.1875	61.5445454545455	46.8	
42466.8958333333	61.598	48	
42474.3958333333	61.646	50.4	
42464.9375	61.739	48	
42466.0208333333	61.739	47.6	
42467.9791666667	61.739	48	
42474.8541666667	61.739	64	
42466.40625	61.7666666666667	70.8	
42473.3541666667	61.7955102040816	47.2	
42482.3229166667	61.796	51.6	
42461.2083333333	61.829	46.8	
42482.2083333333	61.829	51.6	
42474.125	61.8309090909091	47.2	
42480.3229166667	61.844	48.8	
42481.3645833333	61.868	49.6	
42468.2604166667	61.904	47.2	
42467.3854166667	61.904	48.8	
42473.1770833333	61.9127272727273	46.4	
42474.40625	61.916	53.6	
42473.0833333333	62.06	46.4	
42473.09375	62.06	46.8	
42473.125	62.06	46.8	
42473.1354166667	62.06	46.8	
42473.1458333333	62.06	46.8	
42473.15625	62.06	46.8	
42473.1666666667	62.06	47.2	
42473.3645833333	62.06	48	
42474.0520833333	62.06	47.2	
42474.0625	62.06	47.2	
42474.0729166667	62.06	47.2	
42474.0833333333	62.06	46.8	
42474.09375	62.06	47.2	
42474.1041666667	62.06	47.2	
42474.1145833333	62.06	47.2	
42480.375	62.06	56.4	
42480.3854166667	62.06	59.6	
42480.3958333333	62.06	51.2	
42480.40625	62.06	48.8	
42481.375	62.06	51.6	
42481.3854166667	62.06	54.8	
42468.3541666667	62.108	48.8	
42461.375	62.165	48.4	
42465.9583333333	62.165	48.4	
42473.375	62.165	54.4	
42474.4166666667	62.165	58.4	
42464.40625	62.168	67.6	
42461.1979166667	62.18	46.8	
42482.1979166667	62.18	51.6	
42464.9270833333	62.234	48	
42466.0104166667	62.234	47.6	
42467.96875	62.234	48	
42474.84375	62.234	64.4	
42465.3958333333	62.249	48	
42473.1041666667	62.2664705882353	46.8	
42468.2395833333	62.288	47.2	
42480.4166666667	62.291	48.4	
42481.3958333333	62.3511764705882	60.8	
42466.4166666667	62.36	72.4	
42461.3854166667	62.39	49.2	
42465.96875	62.39	48	
42473.3854166667	62.39	52	
42474.4270833333	62.39	54.8	
42461.1875	62.405	46.8	
42482.1875	62.405	52	
42475.46875	62.432	62.8	
42468.9895833333	62.444	48.4	
42481.3333333333	62.5	49.6	
42473.1145833333	62.5047058823529	47.2	
42474.0416666667	62.51	47.2	
42465.9479166667	62.588	48.4	
42466.8854166667	62.588	48	
42461.3958333333	62.615	58.4	
42465.9791666667	62.615	48	
42473.3958333333	62.615	53.6	
42474.4375	62.615	58.8	
42468.25	62.624	46.8	
42482.3333333333	62.627	51.6	
42461.1770833333	62.63	46.8	
42482.1770833333	62.63	51.6	
42487.1979166667	62.6439024390244	47.2	
42473.0729166667	62.7136842105263	46.4	
42464.9166666667	62.729	48.4	
42466	62.729	47.6	
42467.9583333333	62.729	48	
42474.8333333333	62.729	66.4	
42481.40625	62.7482352941176	62.4	
42487.1875	62.7756097560976	47.2	
42473.9895833333	62.78	47.6	
42480.4270833333	62.786	48.8	
42461.40625	62.84	66.8	
42465.9895833333	62.84	47.6	
42473.40625	62.84	53.6	
42474.4479166667	62.84	58.8	
42461.1666666667	62.855	46.8	
42482.1666666667	62.855	51.6	
42487.1770833333	62.9073170731707	47.2	
42461.0416666667	62.96	48	
42461.0520833333	62.96	47.6	
42461.0625	62.96	47.6	
42461.0729166667	62.96	47.6	
42461.0833333333	62.96	47.2	
42461.09375	62.96	46.4	
42461.1041666667	62.96	46.8	
42461.1145833333	62.96	46.8	
42461.125	62.96	46.8	
42461.1458333333	62.96	46.8	
42461.15625	62.96	46.8	
42473.0416666667	62.96	47.2	
42473.0520833333	62.96	46.8	
42473.0625	62.96	46.8	
42473.9583333333	62.96	48	
42473.96875	62.96	48	
42473.9791666667	62.96	48	
42474	62.96	47.2	
42474.0104166667	62.96	48	
42474.0208333333	62.96	47.2	
42474.03125	62.96	47.2	
42487.1666666667	62.96	46.8	
42487.2083333333	62.96	47.2	
42487.21875	62.96	47.2	
42487.2291666667	62.96	47.2	
42487.2395833333	62.96	47.2	
42466.4270833333	63.0615384615385	73.2	
42461.4166666667	63.086	71.2	
42461.5416666667	63.086	48.4	
42487.25	63.086	47.2	
42467.9479166667	63.104	48	
42473.03125	63.104	47.2	
42473.9479166667	63.104	48	
42482.15625	63.104	51.6	
42468.9791666667	63.164	48.4	
42461.5833333333	63.221	48	
42461.53125	63.224	48	
42474.4583333333	63.2613043478261	63.2	
42480.4375	63.281	50.4	
42461.4270833333	63.356	77.6	
42461.5520833333	63.356	48	
42487.2604166667	63.356	47.2	
42464.90625	63.368	48	
42468.3645833333	63.368	52.4	
42467.9375	63.374	48	
42473.0208333333	63.374	47.2	
42473.9375	63.374	48	
42482.1458333333	63.374	51.6	
42475.4791666667	63.422	62	
42481.4166666667	63.422	56	
42473.4166666667	63.455	53.2	
42461.03125	63.488	47.6	
42464.4166666667	63.548	76	
42465.9375	63.578	47.6	
42466.875	63.578	47.2	
42461.4375	63.626	77.6	
42461.5625	63.626	48.4	
42487.2708333333	63.626	47.2	
42467.9270833333	63.644	48	
42473.0104166667	63.644	47.2	
42473.9270833333	63.644	48	
42482.1354166667	63.644	52	
42474.8229166667	63.6486956521739	67.6	
42461.5208333333	63.719	48.4	
42480.4479166667	63.776	50	
42482.34375	63.842	52.4	
42467.3958333333	63.884	54.8	
42468.96875	63.884	48.4	
42461.4479166667	63.896	82.4	
42461.5729166667	63.896	48.4	
42487.28125	63.896	46.8	
42474.46875	63.9069565217391	69.2	
42467.9166666667	63.914	48	
42473	63.914	47.2	
42473.9166666667	63.914	48	
42482.125	63.914	52	
42465.40625	64.004	49.2	
42473.8333333333	64.04	48	
42473.875	64.04	48.8	
42473.8854166667	64.04	48	
42473.8958333333	64.04	48	
42473.90625	64.04	48	
42479.0729166667	64.04	48	
42479.0833333333	64.04	48	
42479.2916666667	64.04	48.8	
42479.3020833333	64.04	48	
42482.0416666667	64.04	52	
42482.0520833333	64.04	52.8	
42482.0625	64.04	52	
42482.0729166667	64.04	51.6	
42482.0833333333	64.04	51.6	
42482.09375	64.04	52	
42482.1041666667	64.04	51.6	
42482.1145833333	64.04	51.2	
42487.2916666667	64.04	48.4	
42487.3020833333	64.04	46.8	
42487.3125	64.04	46.8	
42487.3229166667	64.04	46.8	
42473.84375	64.0676923076923	48.4	
42480.3125	64.13	49.6	
42461.4583333333	64.145	77.2	
42480.4583333333	64.145	53.2	
42479.3125	64.2025806451613	47.2	
42473.8541666667	64.2061538461539	48	
42461.5104166667	64.214	60.4	
42488.1666666667	64.271	48.4	
42479.09375	64.2823076923077	48	
42482.03125	64.304	52.4	
42482.9895833333	64.304	47.6	
42472.9895833333	64.3066666666667	47.2	
42473.8645833333	64.3446153846154	49.6	
42461.46875	64.37	69.2	
42480.46875	64.37	51.2	
42487.3333333333	64.376	48	
42479.3229166667	64.3767741935484	48.8	
42475.4895833333	64.412	66.4	
42481.4270833333	64.412	51.6	
42475.9895833333	64.424	47.6	
42479.28125	64.43375	47.2	
42461.0208333333	64.478	47.6	
42481.3229166667	64.4925714285714	49.2	
42468.375	64.502	51.6	
42473.4270833333	64.5157142857143	53.6	
42479.1041666667	64.5419230769231	48	
42473.8229166667	64.55	48	
42474.4791666667	64.5526086956522	67.6	
42479.2395833333	64.5675862068966	47.2	
42465.9270833333	64.568	48	
42466.4375	64.5846153846154	73.2	
42461.4791666667	64.595	69.2	
42480.4791666667	64.595	48.8	
42479.2708333333	64.6025	47.2	
42468.9583333333	64.604	48.4	
42479.0625	64.6111538461539	48	
42479.15625	64.67	47.2	
42461.5	64.709	68.4	
42467.90625	64.712	48.4	
42488.15625	64.76	48.4	
42488.1770833333	64.766	48.4	
42479.2604166667	64.77125	47.2	
42482.0208333333	64.799	52.4	
42482.9791666667	64.799	47.2	
42479.1145833333	64.8015384615385	48	
42472.9791666667	64.8066666666667	47.6	
42464.4270833333	64.808	80.4	
42461.4895833333	64.82	64	
42480.4895833333	64.82	48.4	
42464.8854166667	64.898	48	
42472.3333333333	64.94	47.2	
42472.34375	64.94	48.4	
42472.3541666667	64.94	50.4	
42472.3645833333	64.94	60.8	
42472.375	64.94	65.2	
42472.3854166667	64.94	72.4	
42472.3958333333	64.94	71.6	
42472.40625	64.94	70.4	
42472.4166666667	64.94	74.8	
42472.9166666667	64.94	48	
42472.9270833333	64.94	47.6	
42472.9375	64.94	47.6	
42472.9479166667	64.94	47.2	
42472.9583333333	64.94	47.2	
42472.96875	64.94	47.2	
42473.4375	64.94	54	
42473.4479166667	64.94	55.2	
42473.8020833333	64.94	48	
42473.8125	64.94	48	
42474.8125	64.94	68.8	
42479.125	64.94	47.6	
42479.1666666667	64.94	47.2	
42479.25	64.94	48.4	
42479.3333333333	64.94	48	
42479.34375	64.94	53.2	
42479.3541666667	64.94	57.6	
42481.0833333333	64.94	47.6	
42481.09375	64.94	47.6	
42481.1041666667	64.94	48	
42481.1145833333	64.94	47.6	
42466.8645833333	64.976	47.6	
42479.2291666667	64.9865517241379	46.8	
42488.1458333333	65.021	48.4	
42482.3541666667	65.057	56	
42473.4583333333	65.066	53.2	
42480.5	65.066	48.4	
42481.125	65.066	47.6	
42472.3229166667	65.084	47.2	
42472.90625	65.084	47.6	
42481.0729166667	65.084	48	
42481.2395833333	65.084	47.2	
42487.34375	65.096	50	
42472.4270833333	65.1305882352941	74.4	
42475.9791666667	65.144	47.6	
42481.25	65.1443243243243	48	
42487.15625	65.165	47.6	
42481.5	65.171	52.4	
42479.0520833333	65.1823076923077	48	
42468.9479166667	65.204	48	
42479.1770833333	65.2456603773585	47.6	
42481.4895833333	65.2485714285714	54.8	
42488.1875	65.261	48	
42482.0104166667	65.294	53.2	
42482.96875	65.294	48	
42479.1458333333	65.3	47.6	
42473.46875	65.336	56.4	
42480.5104166667	65.336	47.6	
42481.3125	65.3411428571429	47.2	
42472.3125	65.354	47.2	
42472.8958333333	65.354	48	
42481.0625	65.354	48	
42481.2291666667	65.354	48.8	
42481.4375	65.402	52	
42474.4895833333	65.4028571428571	72.4	
42479.21875	65.4055172413793	46.8	
42461.0104166667	65.468	47.6	
42468.3854166667	65.492	57.6	
42479.1875	65.551320754717	47.2	
42465.9166666667	65.558	48	
42481.2604166667	65.5821621621622	47.2	
42473.4791666667	65.606	56	
42480.5208333333	65.606	47.6	
42481.1458333333	65.606	46.8	
42472.4375	65.6070588235294	77.2	
42472.3020833333	65.624	47.2	
42472.8854166667	65.624	48.8	
42481.0520833333	65.624	48.4	
42481.21875	65.624	47.2	
42465.4166666667	65.654	60.4	
42464.875	65.663	47.6	
42481.5104166667	65.666	48.8	
42473.7916666667	65.6763636363636	49.6	
42475.5	65.696	67.2	
42468.9375	65.699	48	
42474.8020833333	65.7427027027027	66.8	
42479.0416666667	65.7534615384615	48	
42488.1979166667	65.756	48	
42482	65.789	53.2	
42482.9583333333	65.789	48	
42487.3541666667	65.816	50.8	
42479.2083333333	65.8244827586207	47.2	
42481.4791666667	65.8271428571429	50	
42488.125	65.831	48	
42479.3645833333	65.8563636363636	60	
42479.1979166667	65.8569811320755	47.2	
42467.40625	65.864	66	
42475.96875	65.864	47.6	
42473.4895833333	65.876	58.8	
42480.53125	65.876	48	
42481.15625	65.876	47.2	
42472.2916666667	65.894	46.4	
42472.875	65.894	47.6	
42481.0416666667	65.894	48	
42481.2083333333	65.894	47.2	
42467.8958333333	65.972	48	
42472.4479166667	66.02	64	
42472.4583333333	66.02	54.8	
42472.46875	66.02	48.8	
42472.4791666667	66.02	48.4	
42472.4895833333	66.02	48.8	
42472.8333333333	66.02	49.6	
42472.84375	66.02	48.8	
42472.8541666667	66.02	48.8	
42472.8645833333	66.02	48.4	
42473.78125	66.02	48.8	
42478.3333333333	66.02	46.8	
42478.34375	66.02	46.8	
42478.3541666667	66.02	47.2	
42478.3645833333	66.02	48	
42478.375	66.02	50.8	
42478.3854166667	66.02	52.8	
42478.3958333333	66.02	54.8	
42478.4166666667	66.02	61.6	
42478.4270833333	66.02	62	
42478.4375	66.02	65.2	
42478.4479166667	66.02	66.4	
42479.375	66.02	94.8	
42481	66.02	48	
42481.0104166667	66.02	48.4	
42481.0208333333	66.02	48	
42481.03125	66.02	48	
42481.2708333333	66.02	48.8	
42481.3020833333	66.02	47.2	
42488.2083333333	66.02	48	
42464.4375	66.068	77.6	
42478.09375	66.0892307692308	46.8	
42478.1041666667	66.092	46.8	
42466.4479166667	66.1076923076923	78.8	
42473.5	66.125	56.4	
42474.5833333333	66.125	75.2	
42472.8229166667	66.14	48.8	
42479.03125	66.14	48	
42488.1145833333	66.14	48	
42472.5	66.146	48	
42481.5208333333	66.161	48.4	
42472.28125	66.164	46.4	
42478.1145833333	66.1691428571429	47.2	
42478.40625	66.1723076923077	56	
42468.9270833333	66.194	48	
42481.1979166667	66.2046153846154	47.2	
42474.5	66.251	70.4	
42482.3645833333	66.272	60.4	
42465.90625	66.284	48.4	
42474.5729166667	66.284	75.2	
42480.9895833333	66.284	48	
42481.9895833333	66.284	54.4	
42481.46875	66.30125	48.4	
42481.1666666667	66.32	47.2	
42473.5104166667	66.35	61.2	
42474.59375	66.35	66	
42472.8125	66.365	49.6	
42479.0208333333	66.365	48	
42488.1041666667	66.365	48.4	
42485.15625	66.3862068965517	46.8	
42472.2083333333	66.3905882352941	46.4	
42481.4479166667	66.392	52.8	
42472.5104166667	66.416	48.4	
42478.3229166667	66.4273684210526	46.8	
42482.9479166667	66.428	48	
42472.2708333333	66.434	46.4	
42461	66.458	47.6	
42478.4583333333	66.47	64	
42478.0729166667	66.4769230769231	46.8	
42468.3958333333	66.482	65.6	
42480.5416666667	66.482	48.4	
42472.1979166667	66.5	46.8	
42487.3645833333	66.536	51.2	
42474.7916666667	66.5454054054054	66.8	
42481.1875	66.5507692307692	47.2	
42473.5208333333	66.575	59.2	
42474.6041666667	66.575	65.6	
42479.3854166667	66.5803773584906	64.4	
42475.9583333333	66.584	47.6	
42481.2916666667	66.5884210526316	47.2	
42472.8020833333	66.59	48.4	
42479.0104166667	66.59	48	
42488.09375	66.59	48.4	
42473.7708333333	66.5911538461538	50	
42481.53125	66.656	48.4	
42475.5104166667	66.68	67.2	
42472.5208333333	66.686	48.4	
42468.9166666667	66.689	48.4	
42472.2604166667	66.704	46.4	
42481.4583333333	66.723125	49.2	
42466.8541666667	66.731	48	
42478.28125	66.74	47.2	
42474.5104166667	66.746	70.8	
42465.8958333333	66.779	48.4	
42474.5625	66.779	66.8	
42480.9791666667	66.779	48	
42481.9791666667	66.779	54.8	
42473.53125	66.8	60	
42474.6145833333	66.8	64	
42464.8645833333	66.812	48	
42472.7916666667	66.815	48.4	
42479	66.815	48	
42488.0833333333	66.815	48.4	
42485.1458333333	66.851724137931	47.2	
42481.1770833333	66.8969230769231	47.2	
42472.1875	66.92	46.4	
42472.21875	66.92	46.4	
42472.2291666667	66.92	46.4	
42472.2395833333	66.92	46.4	
42472.25	66.92	46.4	
42473.5416666667	66.92	54	
42474.625	66.92	69.2	
42474.6354166667	66.92	75.6	
42474.6458333333	66.92	73.6	
42474.65625	66.92	70	
42474.6666666667	66.92	62.4	
42474.6770833333	66.92	64.4	
42474.6875	66.92	69.2	
42474.6979166667	66.92	69.2	
42474.7083333333	66.92	69.6	
42474.71875	66.92	68	
42474.7291666667	66.92	62	
42474.7395833333	66.92	63.6	
42474.78125	66.92	67.2	
42478.0833333333	66.92	46.8	
42478.125	66.92	47.2	
42478.21875	66.92	46.8	
42478.2916666667	66.92	47.2	
42478.3020833333	66.92	47.2	
42478.3125	66.92	46.8	
42478.46875	66.92	59.2	
42481.28125	66.92	47.2	
42481.5416666667	66.92	48.8	
42481.5520833333	66.92	48.8	
42488.21875	66.92	47.6	
42488.2291666667	66.92	48	
42488.2395833333	66.92	48	
42488.25	66.92	48.4	
42488.2604166667	66.92	48.4	
42473.7083333333	67.046	48.4	
42473.6979166667	67.064	48.4	
42472.53125	67.136	55.6	
42479.3958333333	67.1407547169811	65.6	
42473.7604166667	67.1623076923077	48	
42473.5520833333	67.1624489795918	53.6	
42465.4270833333	67.184	61.6	
42482.9375	67.193	48	
42472.78125	67.208	48.8	
42475.9479166667	67.208	47.6	
42488.0729166667	67.208	48.4	
42467.8854166667	67.232	48	
42474.5208333333	67.241	67.2	
42465.8854166667	67.274	48.4	
42474.5520833333	67.274	66.4	
42480.96875	67.274	48	
42481.96875	67.274	56.8	
42487.375	67.277	52.4	
42474.75	67.298	66.4	
42488.2708333333	67.31	48	
42473.71875	67.316	54	
42485.1354166667	67.3172413793103	47.2	
42464.4479166667	67.328	82	
42468.90625	67.328	48.4	
42478.1354166667	67.3314285714286	46.8	
42473.6875	67.334	48	
42474.7708333333	67.3442857142857	70.8	
42478.4791666667	67.352	58.4	
42478.2708333333	67.388	47.2	
42485	67.46	47.2	
42468.40625	67.472	67.6	
42480.5520833333	67.472	48.4	
42473.5625	67.4930612244898	51.2	
42478.9895833333	67.496	48	
42475.5208333333	67.505	68.4	
42482.375	67.508	65.6	
42478.0625	67.5153846153846	46.4	
42473.7291666667	67.586	51.6	
42472.1770833333	67.595	46.4	
42473.6770833333	67.604	50.4	
42485.1666666667	67.6072727272727	46.4	
42466.4583333333	67.634	81.6	
42479.40625	67.7011320754717	55.2	
42473.75	67.7334615384615	48	
42474.53125	67.736	73.6	
42487.1458333333	67.736	47.6	
42467.4166666667	67.739	73.2	
42472.7708333333	67.748	49.6	
42475.9375	67.748	48	
42488.0625	67.748	48.8	
42488.28125	67.76	48.4	
42465.875	67.769	47.6	
42474.5416666667	67.769	74.4	
42480.9583333333	67.769	48	
42481.9583333333	67.769	57.6	
42485.125	67.7827586206897	46.8	
42478.4895833333	67.8148571428572	57.2	
42473.5729166667	67.8236734693878	57.6	
42473.7395833333	67.856	47.6	
42473.6666666667	67.874	49.2	
42474.7604166667	67.9228571428571	69.2	
42478.2604166667	67.928	47.2	
42482.9270833333	67.958	48	
42473.5833333333	68	56.4	
42473.59375	68	52	
42473.6041666667	68	49.2	
42473.6145833333	68	48.8	
42473.625	68	52	
42473.6354166667	68	49.6	
42473.6458333333	68	51.2	
42473.65625	68	56	
42478.1458333333	68	46.8	
42478.2083333333	68	46.8	
42478.2291666667	68	46.4	
42478.2395833333	68	47.2	
42478.25	68	46.4	
42478.5	68	58.4	
42478.96875	68	48	
42478.9791666667	68	48	
42481.5625	68	50	
42485.0104166667	68	47.2	
42485.0208333333	68	47.2	
42485.03125	68	47.2	
42485.0520833333	68	46.4	
42485.0625	68	46.8	
42485.0729166667	68	47.2	
42485.09375	68	47.2	
42485.1041666667	68	47.2	
42485.1145833333	68	46.8	
42485.1770833333	68	46.8	
42485.1875	68	46.8	
42485.1979166667	68	46.8	
42485.2083333333	68	47.2	
42485.21875	68	46.8	
42485.2291666667	68	46.8	
42485.2395833333	68	46.8	
42488.2916666667	68	48	
42488.3020833333	68	48.4	
42488.3125	68	48.4	
42488.3229166667	68	48.8	
42487.3854166667	68.042	55.2	
42468.8958333333	68.093	48	
42472.03125	68.0947368421053	47.2	
42471.9895833333	68.108	48	
42472.5416666667	68.126	64	
42485.25	68.126	46.4	
42488	68.126	48.4	
42478.5208333333	68.144	58.8	
42481.9479166667	68.144	58.4	
42488.3333333333	68.231	49.2	
42480.9479166667	68.264	48	
42472.7604166667	68.288	51.2	
42475.9270833333	68.288	47.6	
42488.0520833333	68.288	48.8	
42464.8541666667	68.297	48	
42468.4166666667	68.357	69.6	
42478.1979166667	68.375652173913	46.4	
42472.0208333333	68.3789473684211	47.6	
42472.5520833333	68.396	64.4	
42485.2604166667	68.396	46.8	
42488.0104166667	68.396	48.4	
42481.9375	68.414	58.4	
42480.5625	68.462	54	
42475.53125	68.4628571428571	65.6	
42466.84375	68.486	47.6	
42467.875	68.492	47.6	
42478.0520833333	68.5082352941176	47.2	
42487.9895833333	68.528	48.4	
42478.15625	68.54	46.8	
42472.0416666667	68.5815384615385	47.2	
42464.4583333333	68.588	82.4	
42471.9791666667	68.648	48	
42472.0104166667	68.6631578947368	48	
42472.5625	68.666	71.6	
42485.2708333333	68.666	47.2	
42488.0208333333	68.666	48.4	
42465.8645833333	68.672	48	
42472.1666666667	68.6821052631579	46.4	
42478.9583333333	68.6821052631579	48.4	
42481.9270833333	68.684	60.4	
42479.4166666667	68.693	51.2	
42465.4375	68.714	60.8	
42482.9166666667	68.723	48	
42488.34375	68.726	53.6	
42480.9375	68.759	48	
42482.3854166667	68.768	49.6	
42487.3958333333	68.807	57.2	
42472.75	68.828	52.4	
42475.9166666667	68.828	48.4	
42488.0416666667	68.828	48.4	
42468.8854166667	68.858	48.4	
42472.5729166667	68.936	59.6	
42485.28125	68.936	46.8	
42488.03125	68.936	48.4	
42472	68.9473684210526	48	
42481.9166666667	68.954	57.6	
42478.5104166667	68.9818181818182	61.6	
42471.0104166667	69.08	47.2	
42471.0208333333	69.08	47.2	
42471.03125	69.08	46.8	
42471.0833333333	69.08	46.8	
42472.15625	69.08	46.4	
42472.5833333333	69.08	66	
42472.59375	69.08	60.8	
42472.6041666667	69.08	48.4	
42472.6145833333	69.08	48.4	
42472.625	69.08	48	
42472.6354166667	69.08	48.4	
42472.6458333333	69.08	48.8	
42472.65625	69.08	49.2	
42478.1666666667	69.08	46.4	
42478.1770833333	69.08	47.2	
42478.1875	69.08	46.4	
42478.5416666667	69.08	54.4	
42478.9166666667	69.08	48	
42478.9270833333	69.08	48	
42478.9375	69.08	48	
42478.9479166667	69.08	48	
42480.2291666667	69.08	47.2	
42480.2395833333	69.08	46.8	
42480.25	69.08	47.6	
42480.2604166667	69.08	46.8	
42468.4270833333	69.122	71.6	
42466.46875	69.164	83.2	
42471.0416666667	69.1668965517241	46.8	
42485.2916666667	69.1668965517241	47.2	
42472.6666666667	69.185	49.2	
42471.96875	69.188	48	
42472.7395833333	69.2	49.6	
42478.90625	69.2	48.8	
42488.3541666667	69.221	57.2	
42485.3333333333	69.2375	47.2	
42480.2708333333	69.24	50	
42472.0520833333	69.2523404255319	47.2	
42480.9270833333	69.254	48	
42478.53125	69.26	56	
42475.90625	69.344	48.8	
42481.90625	69.344	55.6	
42482.90625	69.344	47.6	
42471.0520833333	69.3531034482759	46.8	
42485.3020833333	69.3531034482759	46.8	
42480.21875	69.36125	46.8	
42472.1458333333	69.3718918918919	46.4	
42472.6770833333	69.41	49.6	
42475.5416666667	69.416	64.8	
42472.7291666667	69.425	49.6	
42478.8958333333	69.425	48.4	
42480.5729166667	69.452	50.4	
42467.4270833333	69.494	78.4	
42471	69.4953846153846	47.6	
42478.0416666667	69.4953846153846	46.8	
42487.9791666667	69.518	48.4	
42480.2916666667	69.53	50.4	
42471.0625	69.5393103448276	46.8	
42485.3125	69.5393103448276	47.2	
42472.0625	69.5395744680851	47.2	
42487.40625	69.572	60	
42485.34375	69.575	47.2	
42478.5520833333	69.5886956521739	53.6	
42468.875	69.623	47.2	
42472.6875	69.635	50	
42480.28125	69.64	50	
42472.71875	69.65	48.4	
42478.8854166667	69.65	48	
42487.1354166667	69.716	47.6	
42488.3645833333	69.716	58	
42471.0729166667	69.7255172413793	46.8	
42485.3229166667	69.7255172413793	47.2	
42467.8645833333	69.728	48	
42471.9583333333	69.728	48	
42480.9166666667	69.749	48.8	
42464.84375	69.782	48	
42480.2083333333	69.783125	46.8	
42480.15625	69.8098181818182	47.2	
42472.0729166667	69.8268085106383	47.2	
42475.8958333333	69.839	50	
42481.8958333333	69.839	63.2	
42482.8958333333	69.839	48	
42464.46875	69.848	81.2	
42480.1458333333	69.8589090909091	47.2	
42472.6979166667	69.86	49.2	
42471.09375	69.8675	46.8	
42472.7083333333	69.875	48.8	
42478.875	69.875	47.6	
42468.4375	69.887	75.2	
42472.1145833333	69.9	46.4	
42480.1354166667	69.908	47.6	
42485.3541666667	69.9125	47.2	
42480.0729166667	69.9303448275862	48	
42465.8541666667	69.932	48	
42480.125	69.9570909090909	47.6	
42471.1041666667	69.98	46.8	
42471.1145833333	69.98	46.8	
42472.0833333333	69.98	47.6	
42472.09375	69.98	47.2	
42472.1041666667	69.98	46.8	
42472.125	69.98	46.8	
42478.0208333333	69.98	47.2	
42478.03125	69.98	46.8	
42480.0833333333	69.98	47.6	
42480.09375	69.98	47.6	
42480.1041666667	69.98	47.6	
42480.1145833333	69.98	47.6	
42480.1666666667	69.98	47.2	
42480.1770833333	69.98	46.8	
42480.1875	69.98	46.4	
42480.1979166667	69.98	46.8	
42480.3020833333	69.98	47.6	
42481.5729166667	69.995652173913	49.2	
42482.3958333333	70.028	53.2	
42480.5833333333	70.106	49.2	
42468.8645833333	70.124	47.6	
42471.9479166667	70.124	48	
42475.5520833333	70.136	65.6	
42471.125	70.1408510638298	46.8	
42471.3333333333	70.1558139534884	49.6	
42487.4166666667	70.211	60	
42466.8333333333	70.241	47.6	
42465.4479166667	70.244	59.6	
42478.8645833333	70.244	48.4	
42480.90625	70.244	49.6	
42480.0625	70.2562068965517	47.6	
42479.4270833333	70.2581818181818	48.8	
42475.8854166667	70.334	49.2	
42481.8854166667	70.334	65.2	
42482.8854166667	70.334	48	
42488.375	70.337	54.8	
42480.59375	70.376	51.6	
42468.8541666667	70.394	48	
42471.9375	70.394	48	
42487.96875	70.508	48.8	
42471.34375	70.5325581395349	49.2	
42480.0520833333	70.5820689655172	47.6	
42478.0104166667	70.6152941176471	46.8	
42485.3645833333	70.628	47.2	
42478.5625	70.6376923076923	55.2	
42480.6041666667	70.646	48.4	
42468.4479166667	70.652	78.4	
42468.84375	70.664	47.6	
42471.9270833333	70.664	48	
42466.4791666667	70.694	84	
42487.4270833333	70.706	54.8	
42478.8541666667	70.739	49.6	
42480.8958333333	70.739	50.4	
42471.3229166667	70.7654545454545	47.6	
42475.875	70.829	48.4	
42481.875	70.829	86.4	
42482.875	70.829	48	
42471.1458333333	70.8302127659575	46.8	
42475.5625	70.856	62	
42480.0416666667	70.9079310344828	48	
42471.3541666667	70.9093023255814	56.4	
42480.6145833333	70.916	48.4	
42468.8333333333	70.934	48.4	
42471.9166666667	70.934	47.6	
42467.8541666667	70.943	48.4	
42471.15625	71.06	46.8	
42471.1666666667	71.06	46.8	
42471.1770833333	71.06	46.8	
42471.1875	71.06	46.8	
42471.25	71.06	46.8	
42471.2604166667	71.06	46.8	
42471.2708333333	71.06	46.8	
42471.28125	71.06	46.8	
42471.2916666667	71.06	46.8	
42471.3020833333	71.06	46.8	
42471.3125	71.06	47.2	
42471.375	71.06	54.4	
42471.3854166667	71.06	61.2	
42471.3958333333	71.06	52	
42471.40625	71.06	54.4	
42478	71.06	46.8	
42488.3854166667	71.102	52.4	
42464.4791666667	71.108	81.6	
42471.2395833333	71.18	46.8	
42471.90625	71.18	48	
42465.84375	71.192	48	
42471.4166666667	71.2	60	
42487.4375	71.201	50	
42478.84375	71.234	49.6	
42480.8854166667	71.234	48	
42467.4375	71.249	81.6	
42464.8333333333	71.267	48	
42482.40625	71.288	53.6	
42481.5833333333	71.291	49.2	
42485.375	71.291	48	
42471.1979166667	71.3054545454546	46.8	
42482.8645833333	71.324	48.4	
42471.3645833333	71.384	57.6	
42465.4583333333	71.396	53.6	
42468.4583333333	71.396	78.4	
42471.2291666667	71.405	46.8	
42471.8958333333	71.405	48	
42475.8645833333	71.444	48.4	
42481.8645833333	71.444	75.6	
42480.625	71.48	48.4	
42487.9583333333	71.498	48.8	
42471.4270833333	71.5	48.4	
42475.5729166667	71.576	58.4	
42471.21875	71.63	46.8	
42471.8854166667	71.63	48.8	
42487.4479166667	71.696	53.2	
42466.8229166667	71.708	48.4	
42468.8229166667	71.708	48.4	
42478.8333333333	71.729	48.4	
42480.875	71.729	48	
42480.03125	71.7489655172414	48	
42471.4479166667	71.75	50.8	
42481.59375	71.786	53.2	
42485.3854166667	71.786	49.2	
42471.4375	71.8	48.4	
42482.8541666667	71.819	48	
42471.2083333333	71.855	46.8	
42471.875	71.855	47.6	
42488.3958333333	71.867	52.4	
42471.8645833333	71.87	48.4	
42471.4583333333	71.96	56.8	
42471.8541666667	71.96	48.4	
42487.9166666667	71.96	48.4	
42487.9270833333	71.96	48.4	
42487.9375	71.96	48.4	
42487.9479166667	71.96	48.4	
42478.8229166667	72.104	48.4	
42480.8645833333	72.104	48	
42465.46875	72.116	57.6	
42468.46875	72.116	75.6	
42480.0208333333	72.1213793103448	48	
42467.84375	72.158	48.8	
42475.8541666667	72.164	49.2	
42481.8541666667	72.164	83.2	
42480.6354166667	72.17	48.4	
42475.5833333333	72.191	64.4	
42466.4895833333	72.224	84	
42481.6041666667	72.281	48.8	
42485.3958333333	72.281	50	
42482.84375	72.314	47.6	
42471.46875	72.32	48.4	
42471.84375	72.3411764705882	48	
42479.4375	72.3445454545455	52.4	
42487.125	72.3527272727273	47.6	
42487.90625	72.368	48.4	
42464.4895833333	72.368	82.4	
42478.8125	72.374	48.4	
42480.8541666667	72.374	48	
42478.5833333333	72.422	57.2	
42482.4166666667	72.422	52.8	
42487.4583333333	72.422	52.4	
42479.4479166667	72.44	55.6	
42465.8333333333	72.452	48	
42480.0104166667	72.4937931034483	48	
42478.5729166667	72.6107692307692	61.2	
42480.6458333333	72.62	48.4	
42488.40625	72.632	51.2	
42478.8020833333	72.644	49.2	
42480.84375	72.644	48.4	
42475.59375	72.686	67.2	
42479.4583333333	72.716	57.2	
42464.8229166667	72.776	48.4	
42481.6145833333	72.776	49.2	
42485.40625	72.776	55.6	
42482.8333333333	72.809	48.4	
42471.4791666667	72.8109090909091	48.4	
42471.8333333333	72.8176470588235	48	
42465.4791666667	72.836	62	
42468.4791666667	72.836	76.4	
42480	72.8662068965517	48.4	
42475.84375	72.884	49.2	
42481.84375	72.884	85.6	
42478.7916666667	72.914	49.2	
42480.8333333333	72.914	48	
42466.8125	72.923	47.6	
42468.8125	72.923	48.8	
42467.4479166667	73.004	79.2	
42471.4895833333	73.04	48	
42479.9166666667	73.04	49.2	
42479.9270833333	73.04	48.4	
42479.9375	73.04	48.4	
42479.9479166667	73.04	48.4	
42479.9583333333	73.04	48.8	
42479.96875	73.04	48.4	
42479.9791666667	73.04	48.4	
42479.9895833333	73.04	48.4	
42485.4166666667	73.04	55.6	
42486.1666666667	73.04	49.2	
42486.1770833333	73.04	48.4	
42486.1875	73.04	48.4	
42486.1979166667	73.04	48.4	
42486.2083333333	73.04	48.4	
42486.21875	73.04	48.8	
42486.2291666667	73.04	48.4	
42486.2395833333	73.04	48.4	
42486.25	73.04	48.4	
42486.2604166667	73.04	48.8	
42486.2708333333	73.04	49.2	
42486.28125	73.04	48.8	
42487.8958333333	73.133	48.4	
42466.5	73.145	81.6	
42486.2916666667	73.145	48.4	
42479.90625	73.16	49.2	
42486.15625	73.16	48.4	
42475.6041666667	73.181	67.2	
42471.5	73.186511627907	48	
42480.65625	73.26	52.8	
42478.78125	73.304	48.4	
42466.5104166667	73.37	81.2	
42486.3020833333	73.37	48.4	
42467.8333333333	73.373	48.8	
42464.5	73.376	82.8	
42479.8958333333	73.385	48.4	
42486.1458333333	73.385	48.8	
42478.59375	73.412	66.4	
42482.4270833333	73.412	56.4	
42487.46875	73.412	51.6	
42480.8229166667	73.424	48	
42471.8229166667	73.44	48.4	
42471.5729166667	73.4558620689655	79.6	
42471.5104166667	73.5004651162791	48.4	
42481.625	73.502	49.2	
42465.4895833333	73.556	58.8	
42468.4895833333	73.556	77.2	
42487.1145833333	73.5675862068966	48	
42466.5208333333	73.595	79.2	
42486.3125	73.595	48.4	
42471.5625	73.5955172413793	78.4	
42475.8333333333	73.604	49.2	
42481.8333333333	73.604	88.8	
42479.8854166667	73.61	48.4	
42486.1354166667	73.61	48.4	
42475.6145833333	73.676	64.4	
42465.8229166667	73.712	48	
42482.8229166667	73.712	48.8	
42471.5520833333	73.7351724137931	77.2	
42478.7708333333	73.799	48.8	
42485.4270833333	73.8064516129032	56	
42488.4166666667	73.81	52.8	
42471.5208333333	73.8144186046512	66.8	
42466.53125	73.82	78	
42486.3229166667	73.82	49.6	
42479.875	73.835	48.4	
42486.125	73.835	48.4	
42471.5416666667	73.8748275862069	74	
42487.8854166667	73.898	48.8	
42471.53125	73.94	69.6	
42471.5833333333	73.94	79.6	
42471.59375	73.94	77.2	
42471.6041666667	73.94	74	
42471.6145833333	73.94	72.8	
42486.0416666667	73.94	48.8	
42486.0520833333	73.94	48.4	
42486.0625	73.94	48	
42486.0729166667	73.94	48.4	
42486.0833333333	73.94	48.8	
42486.09375	73.94	48.8	
42486.1041666667	73.94	48.8	
42486.1145833333	73.94	48.8	
42486.3333333333	73.94	49.6	
42486.34375	73.94	54.4	
42486.3541666667	73.94	53.6	
42486.3645833333	73.94	66	
42487.1041666667	73.9865517241379	48	
42468.5	74.066	77.2	
42486.375	74.066	61.6	
42479.46875	74.0730434782609	57.6	
42486.03125	74.084	48.4	
42464.5104166667	74.096	79.2	
42466.8020833333	74.138	47.6	
42468.8020833333	74.138	48.4	
42480.8125	74.144	48	
42471.8125	74.1757142857143	48.4	
42475.8229166667	74.204	49.2	
42478.7604166667	74.294	48.8	
42465.5	74.297	62.4	
42471.625	74.297	72.8	
42475.625	74.297	61.2	
42464.8125	74.306	48.4	
42468.5104166667	74.336	76	
42486.3854166667	74.336	63.6	
42467.8229166667	74.348	50.4	
42481.8229166667	74.348	88.8	
42486.0208333333	74.354	48.8	
42478.6041666667	74.402	67.2	
42482.4375	74.402	60	
42487.4791666667	74.402	60	
42487.09375	74.4055172413793	48	
42466.5416666667	74.423	76.4	
42467.4583333333	74.423	77.6	
42479.8645833333	74.492	48.8	
42481.6354166667	74.492	50.8	
42468.5208333333	74.606	77.2	
42486.3958333333	74.606	58.8	
42486.0104166667	74.624	49.6	
42487.875	74.663	48.8	
42475.8125	74.699	52	
42485.4375	74.7645161290323	59.2	
42478.75	74.789	48.8	
42464.5208333333	74.816	72.8	
42487.0833333333	74.8244827586207	48	
42480.8020833333	74.864	47.6	
42468.53125	74.876	82.4	
42486.40625	74.876	58	
42471.8020833333	74.8828571428571	49.6	
42486	74.894	48.4	
42465.8125	74.972	48	
42482.8125	74.972	48.4	
42479.4791666667	75.02	55.2	
42487	75.02	48.8	
42487.0104166667	75.02	48	
42487.0208333333	75.02	48	
42487.03125	75.02	48.4	
42487.0416666667	75.02	48	
42487.0520833333	75.02	48	
42487.0625	75.02	48	
42487.0729166667	75.02	48	
42489.0833333333	75.02	48	
42489.09375	75.02	48	
42489.0416666667	75.041724137931	48.4	
42465.5104166667	75.062	63.6	
42471.6354166667	75.062	76	
42475.6354166667	75.062	62.4	
42489.0520833333	75.088275862069	48.8	
42486.9895833333	75.092	48.4	
42467.8125	75.113	64	
42481.8125	75.113	88.4	
42479.4895833333	75.12	54	
42480.6666666667	75.125	64.4	
42486.4166666667	75.125	60	
42478.7083333333	75.1325	49.2	
42489.0625	75.1348275862069	48.4	
42485.9895833333	75.14	48.4	
42489.03125	75.14	48.4	
42478.7395833333	75.18	48.8	
42489.0729166667	75.1813793103448	48	
42475.8020833333	75.194	49.2	
42486.9791666667	75.22625	48	
42468.5416666667	75.251	83.2	
42489.1041666667	75.2927272727273	48	
42488.4270833333	75.3114285714286	53.6	
42480.6770833333	75.35	55.6	
42486.4270833333	75.35	59.2	
42466.7916666667	75.353	48.4	
42468.7916666667	75.353	48	
42485.9791666667	75.365	48.4	
42489.0208333333	75.365	48	
42485.9479166667	75.3862068965517	48.8	
42486.90625	75.3862068965517	48.4	
42486.9479166667	75.3862068965517	48	
42478.6145833333	75.392	64	
42482.4479166667	75.392	59.2	
42487.4895833333	75.392	60.8	
42487.8645833333	75.428	48.8	
42466.5520833333	75.458	76	
42467.46875	75.458	78.8	
42478.7291666667	75.48	49.2	
42481.6458333333	75.482	50	
42486.96875	75.5075	48	
42479.8541666667	75.527	48.4	
42464.53125	75.536	68.4	
42485.4479166667	75.541052631579	63.2	
42480.6875	75.575	53.6	
42486.4375	75.575	60.4	
42480.7916666667	75.584	48.4	
42471.7916666667	75.59	48.4	
42485.96875	75.59	48.4	
42489.0104166667	75.59	48	
42475.7916666667	75.689	49.2	
42489.1145833333	75.7018181818182	48	
42468.5520833333	75.746	83.2	
42478.71875	75.78	49.6	
42486.9583333333	75.78875	48.4	
42480.6979166667	75.8	52.8	
42486.4479166667	75.8	56	
42485.9583333333	75.815	48.4	
42489	75.815	48	
42465.5208333333	75.827	49.2	
42471.6458333333	75.827	79.6	
42475.6458333333	75.827	62.4	
42464.8020833333	75.836	48.4	
42485.9375	75.851724137931	49.6	
42486.8958333333	75.851724137931	48	
42486.9375	75.851724137931	48.4	
42467.8020833333	75.878	66	
42481.8020833333	75.878	89.2	
42471.7395833333	75.92	51.2	
42471.75	75.92	48	
42471.7604166667	75.92	48	
42471.7708333333	75.92	48.4	
42471.78125	75.92	48.4	
42478.625	75.92	55.6	
42478.6354166667	75.92	56.8	
42478.6458333333	75.92	50.8	
42478.65625	75.92	50	
42478.6666666667	75.92	50	
42478.6770833333	75.92	49.2	
42478.6875	75.92	49.2	
42478.6979166667	75.92	50.4	
42485.4583333333	75.92	65.6	
42464.5416666667	76.046	65.6	
42480.7083333333	76.046	63.6	
42489.125	76.046	48	
42479.5	76.0503448275862	57.6	
42468.78125	76.064	48	
42471.6979166667	76.064	80	
42480.78125	76.064	48.4	
42488.9895833333	76.064	48	
42482.4583333333	76.172	65.2	
42486.4583333333	76.172	60.4	
42487.5	76.172	61.6	
42487.8541666667	76.193	58	
42466.78125	76.208	48	
42475.78125	76.208	49.2	
42465.8020833333	76.232	48	
42482.8020833333	76.232	47.6	
42468.5625	76.241	83.2	
42464.5520833333	76.316	70.8	
42480.71875	76.316	64	
42489.1354166667	76.316	48.4	
42485.9270833333	76.3172413793103	48.8	
42486.8854166667	76.3172413793103	48.4	
42486.9270833333	76.3172413793103	48.4	
42479.5104166667	76.3296551724138	58	
42468.7708333333	76.334	48.4	
42471.6875	76.334	82	
42480.7708333333	76.334	48.4	
42488.9791666667	76.334	48.4	
42488.4375	76.4042857142857	62.4	
42471.7083333333	76.4413793103448	79.2	
42481.65625	76.472	56	
42466.5625	76.493	81.6	
42467.4791666667	76.493	79.6	
42479.84375	76.562	48.8	
42464.5625	76.586	75.2	
42480.7291666667	76.586	54.8	
42489.1458333333	76.586	48.4	
42465.53125	76.592	64	
42471.65625	76.592	82.4	
42475.65625	76.592	58.4	
42468.7604166667	76.604	48.4	
42471.6770833333	76.604	83.6	
42480.7604166667	76.604	48.4	
42488.96875	76.604	48.8	
42479.5208333333	76.6089655172414	56.8	
42467.7916666667	76.643	70.8	
42481.7916666667	76.643	90	
42482.46875	76.712	64.8	
42486.46875	76.712	61.6	
42487.5104166667	76.712	56.4	
42468.5729166667	76.736	83.2	
42466.7708333333	76.748	52	
42475.7708333333	76.748	50	
42471.7291666667	76.7507692307692	63.2	
42485.9166666667	76.7827586206897	48.4	
42486.875	76.7827586206897	48.4	
42486.9166666667	76.7827586206897	48	
42464.5729166667	76.856	74.4	
42480.7395833333	76.856	58	
42489.15625	76.856	48	
42468.75	76.874	51.6	
42471.6666666667	76.874	83.2	
42480.75	76.874	48.4	
42488.9583333333	76.874	49.2	
42479.53125	76.888275862069	66.4	
42487.84375	76.958	62.4	
42468.5833333333	77	83.2	
42468.59375	77	83.2	
42468.6041666667	77	83.2	
42468.6145833333	77	83.6	
42468.7083333333	77	81.6	
42468.71875	77	76.8	
42468.7291666667	77	74.4	
42468.7395833333	77	66.4	
42475.6666666667	77	58.4	
42475.6770833333	77	58	
42475.6875	77	54.8	
42475.6979166667	77	55.2	
42479.5416666667	77	64	
42489.28125	77	47.6	
42489.2916666667	77	48	
42489.3020833333	77	48	
42489.3125	77	48	
42489.3229166667	77	48.8	
42489.3333333333	77	48.4	
42489.34375	77	52.4	
42489.3541666667	77	51.6	
42489.3645833333	77	57.2	
42489.9791666667	77	48.4	
42489.9895833333	77	48	
42489.96875	77.0469565217391	48	
42475.7083333333	77.126	51.2	
42481.6666666667	77.126	63.2	
42489.1666666667	77.142641509434	48	
42481.78125	77.144	89.6	
42485.46875	77.144	64	
42488.9479166667	77.144	48.4	
42489.2708333333	77.1506976744186	47.6	
42464.5833333333	77.231	80	
42468.625	77.231	83.6	
42489.375	77.231	53.6	
42482.4791666667	77.252	69.6	
42486.4791666667	77.252	59.2	
42487.5208333333	77.252	62	
42468.6979166667	77.264	83.2	
42485.90625	77.264	48.4	
42486.8645833333	77.264	48.8	
42466.7604166667	77.288	67.6	
42475.7604166667	77.288	50.4	
42465.5416666667	77.357	72	
42464.7916666667	77.366	48.8	
42475.71875	77.396	53.6	
42481.6770833333	77.396	61.2	
42481.7708333333	77.414	82	
42488.9375	77.414	47.6	
42489.1770833333	77.4483018867925	48	
42465.7916666667	77.492	47.6	
42482.7916666667	77.492	47.6	
42488.4479166667	77.4971428571429	61.6	
42489.2604166667	77.5274418604651	48.4	
42466.5729166667	77.528	84	
42467.4895833333	77.528	77.6	
42479.5520833333	77.5321739130435	68	
42471.71875	77.5586206896552	73.2	
42479.8333333333	77.597	49.6	
42475.7291666667	77.666	50.8	
42481.6875	77.666	74.4	
42467.78125	77.672	76.8	
42481.7604166667	77.684	83.6	
42488.9270833333	77.684	48.4	
42487.8333333333	77.723	62.8	
42464.59375	77.726	80.4	
42468.6354166667	77.726	83.2	
42489.3854166667	77.726	55.2	
42489.9583333333	77.7513043478261	48	
42489.1875	77.7539622641509	47.6	
42468.6875	77.759	83.2	
42485.8958333333	77.759	48.4	
42486.8541666667	77.759	49.2	
42482.4895833333	77.792	69.6	
42486.4895833333	77.792	63.6	
42487.53125	77.792	56	
42466.75	77.828	69.6	
42475.75	77.828	50.4	
42489.25	77.9041860465116	47.6	
42475.7395833333	77.936	50.4	
42481.6979166667	77.936	77.2	
42481.75	77.954	80.8	
42488.9166666667	77.954	48	
42489.1979166667	78.0596226415094	48	
42481.7083333333	78.08	74.8	
42481.71875	78.08	70.8	
42481.7291666667	78.08	67.2	
42481.7395833333	78.08	70.8	
42482.5	78.08	72	
42482.5104166667	78.08	66.8	
42482.5208333333	78.08	68.8	
42482.53125	78.08	65.2	
42485.4791666667	78.08	60	
42485.4895833333	78.08	54.4	
42489.2083333333	78.08	48	
42489.21875	78.08	48	
42489.2291666667	78.08	48	
42489.2395833333	78.08	47.6	
42489.875	78.08	48.4	
42489.8854166667	78.08	48.4	
42489.8958333333	78.08	48.4	
42489.90625	78.08	48.4	
42489.9166666667	78.08	48.4	
42489.9270833333	78.08	48.4	
42489.9375	78.08	48.4	
42489.9479166667	78.08	48.4	
42465.5520833333	78.122	74.4	
42466.5833333333	78.185	84.8	
42467.5	78.185	77.6	
42482.5416666667	78.185	62.8	
42466.7395833333	78.2	76.4	
42479.8229166667	78.2	52.4	
42482.78125	78.2	47.6	
42488.90625	78.2	48.8	
42489.8645833333	78.2	48.8	
42464.6041666667	78.221	81.6	
42468.6458333333	78.221	83.2	
42489.3958333333	78.221	50.8	
42468.6770833333	78.254	83.2	
42485.8854166667	78.254	48.4	
42486.84375	78.254	51.6	
42487.5416666667	78.311	53.6	
42465.78125	78.344	48	
42466.59375	78.41	84.4	
42467.5104166667	78.41	83.2	
42482.5520833333	78.41	64.4	
42466.7291666667	78.425	78.8	
42479.8125	78.425	56	
42482.7708333333	78.425	48	
42488.8958333333	78.425	48.8	
42489.8541666667	78.425	48.8	
42486.5	78.4832	56.4	
42479.5625	78.53	75.2	
42488.4583333333	78.542	62.8	
42485.5	78.56	54	
42487.8229166667	78.608	68	
42466.6041666667	78.635	83.6	
42467.5208333333	78.635	83.2	
42482.5625	78.635	67.2	
42466.71875	78.65	81.2	
42479.8020833333	78.65	61.6	
42482.7604166667	78.65	48.4	
42488.8854166667	78.65	48.8	
42489.84375	78.65	48.4	
42464.6145833333	78.716	83.2	
42468.65625	78.716	83.2	
42489.40625	78.716	48.8	
42468.6666666667	78.749	83.6	
42485.875	78.749	48.4	
42486.8333333333	78.749	56	
42487.5520833333	78.806	56.4	
42489.8229166667	78.8284210526316	48.4	
42464.7708333333	78.839	66	
42465.7708333333	78.839	52	
42466.6145833333	78.86	84.4	
42467.53125	78.86	83.2	
42482.5729166667	78.86	68	
42466.7083333333	78.875	80.8	
42479.7916666667	78.875	68.4	
42482.75	78.875	48.4	
42488.875	78.875	48.8	
42489.8333333333	78.875	48.4	
42465.5625	78.887	74.8	
42489.8125	78.8994736842105	48	
42467.7708333333	78.932	77.2	
42489.8020833333	78.9705263157895	48	
42464.625	78.98	83.2	
42464.6354166667	78.98	82.8	
42464.6458333333	78.98	83.2	
42464.65625	78.98	83.2	
42489.4166666667	78.98	51.2	
42489.7708333333	79.0781818181818	48.8	
42464.6666666667	79.106	83.2	
42466.625	79.106	84.4	
42482.5833333333	79.106	72	
42466.6979166667	79.124	84.4	
42479.6979166667	79.124	83.2	
42482.7395833333	79.124	52.4	
42485.8645833333	79.124	49.2	
42479.7083333333	79.211	82.4	
42479.78125	79.244	71.2	
42486.8229166667	79.244	63.2	
42488.8645833333	79.244	48.8	
42487.5625	79.301	61.2	
42464.7604166667	79.334	69.6	
42465.7604166667	79.334	64.4	
42467.5416666667	79.337	83.2	
42486.5104166667	79.3472	55.2	
42464.6770833333	79.376	82.8	
42466.6354166667	79.376	82.4	
42482.59375	79.376	69.6	
42466.6875	79.394	82	
42479.6875	79.394	83.2	
42482.7291666667	79.394	56	
42485.8541666667	79.394	51.2	
42479.5729166667	79.5278260869565	78.8	
42488.46875	79.532	66.8	
42485.5104166667	79.5885714285714	53.2	
42487.8125	79.598	70.4	
42464.6875	79.646	82.8	
42466.6458333333	79.646	83.6	
42482.6041666667	79.646	69.6	
42489.78125	79.6485714285714	48.4	
42465.5729166667	79.652	76	
42466.6770833333	79.664	80.4	
42479.6770833333	79.664	83.6	
42482.71875	79.664	61.2	
42485.84375	79.664	52	
42489.7916666667	79.682	48	
42479.71875	79.706	80.4	
42479.7708333333	79.739	72	
42486.8125	79.739	66.4	
42488.8541666667	79.739	48.8	
42487.5729166667	79.796	67.6	
42489.7604166667	79.8145454545455	54.8	
42464.75	79.829	74	
42465.75	79.829	70.4	
42466.65625	79.916	78.8	
42482.6145833333	79.916	69.6	
42466.6666666667	79.934	79.2	
42479.6666666667	79.934	82.8	
42482.7083333333	79.934	66.4	
42485.8333333333	79.934	56.4	
42464.7083333333	80.06	83.2	
42464.7291666667	80.06	79.6	
42464.7395833333	80.06	77.2	
42465.5833333333	80.06	76	
42465.59375	80.06	72.4	
42465.6041666667	80.06	75.6	
42465.6145833333	80.06	79.6	
42482.625	80.06	68.8	
42482.6354166667	80.06	67.2	
42482.6458333333	80.06	68	
42482.65625	80.06	67.2	
42482.6666666667	80.06	66	
42482.6770833333	80.06	66.4	
42482.6875	80.06	68.8	
42482.6979166667	80.06	69.2	
42489.4270833333	80.06	50.8	
42489.75	80.06	64.4	
42467.5520833333	80.102	83.2	
42465.625	80.165	78.8	
42479.5833333333	80.165	79.6	
42465.7395833333	80.18	78	
42479.65625	80.18	82	
42467.7604166667	80.192	80	
42479.7291666667	80.201	80.8	
42486.5208333333	80.2112	52.8	
42479.7604166667	80.234	76.4	
42486.8020833333	80.234	72.4	
42488.84375	80.234	48.8	
42487.5833333333	80.291	68	
42489.4375	80.3511764705882	53.6	
42465.6354166667	80.39	83.2	
42479.59375	80.39	77.2	
42465.7291666667	80.405	78.8	
42479.6458333333	80.405	78.8	
42485.8229166667	80.444	60	
42488.4791666667	80.522	64	
42487.8020833333	80.588	72.4	
42465.6458333333	80.615	82.8	
42479.6041666667	80.615	78.8	
42485.5208333333	80.6171428571429	54.4	
42465.71875	80.63	82	
42479.6354166667	80.63	82.4	
42479.7395833333	80.696	78.8	
42479.75	80.729	77.6	
42486.7916666667	80.729	75.2	
42488.8333333333	80.729	48.4	
42489.4479166667	80.7482352941176	56	
42489.7395833333	80.78	67.6	
42487.59375	80.786	76	
42465.65625	80.84	83.2	
42479.6145833333	80.84	80.8	
42465.7083333333	80.855	82.4	
42479.625	80.855	78	
42467.5625	80.867	82.8	
42465.6666666667	80.96	83.2	
42465.6770833333	80.96	83.2	
42465.6875	80.96	82	
42465.6979166667	80.96	82.8	
42485.53125	80.96	53.2	
42489.7291666667	80.9884210526316	66.8	
42485.8125	81.164	63.2	
42485.5416666667	81.191	54	
42486.5520833333	81.268	82.8	
42487.6041666667	81.281	77.6	
42488.8229166667	81.368	53.2	
42486.53125	81.3714285714286	67.2	
42489.71875	81.4147368421053	74.8	
42467.75	81.452	80	
42486.78125	81.488	76.8	
42488.4895833333	81.512	68.4	
42487.7916666667	81.578	74.4	
42467.5729166667	81.632	82.8	
42489.4583333333	81.6472727272727	66.4	
42485.5520833333	81.686	55.6	
42487.6145833333	81.776	80	
42489.7083333333	81.8410526315789	76.4	
42485.8020833333	81.884	67.2	
42486.5625	81.928	83.2	
42467.7083333333	82.04	82.8	
42467.71875	82.04	83.2	
42467.7291666667	82.04	82	
42467.7395833333	82.04	82	
42486.5416666667	82.04	78	
42488.8125	82.133	60	
42467.5833333333	82.145	83.2	
42487.625	82.145	78.8	
42467.6979166667	82.16	82.8	
42487.78125	82.16	74.4	
42485.5625	82.181	56.4	
42488.5	82.271	69.6	
42467.59375	82.37	83.2	
42487.6354166667	82.37	81.2	
42467.6875	82.385	83.2	
42487.7708333333	82.385	77.2	
42486.7708333333	82.478	78.4	
42489.4895833333	82.4875675675676	63.6	
42486.5729166667	82.588	83.2	
42467.6041666667	82.595	83.2	
42487.6458333333	82.595	81.2	
42485.7916666667	82.604	69.2	
42467.6770833333	82.61	83.2	
42487.7604166667	82.61	77.2	
42489.6979166667	82.64	78.8	
42485.5729166667	82.676	50	
42489.4791666667	82.7064864864865	65.2	
42488.5104166667	82.766	68.8	
42467.6145833333	82.82	83.2	
42487.65625	82.82	82	
42467.6666666667	82.835	82.4	
42487.75	82.835	79.6	
42488.8020833333	82.898	66	
42489.46875	82.9254054054054	66	
42467.625	82.94	82.8	
42467.6354166667	82.94	83.2	
42467.6458333333	82.94	83.2	
42467.65625	82.94	83.6	
42487.6666666667	82.94	78.4	
42487.6770833333	82.94	81.6	
42487.6875	82.94	76.8	
42487.6979166667	82.94	77.6	
42487.7083333333	82.94	76.4	
42487.71875	82.94	82	
42487.7291666667	82.94	80.8	
42487.7395833333	82.94	80	
42489.5	82.94	63.6	
42489.5104166667	82.94	64.4	
42489.5208333333	82.94	63.6	
42489.53125	82.94	62.4	
42486.5833333333	83.171	82.8	
42489.6875	83.1875	78.8	
42488.5208333333	83.261	70.8	
42489.5416666667	83.2686956521739	63.2	
42485.5833333333	83.297	50.8	
42485.78125	83.348	70	
42486.7604166667	83.468	78.4	
42489.6770833333	83.525	82.4	
42488.7916666667	83.663	72.8	
42486.59375	83.666	82.4	
42488.53125	83.756	66.8	
42489.6666666667	83.8625	80	
42489.5520833333	83.9730434782609	64	
42489.5625	84.02	66.8	
42489.5729166667	84.02	70.8	
42485.59375	84.062	61.2	
42485.7708333333	84.113	73.6	
42486.6041666667	84.161	80	
42488.5416666667	84.251	64.8	
42489.5833333333	84.251	62.8	
42488.78125	84.284	76.8	
42489.65625	84.284	79.2	
42486.75	84.458	80	
42486.6145833333	84.656	82	
42488.5520833333	84.746	68.4	
42489.59375	84.746	71.2	
42488.7708333333	84.779	77.6	
42489.6458333333	84.779	78.8	
42485.6041666667	84.827	63.6	
42485.7604166667	84.878	72	
42486.625	84.92	82.4	
42486.6354166667	84.92	82.4	
42486.6458333333	84.92	82.4	
42486.65625	84.92	82	
42486.6666666667	84.92	82	
42486.6770833333	84.92	82.8	
42486.6875	84.92	82	
42486.6979166667	84.92	83.2	
42486.7083333333	84.92	82.8	
42486.71875	84.92	82.8	
42486.7291666667	84.92	82.4	
42486.7395833333	84.92	80.4	
42488.5625	85.241	71.6	
42489.6041666667	85.241	68.8	
42488.7604166667	85.274	79.2	
42489.6354166667	85.274	77.6	
42485.6145833333	85.592	71.2	
42485.75	85.643	76	
42488.5729166667	85.736	74	
42489.6145833333	85.736	76.8	
42488.75	85.769	82	
42489.625	85.769	73.6	
42485.625	86.126	73.6	
42488.5833333333	86.126	78	
42485.7395833333	86.144	76	
42488.7395833333	86.144	80.8	
42485.6354166667	86.396	64.4	
42488.59375	86.396	78	
42485.7291666667	86.414	77.6	
42488.7291666667	86.414	81.6	
42485.6458333333	86.666	66.4	
42488.6041666667	86.666	80	
42485.71875	86.684	76	
42488.71875	86.684	82.8	
42485.65625	86.936	70.4	
42488.6145833333	86.936	80	
42485.7083333333	86.954	70.8	
42488.7083333333	86.954	82.8	
42485.6666666667	87.08	72.8	
42485.6770833333	87.08	68	
42485.6875	87.08	64.8	
42485.6979166667	87.08	71.6	
42488.625	87.08	82.4	
42488.6354166667	87.08	82	
42488.6458333333	87.08	82.8	
42488.65625	87.08	82.4	
42488.6666666667	87.08	82.8	
42488.6770833333	87.08	83.2	
42488.6875	87.08	82	
42488.6979166667	87.08	82.8	
