Date	AHU22MixedAirTemp	MixedAirTempPredictionforContainerAHU22	
42461	nan	nan	
42461.0104166667	nan	nan	
42461.0208333333	nan	nan	
42461.03125	nan	nan	
42461.0416666667	nan	nan	
42461.0520833333	nan	nan	
42461.0625	nan	nan	
42461.0729166667	nan	nan	
42461.0833333333	nan	nan	
42461.09375	nan	nan	
42461.1041666667	nan	nan	
42461.1145833333	nan	nan	
42461.125	nan	nan	
42461.1354166667	nan	nan	
42461.1458333333	nan	nan	
42461.15625	nan	nan	
42461.1666666667	nan	nan	
42461.1770833333	nan	nan	
42461.1875	nan	nan	
42461.1979166667	nan	nan	
42461.2083333333	nan	nan	
42461.21875	nan	nan	
42461.2291666667	nan	nan	
42461.2395833333	nan	nan	
42461.25	nan	nan	
42461.2604166667	nan	nan	
42461.2708333333	nan	nan	
42461.28125	nan	nan	
42461.2916666667	nan	nan	
42461.3020833333	nan	nan	
42461.3125	nan	nan	
42461.3229166667	nan	nan	
42461.3333333333	68.98	68.6700019836426	
42461.34375	68.41	68.63	
42461.3541666667	69.27	68.6450018310547	
42461.3645833333	68.76	68.7450006103516	
42461.375	68.7	68.925	
42461.3854166667	69.49	68.965	
42461.3958333333	69.23	68.985	
42461.40625	68.82	68.96	
42461.4166666667	68.65	68.985	
42461.4270833333	68.24	68.945	
42461.4375	67.94	68.86	
42461.4479166667	67.47	68.775	
42461.4583333333	67.37	68.73	
42461.46875	67.04	68.755	
42461.4791666667	67.17	68.695	
42461.4895833333	67.48	68.895	
42461.5	67.55	68.675	
42461.5104166667	67.64	68.69	
42461.5208333333	67.62	68.615	
42461.53125	67.77	68.5350010681153	
42461.5416666667	68.05	68.5350010681153	
42461.5520833333	68.19	68.5350010681153	
42461.5625	68.83	68.5350010681153	
42461.5729166667	68.72	68.4900010681152	
42461.5833333333	68.74	68.6200001525879	
42461.59375	68.57	68.75	
42461.6041666667	68.61	68.6	
42461.6145833333	68.75	68.51	
42461.625	68	68.505	
42461.6354166667	68.45	68.505	
42461.6458333333	68.01	68.525	
42461.65625	68.62	68.59	
42461.6666666667	68.1	68.6	
42461.6770833333	68.82	68.745	
42461.6875	67.91	68.8600006103516	
42461.6979166667	68.29	68.8600006103516	
42461.7083333333	68.27	68.8600006103516	
42461.71875	68.39	68.74	
42461.7291666667	68.44	68.8000003051758	
42461.7395833333	68.35	68.7	
42461.75	nan	nan	
42461.7604166667	nan	nan	
42461.7708333333	nan	nan	
42461.78125	nan	nan	
42461.7916666667	nan	nan	
42461.8020833333	nan	nan	
42461.8125	nan	nan	
42461.8229166667	nan	nan	
42461.8333333333	nan	nan	
42461.84375	nan	nan	
42461.8541666667	nan	nan	
42461.8645833333	nan	nan	
42461.875	nan	nan	
42461.8854166667	nan	nan	
42461.8958333333	nan	nan	
42461.90625	nan	nan	
42461.9166666667	nan	nan	
42461.9270833333	nan	nan	
42461.9375	nan	nan	
42461.9479166667	nan	nan	
42461.9583333333	nan	nan	
42461.96875	nan	nan	
42461.9791666667	nan	nan	
42461.9895833333	nan	nan	
42462	nan	nan	
42462.0104166667	nan	nan	
42462.0208333333	nan	nan	
42462.03125	nan	nan	
42462.0416666667	nan	nan	
42462.0520833333	nan	nan	
42462.0625	nan	nan	
42462.0729166667	nan	nan	
42462.0833333333	nan	nan	
42462.09375	nan	nan	
42462.1041666667	nan	nan	
42462.1145833333	nan	nan	
42462.125	nan	nan	
42462.1354166667	nan	nan	
42462.1458333333	nan	nan	
42462.15625	nan	nan	
42462.1666666667	nan	nan	
42462.1770833333	nan	nan	
42462.1875	nan	nan	
42462.1979166667	nan	nan	
42462.2083333333	nan	nan	
42462.21875	nan	nan	
42462.2291666667	nan	nan	
42462.2395833333	nan	nan	
42462.25	nan	nan	
42462.2604166667	nan	nan	
42462.2708333333	nan	nan	
42462.28125	nan	nan	
42462.2916666667	nan	nan	
42462.3020833333	nan	nan	
42462.3125	nan	nan	
42462.3229166667	nan	nan	
42462.3333333333	nan	nan	
42462.34375	nan	nan	
42462.3541666667	nan	nan	
42462.3645833333	nan	nan	
42462.375	nan	nan	
42462.3854166667	nan	nan	
42462.3958333333	nan	nan	
42462.40625	nan	nan	
42462.4166666667	nan	nan	
42462.4270833333	nan	nan	
42462.4375	nan	nan	
42462.4479166667	nan	nan	
42462.4583333333	nan	nan	
42462.46875	nan	nan	
42462.4791666667	nan	nan	
42462.4895833333	nan	nan	
42462.5	nan	nan	
42462.5104166667	nan	nan	
42462.5208333333	nan	nan	
42462.53125	nan	nan	
42462.5416666667	nan	nan	
42462.5520833333	nan	nan	
42462.5625	nan	nan	
42462.5729166667	nan	nan	
42462.5833333333	nan	nan	
42462.59375	nan	nan	
42462.6041666667	nan	nan	
42462.6145833333	nan	nan	
42462.625	nan	nan	
42462.6354166667	nan	nan	
42462.6458333333	nan	nan	
42462.65625	nan	nan	
42462.6666666667	nan	nan	
42462.6770833333	nan	nan	
42462.6875	nan	nan	
42462.6979166667	nan	nan	
42462.7083333333	nan	nan	
42462.71875	nan	nan	
42462.7291666667	nan	nan	
42462.7395833333	nan	nan	
42462.75	nan	nan	
42462.7604166667	nan	nan	
42462.7708333333	nan	nan	
42462.78125	nan	nan	
42462.7916666667	nan	nan	
42462.8020833333	nan	nan	
42462.8125	nan	nan	
42462.8229166667	nan	nan	
42462.8333333333	nan	nan	
42462.84375	nan	nan	
42462.8541666667	nan	nan	
42462.8645833333	nan	nan	
42462.875	nan	nan	
42462.8854166667	nan	nan	
42462.8958333333	nan	nan	
42462.90625	nan	nan	
42462.9166666667	nan	nan	
42462.9270833333	nan	nan	
42462.9375	nan	nan	
42462.9479166667	nan	nan	
42462.9583333333	nan	nan	
42462.96875	nan	nan	
42462.9791666667	nan	nan	
42462.9895833333	nan	nan	
42463	nan	nan	
42463.0104166667	nan	nan	
42463.0208333333	nan	nan	
42463.03125	nan	nan	
42463.0416666667	nan	nan	
42463.0520833333	nan	nan	
42463.0625	nan	nan	
42463.0729166667	nan	nan	
42463.0833333333	nan	nan	
42463.09375	nan	nan	
42463.1041666667	nan	nan	
42463.1145833333	nan	nan	
42463.125	nan	nan	
42463.1354166667	nan	nan	
42463.1458333333	nan	nan	
42463.15625	nan	nan	
42463.1666666667	nan	nan	
42463.1770833333	nan	nan	
42463.1875	nan	nan	
42463.1979166667	nan	nan	
42463.2083333333	nan	nan	
42463.21875	nan	nan	
42463.2291666667	nan	nan	
42463.2395833333	nan	nan	
42463.25	nan	nan	
42463.2604166667	nan	nan	
42463.2708333333	nan	nan	
42463.28125	nan	nan	
42463.2916666667	nan	nan	
42463.3020833333	nan	nan	
42463.3125	nan	nan	
42463.3229166667	nan	nan	
42463.3333333333	nan	nan	
42463.34375	nan	nan	
42463.3541666667	nan	nan	
42463.3645833333	nan	nan	
42463.375	nan	nan	
42463.3854166667	nan	nan	
42463.3958333333	nan	nan	
42463.40625	nan	nan	
42463.4166666667	nan	nan	
42463.4270833333	nan	nan	
42463.4375	nan	nan	
42463.4479166667	nan	nan	
42463.4583333333	nan	nan	
42463.46875	nan	nan	
42463.4791666667	nan	nan	
42463.4895833333	nan	nan	
42463.5	nan	nan	
42463.5104166667	nan	nan	
42463.5208333333	nan	nan	
42463.53125	nan	nan	
42463.5416666667	nan	nan	
42463.5520833333	nan	nan	
42463.5625	nan	nan	
42463.5729166667	nan	nan	
42463.5833333333	nan	nan	
42463.59375	nan	nan	
42463.6041666667	nan	nan	
42463.6145833333	nan	nan	
42463.625	nan	nan	
42463.6354166667	nan	nan	
42463.6458333333	nan	nan	
42463.65625	nan	nan	
42463.6666666667	nan	nan	
42463.6770833333	nan	nan	
42463.6875	nan	nan	
42463.6979166667	nan	nan	
42463.7083333333	nan	nan	
42463.71875	nan	nan	
42463.7291666667	nan	nan	
42463.7395833333	nan	nan	
42463.75	nan	nan	
42463.7604166667	nan	nan	
42463.7708333333	nan	nan	
42463.78125	nan	nan	
42463.7916666667	nan	nan	
42463.8020833333	nan	nan	
42463.8125	nan	nan	
42463.8229166667	nan	nan	
42463.8333333333	nan	nan	
42463.84375	nan	nan	
42463.8541666667	nan	nan	
42463.8645833333	nan	nan	
42463.875	nan	nan	
42463.8854166667	nan	nan	
42463.8958333333	nan	nan	
42463.90625	nan	nan	
42463.9166666667	nan	nan	
42463.9270833333	nan	nan	
42463.9375	nan	nan	
42463.9479166667	nan	nan	
42463.9583333333	nan	nan	
42463.96875	nan	nan	
42463.9791666667	nan	nan	
42463.9895833333	nan	nan	
42464	nan	nan	
42464.0104166667	nan	nan	
42464.0208333333	nan	nan	
42464.03125	nan	nan	
42464.0416666667	nan	nan	
42464.0520833333	nan	nan	
42464.0625	nan	nan	
42464.0729166667	nan	nan	
42464.0833333333	nan	nan	
42464.09375	nan	nan	
42464.1041666667	nan	nan	
42464.1145833333	nan	nan	
42464.125	nan	nan	
42464.1354166667	nan	nan	
42464.1458333333	nan	nan	
42464.15625	nan	nan	
42464.1666666667	nan	nan	
42464.1770833333	nan	nan	
42464.1875	nan	nan	
42464.1979166667	nan	nan	
42464.2083333333	nan	nan	
42464.21875	nan	nan	
42464.2291666667	nan	nan	
42464.2395833333	nan	nan	
42464.25	nan	nan	
42464.2604166667	nan	nan	
42464.2708333333	nan	nan	
42464.28125	nan	nan	
42464.2916666667	nan	nan	
42464.3020833333	nan	nan	
42464.3125	nan	nan	
42464.3229166667	nan	nan	
42464.3333333333	66.7	68.1500015258789	
42464.34375	67.24	68.5500030517578	
42464.3541666667	67.72	68.44	
42464.3645833333	68.24	68.6999969482422	
42464.375	68.69	68.76	
42464.3854166667	69.07	69.075	
42464.3958333333	69.26	69.11	
42464.40625	69.41	69.11	
42464.4166666667	68.58	69.185	
42464.4270833333	68.16	68.94	
42464.4375	68.54	68.89	
42464.4479166667	69.08	68.775	
42464.4583333333	68.78	68.765	
42464.46875	68.63	68.775	
42464.4791666667	68.84	68.6500003051758	
42464.4895833333	69.19	68.8599996948242	
42464.5	68.83	69.03	
42464.5104166667	68.5	69.065	
42464.5208333333	68.77	69.065	
42464.53125	69.02	69.065	
42464.5416666667	69.44	69.155	
42464.5520833333	69	69.2000001525879	
42464.5625	69.66	69.04	
42464.5729166667	69.54	69.1000001525879	
42464.5833333333	69.72	69.26	
42464.59375	69.64	69.335	
42464.6041666667	69.62	69.3149998474121	
42464.6145833333	69.88	69.3199996948242	
42464.625	69.99	69.5200004577636	
42464.6354166667	70.01	69.5200004577636	
42464.6458333333	69.81	69.5200004577636	
42464.65625	69.66	69.5950004577637	
42464.6666666667	69.87	69.69	
42464.6770833333	70.05	69.84	
42464.6875	70.07	69.9899989318847	
42464.6979166667	70.11	70	
42464.7083333333	69.86	70.2300033569336	
42464.71875	69.71	69.9899978637695	
42464.7291666667	69.62	69.9199981689453	
42464.7395833333	69.53	69.8549995422363	
42464.75	nan	nan	
42464.7604166667	nan	nan	
42464.7708333333	nan	nan	
42464.78125	nan	nan	
42464.7916666667	nan	nan	
42464.8020833333	nan	nan	
42464.8125	nan	nan	
42464.8229166667	nan	nan	
42464.8333333333	nan	nan	
42464.84375	nan	nan	
42464.8541666667	nan	nan	
42464.8645833333	nan	nan	
42464.875	nan	nan	
42464.8854166667	nan	nan	
42464.8958333333	nan	nan	
42464.90625	nan	nan	
42464.9166666667	nan	nan	
42464.9270833333	nan	nan	
42464.9375	nan	nan	
42464.9479166667	nan	nan	
42464.9583333333	nan	nan	
42464.96875	nan	nan	
42464.9791666667	nan	nan	
42464.9895833333	nan	nan	
42465	nan	nan	
42465.0104166667	nan	nan	
42465.0208333333	nan	nan	
42465.03125	nan	nan	
42465.0416666667	nan	nan	
42465.0520833333	nan	nan	
42465.0625	nan	nan	
42465.0729166667	nan	nan	
42465.0833333333	nan	nan	
42465.09375	nan	nan	
42465.1041666667	nan	nan	
42465.1145833333	nan	nan	
42465.125	nan	nan	
42465.1354166667	nan	nan	
42465.1458333333	nan	nan	
42465.15625	nan	nan	
42465.1666666667	nan	nan	
42465.1770833333	nan	nan	
42465.1875	nan	nan	
42465.1979166667	nan	nan	
42465.2083333333	nan	nan	
42465.21875	nan	nan	
42465.2291666667	nan	nan	
42465.2395833333	nan	nan	
42465.25	nan	nan	
42465.2604166667	nan	nan	
42465.2708333333	nan	nan	
42465.28125	nan	nan	
42465.2916666667	nan	nan	
42465.3020833333	nan	nan	
42465.3125	nan	nan	
42465.3229166667	nan	nan	
42465.3333333333	67.65	67.17	
42465.34375	68.12	68.2400010681152	
42465.3541666667	68.67	68.32	
42465.3645833333	69.1	68.74	
42465.375	69.41	68.885	
42465.3854166667	69.58	68.86	
42465.3958333333	69.39	68.805	
42465.40625	69.12	68.695001373291	
42465.4166666667	69.23	68.765	
42465.4270833333	69.43	68.73	
42465.4375	69.29	68.705	
42465.4479166667	68.69	68.695	
42465.4583333333	68.75	68.65	
42465.46875	68.89	68.69	
42465.4791666667	69.12	68.7	
42465.4895833333	69.34	68.685	
42465.5	69.41	68.835	
42465.5104166667	69.67	69.065	
42465.5208333333	69.84	69.1699981689453	
42465.53125	69.81	69.32	
42465.5416666667	69.62	69.35	
42465.5520833333	69.68	69.430001373291	
42465.5625	69.69	69.5349998474121	
42465.5729166667	69.76	69.645001373291	
42465.5833333333	69.94	69.645001373291	
42465.59375	69.73	69.5	
42465.6041666667	69.75	69.44	
42465.6145833333	69.91	69.305	
42465.625	69.78	69.355	
42465.6354166667	69.91	69.27	
42465.6458333333	69.92	69.375	
42465.65625	69.99	69.43	
42465.6666666667	69.71	69.48	
42465.6770833333	69.86	69.495	
42465.6875	69.99	69.5	
42465.6979166667	70.1	69.54	
42465.7083333333	70.09	69.48	
42465.71875	69.79	69.465	
42465.7291666667	69.5	69.465	
42465.7395833333	69.15	69.42	
42465.75	nan	nan	
42465.7604166667	nan	nan	
42465.7708333333	nan	nan	
42465.78125	nan	nan	
42465.7916666667	nan	nan	
42465.8020833333	nan	nan	
42465.8125	nan	nan	
42465.8229166667	nan	nan	
42465.8333333333	nan	nan	
42465.84375	nan	nan	
42465.8541666667	nan	nan	
42465.8645833333	nan	nan	
42465.875	nan	nan	
42465.8854166667	nan	nan	
42465.8958333333	nan	nan	
42465.90625	nan	nan	
42465.9166666667	nan	nan	
42465.9270833333	nan	nan	
42465.9375	nan	nan	
42465.9479166667	nan	nan	
42465.9583333333	nan	nan	
42465.96875	nan	nan	
42465.9791666667	nan	nan	
42465.9895833333	nan	nan	
42466	nan	nan	
42466.0104166667	nan	nan	
42466.0208333333	nan	nan	
42466.03125	nan	nan	
42466.0416666667	nan	nan	
42466.0520833333	nan	nan	
42466.0625	nan	nan	
42466.0729166667	nan	nan	
42466.0833333333	nan	nan	
42466.09375	nan	nan	
42466.1041666667	nan	nan	
42466.1145833333	nan	nan	
42466.125	nan	nan	
42466.1354166667	nan	nan	
42466.1458333333	nan	nan	
42466.15625	nan	nan	
42466.1666666667	nan	nan	
42466.1770833333	nan	nan	
42466.1875	nan	nan	
42466.1979166667	nan	nan	
42466.2083333333	nan	nan	
42466.21875	nan	nan	
42466.2291666667	nan	nan	
42466.2395833333	nan	nan	
42466.25	nan	nan	
42466.2604166667	nan	nan	
42466.2708333333	nan	nan	
42466.28125	nan	nan	
42466.2916666667	nan	nan	
42466.3020833333	nan	nan	
42466.3125	nan	nan	
42466.3229166667	nan	nan	
42466.3333333333	68.91	68.5699998474121	
42466.34375	69.45	68.620002746582	
42466.3541666667	68.99	68.6049995422363	
42466.3645833333	69.69	68.620002746582	
42466.375	68.51	68.9249984741211	
42466.3854166667	69.12	68.83	
42466.3958333333	68.86	68.975	
42466.40625	68.27	69.120002746582	
42466.4166666667	67.97	69.07	
42466.4270833333	68.67	69.1450003051758	
42466.4375	68.27	68.82	
42466.4479166667	68.13	68.5800018310547	
42466.4583333333	68.49	68.41	
42466.46875	68.82	68.41	
42466.4791666667	68.77	68.365	
42466.4895833333	69.07	68.655	
42466.5	69.05	68.725	
42466.5104166667	69.07	68.77	
42466.5208333333	69.08	68.79	
42466.53125	69.33	68.79	
42466.5416666667	69.12	68.865	
42466.5520833333	69.8	68.935	
42466.5625	69.58	69.13	
42466.5729166667	69.93	69.19	
42466.5833333333	70.12	69.22	
42466.59375	70.01	69.26	
42466.6041666667	69.89	69.26	
42466.6145833333	69.58	69.26	
42466.625	69.74	69.3	
42466.6354166667	69.71	69.3	
42466.6458333333	69.27	69.3149998474121	
42466.65625	69.33	69.3299981689453	
42466.6666666667	69.46	69.3499984741211	
42466.6770833333	69.66	69.3650016784668	
42466.6875	69.66	69.3600006103516	
42466.6979166667	69.54	69.3600006103516	
42466.7083333333	69.59	69.28	
42466.71875	69.42	69.28	
42466.7291666667	69.12	69.28	
42466.7395833333	68.69	69.28	
42466.75	nan	nan	
42466.7604166667	nan	nan	
42466.7708333333	nan	nan	
42466.78125	nan	nan	
42466.7916666667	nan	nan	
42466.8020833333	nan	nan	
42466.8125	nan	nan	
42466.8229166667	nan	nan	
42466.8333333333	nan	nan	
42466.84375	nan	nan	
42466.8541666667	nan	nan	
42466.8645833333	nan	nan	
42466.875	nan	nan	
42466.8854166667	nan	nan	
42466.8958333333	nan	nan	
42466.90625	nan	nan	
42466.9166666667	nan	nan	
42466.9270833333	nan	nan	
42466.9375	nan	nan	
42466.9479166667	nan	nan	
42466.9583333333	nan	nan	
42466.96875	nan	nan	
42466.9791666667	nan	nan	
42466.9895833333	nan	nan	
42467	nan	nan	
42467.0104166667	nan	nan	
42467.0208333333	nan	nan	
42467.03125	nan	nan	
42467.0416666667	nan	nan	
42467.0520833333	nan	nan	
42467.0625	nan	nan	
42467.0729166667	nan	nan	
42467.0833333333	nan	nan	
42467.09375	nan	nan	
42467.1041666667	nan	nan	
42467.1145833333	nan	nan	
42467.125	nan	nan	
42467.1354166667	nan	nan	
42467.1458333333	nan	nan	
42467.15625	nan	nan	
42467.1666666667	nan	nan	
42467.1770833333	nan	nan	
42467.1875	nan	nan	
42467.1979166667	nan	nan	
42467.2083333333	nan	nan	
42467.21875	nan	nan	
42467.2291666667	nan	nan	
42467.2395833333	nan	nan	
42467.25	nan	nan	
42467.2604166667	nan	nan	
42467.2708333333	nan	nan	
42467.28125	nan	nan	
42467.2916666667	nan	nan	
42467.3020833333	nan	nan	
42467.3125	nan	nan	
42467.3229166667	nan	nan	
42467.3333333333	66.34	66.81	
42467.34375	66.83	66.91	
42467.3541666667	67.71	68.0249993896485	
42467.3645833333	68.37	68.345001373291	
42467.375	68.98	68.8149998474121	
42467.3854166667	68.62	69.04	
42467.3958333333	67.94	69.14	
42467.40625	67.45	69.14	
42467.4166666667	67.42	68.885	
42467.4270833333	67.34	68.8600003051758	
42467.4375	67.17	68.665	
42467.4479166667	67.21	68.695	
42467.4583333333	67.37	68.81	
42467.46875	67.78	68.8349992370605	
42467.4791666667	67.85	69.01	
42467.4895833333	67.96	69.3249969482422	
42467.5	67.91	69.4000018310547	
42467.5104166667	68.16	69.5150010681153	
42467.5208333333	68.6	69.5150010681153	
42467.53125	68.57	69.535	
42467.5416666667	68.84	69.61	
42467.5520833333	69.18	69.7350015258789	
42467.5625	69.56	69.8299980163574	
42467.5729166667	69.54	69.8650016784668	
42467.5833333333	69.59	69.9050025939942	
42467.59375	69.8	69.9050025939942	
42467.6041666667	70	69.8950004577636	
42467.6145833333	70.29	69.8850021362305	
42467.625	70.21	69.9500007629395	
42467.6354166667	69.95	70.0050010681152	
42467.6458333333	69.9	69.9949989318848	
42467.65625	70.2	69.9749984741211	
42467.6666666667	70.26	69.9300003051758	
42467.6770833333	70.23	69.865001373291	
42467.6875	69.96	69.8499981689453	
42467.6979166667	70.04	69.8249981689453	
42467.7083333333	69.89	69.8	
42467.71875	69.55	69.68	
42467.7291666667	69.32	69.5899981689453	
42467.7395833333	69.54	69.5599987792969	
42467.75	nan	nan	
42467.7604166667	nan	nan	
42467.7708333333	nan	nan	
42467.78125	nan	nan	
42467.7916666667	nan	nan	
42467.8020833333	nan	nan	
42467.8125	nan	nan	
42467.8229166667	nan	nan	
42467.8333333333	nan	nan	
42467.84375	nan	nan	
42467.8541666667	nan	nan	
42467.8645833333	nan	nan	
42467.875	nan	nan	
42467.8854166667	nan	nan	
42467.8958333333	nan	nan	
42467.90625	nan	nan	
42467.9166666667	nan	nan	
42467.9270833333	nan	nan	
42467.9375	nan	nan	
42467.9479166667	nan	nan	
42467.9583333333	nan	nan	
42467.96875	nan	nan	
42467.9791666667	nan	nan	
42467.9895833333	nan	nan	
42468	nan	nan	
42468.0104166667	nan	nan	
42468.0208333333	nan	nan	
42468.03125	nan	nan	
42468.0416666667	nan	nan	
42468.0520833333	nan	nan	
42468.0625	nan	nan	
42468.0729166667	nan	nan	
42468.0833333333	nan	nan	
42468.09375	nan	nan	
42468.1041666667	nan	nan	
42468.1145833333	nan	nan	
42468.125	nan	nan	
42468.1354166667	nan	nan	
42468.1458333333	nan	nan	
42468.15625	nan	nan	
42468.1666666667	nan	nan	
42468.1770833333	nan	nan	
42468.1875	nan	nan	
42468.1979166667	nan	nan	
42468.2083333333	nan	nan	
42468.21875	nan	nan	
42468.2291666667	nan	nan	
42468.2395833333	nan	nan	
42468.25	nan	nan	
42468.2604166667	nan	nan	
42468.2708333333	nan	nan	
42468.28125	nan	nan	
42468.2916666667	nan	nan	
42468.3020833333	nan	nan	
42468.3125	nan	nan	
42468.3229166667	nan	nan	
42468.3333333333	67.99	68.63	
42468.34375	69.39	68.6450018310547	
42468.3541666667	69.51	68.905	
42468.3645833333	69.17	68.95	
42468.375	68.31	69.185	
42468.3854166667	68.38	69.185	
42468.3958333333	68.23	69.295	
42468.40625	67.96	69.18	
42468.4166666667	67.82	68.98	
42468.4270833333	68.01	69.01	
42468.4375	67.99	68.9049996948242	
42468.4479166667	68.12	68.9300012207032	
42468.4583333333	68.29	68.805	
42468.46875	68.46	68.79	
42468.4791666667	68.57	68.805	
42468.4895833333	68.71	68.895001373291	
42468.5	68.82	68.9700006103515	
42468.5104166667	68.99	68.9900006103516	
42468.5208333333	69.36	68.9900006103516	
42468.53125	69.82	69.035	
42468.5416666667	69.32	69.035	
42468.5520833333	69.27	69.165	
42468.5625	69.64	69.2199995422364	
42468.5729166667	69.98	69.25	
42468.5833333333	69.61	69.305	
42468.59375	70.06	69.31	
42468.6041666667	69.69	69.32	
42468.6145833333	70.02	69.35	
42468.625	69.83	69.39	
42468.6354166667	69.81	69.425	
42468.6458333333	69.94	69.425	
42468.65625	70	69.44	
42468.6666666667	70.16	69.44	
42468.6770833333	70.36	69.44	
42468.6875	70.13	69.375	
42468.6979166667	69.82	69.23	
42468.7083333333	69.69	69.13	
42468.71875	69.62	69.2	
42468.7291666667	69.61	69.2	
42468.7395833333	69.42	69.175	
42468.75	nan	nan	
42468.7604166667	nan	nan	
42468.7708333333	nan	nan	
42468.78125	nan	nan	
42468.7916666667	nan	nan	
42468.8020833333	nan	nan	
42468.8125	nan	nan	
42468.8229166667	nan	nan	
42468.8333333333	nan	nan	
42468.84375	nan	nan	
42468.8541666667	nan	nan	
42468.8645833333	nan	nan	
42468.875	nan	nan	
42468.8854166667	nan	nan	
42468.8958333333	nan	nan	
42468.90625	nan	nan	
42468.9166666667	nan	nan	
42468.9270833333	nan	nan	
42468.9375	nan	nan	
42468.9479166667	nan	nan	
42468.9583333333	nan	nan	
42468.96875	nan	nan	
42468.9791666667	nan	nan	
42468.9895833333	nan	nan	
42469	nan	nan	
42469.0104166667	nan	nan	
42469.0208333333	nan	nan	
42469.03125	nan	nan	
42469.0416666667	nan	nan	
42469.0520833333	nan	nan	
42469.0625	nan	nan	
42469.0729166667	nan	nan	
42469.0833333333	nan	nan	
42469.09375	nan	nan	
42469.1041666667	nan	nan	
42469.1145833333	nan	nan	
42469.125	nan	nan	
42469.1354166667	nan	nan	
42469.1458333333	nan	nan	
42469.15625	nan	nan	
42469.1666666667	nan	nan	
42469.1770833333	nan	nan	
42469.1875	nan	nan	
42469.1979166667	nan	nan	
42469.2083333333	nan	nan	
42469.21875	nan	nan	
42469.2291666667	nan	nan	
42469.2395833333	nan	nan	
42469.25	nan	nan	
42469.2604166667	nan	nan	
42469.2708333333	nan	nan	
42469.28125	nan	nan	
42469.2916666667	nan	nan	
42469.3020833333	nan	nan	
42469.3125	nan	nan	
42469.3229166667	nan	nan	
42469.3333333333	nan	nan	
42469.34375	nan	nan	
42469.3541666667	nan	nan	
42469.3645833333	nan	nan	
42469.375	nan	nan	
42469.3854166667	nan	nan	
42469.3958333333	nan	nan	
42469.40625	nan	nan	
42469.4166666667	nan	nan	
42469.4270833333	nan	nan	
42469.4375	nan	nan	
42469.4479166667	nan	nan	
42469.4583333333	nan	nan	
42469.46875	nan	nan	
42469.4791666667	nan	nan	
42469.4895833333	nan	nan	
42469.5	nan	nan	
42469.5104166667	nan	nan	
42469.5208333333	nan	nan	
42469.53125	nan	nan	
42469.5416666667	nan	nan	
42469.5520833333	nan	nan	
42469.5625	nan	nan	
42469.5729166667	nan	nan	
42469.5833333333	nan	nan	
42469.59375	nan	nan	
42469.6041666667	nan	nan	
42469.6145833333	nan	nan	
42469.625	nan	nan	
42469.6354166667	nan	nan	
42469.6458333333	nan	nan	
42469.65625	nan	nan	
42469.6666666667	nan	nan	
42469.6770833333	nan	nan	
42469.6875	nan	nan	
42469.6979166667	nan	nan	
42469.7083333333	nan	nan	
42469.71875	nan	nan	
42469.7291666667	nan	nan	
42469.7395833333	nan	nan	
42469.75	nan	nan	
42469.7604166667	nan	nan	
42469.7708333333	nan	nan	
42469.78125	nan	nan	
42469.7916666667	nan	nan	
42469.8020833333	nan	nan	
42469.8125	nan	nan	
42469.8229166667	nan	nan	
42469.8333333333	nan	nan	
42469.84375	nan	nan	
42469.8541666667	nan	nan	
42469.8645833333	nan	nan	
42469.875	nan	nan	
42469.8854166667	nan	nan	
42469.8958333333	nan	nan	
42469.90625	nan	nan	
42469.9166666667	nan	nan	
42469.9270833333	nan	nan	
42469.9375	nan	nan	
42469.9479166667	nan	nan	
42469.9583333333	nan	nan	
42469.96875	nan	nan	
42469.9791666667	nan	nan	
42469.9895833333	nan	nan	
42470	nan	nan	
42470.0104166667	nan	nan	
42470.0208333333	nan	nan	
42470.03125	nan	nan	
42470.0416666667	nan	nan	
42470.0520833333	nan	nan	
42470.0625	nan	nan	
42470.0729166667	nan	nan	
42470.0833333333	nan	nan	
42470.09375	nan	nan	
42470.1041666667	nan	nan	
42470.1145833333	nan	nan	
42470.125	nan	nan	
42470.1354166667	nan	nan	
42470.1458333333	nan	nan	
42470.15625	nan	nan	
42470.1666666667	nan	nan	
42470.1770833333	nan	nan	
42470.1875	nan	nan	
42470.1979166667	nan	nan	
42470.2083333333	nan	nan	
42470.21875	nan	nan	
42470.2291666667	nan	nan	
42470.2395833333	nan	nan	
42470.25	nan	nan	
42470.2604166667	nan	nan	
42470.2708333333	nan	nan	
42470.28125	nan	nan	
42470.2916666667	nan	nan	
42470.3020833333	nan	nan	
42470.3125	nan	nan	
42470.3229166667	nan	nan	
42470.3333333333	nan	nan	
42470.34375	nan	nan	
42470.3541666667	nan	nan	
42470.3645833333	nan	nan	
42470.375	nan	nan	
42470.3854166667	nan	nan	
42470.3958333333	nan	nan	
42470.40625	nan	nan	
42470.4166666667	nan	nan	
42470.4270833333	nan	nan	
42470.4375	nan	nan	
42470.4479166667	nan	nan	
42470.4583333333	nan	nan	
42470.46875	nan	nan	
42470.4791666667	nan	nan	
42470.4895833333	nan	nan	
42470.5	nan	nan	
42470.5104166667	nan	nan	
42470.5208333333	nan	nan	
42470.53125	nan	nan	
42470.5416666667	nan	nan	
42470.5520833333	nan	nan	
42470.5625	nan	nan	
42470.5729166667	nan	nan	
42470.5833333333	nan	nan	
42470.59375	nan	nan	
42470.6041666667	nan	nan	
42470.6145833333	nan	nan	
42470.625	nan	nan	
42470.6354166667	nan	nan	
42470.6458333333	nan	nan	
42470.65625	nan	nan	
42470.6666666667	nan	nan	
42470.6770833333	nan	nan	
42470.6875	nan	nan	
42470.6979166667	nan	nan	
42470.7083333333	nan	nan	
42470.71875	nan	nan	
42470.7291666667	nan	nan	
42470.7395833333	nan	nan	
42470.75	nan	nan	
42470.7604166667	nan	nan	
42470.7708333333	nan	nan	
42470.78125	nan	nan	
42470.7916666667	nan	nan	
42470.8020833333	nan	nan	
42470.8125	nan	nan	
42470.8229166667	nan	nan	
42470.8333333333	nan	nan	
42470.84375	nan	nan	
42470.8541666667	nan	nan	
42470.8645833333	nan	nan	
42470.875	nan	nan	
42470.8854166667	nan	nan	
42470.8958333333	nan	nan	
42470.90625	nan	nan	
42470.9166666667	nan	nan	
42470.9270833333	nan	nan	
42470.9375	nan	nan	
42470.9479166667	nan	nan	
42470.9583333333	nan	nan	
42470.96875	nan	nan	
42470.9791666667	nan	nan	
42470.9895833333	nan	nan	
42471	nan	nan	
42471.0104166667	nan	nan	
42471.0208333333	nan	nan	
42471.03125	nan	nan	
42471.0416666667	nan	nan	
42471.0520833333	nan	nan	
42471.0625	nan	nan	
42471.0729166667	nan	nan	
42471.0833333333	nan	nan	
42471.09375	nan	nan	
42471.1041666667	nan	nan	
42471.1145833333	nan	nan	
42471.125	nan	nan	
42471.1354166667	nan	nan	
42471.1458333333	nan	nan	
42471.15625	nan	nan	
42471.1666666667	nan	nan	
42471.1770833333	nan	nan	
42471.1875	nan	nan	
42471.1979166667	nan	nan	
42471.2083333333	nan	nan	
42471.21875	nan	nan	
42471.2291666667	nan	nan	
42471.2395833333	nan	nan	
42471.25	nan	nan	
42471.2604166667	nan	nan	
42471.2708333333	nan	nan	
42471.28125	nan	nan	
42471.2916666667	nan	nan	
42471.3020833333	nan	nan	
42471.3125	nan	nan	
42471.3229166667	nan	nan	
42471.3333333333	69.19	69.5999984741211	
42471.34375	69.39	69.4650001525879	
42471.3541666667	69.79	69.3250007629395	
42471.3645833333	70.19	69.1700019836426	
42471.375	69.46	69.1700019836426	
42471.3854166667	69.07	69.1900024414063	
42471.3958333333	69.31	69.4049996948242	
42471.40625	69.29	69.4049996948242	
42471.4166666667	68.95	69.3899993896484	
42471.4270833333	69.14	69.4049996948242	
42471.4375	69.31	69.4049996948242	
42471.4479166667	69.16	69.19	
42471.4583333333	69.17	68.84	
42471.46875	69.14	68.84	
42471.4791666667	69.39	68.905	
42471.4895833333	69.33	68.935	
42471.5	69.29	68.9249984741211	
42471.5104166667	69.47	68.9349975585938	
42471.5208333333	69.37	68.87	
42471.53125	69.37	68.985	
42471.5416666667	69.41	69.02	
42471.5520833333	69.37	69.03	
42471.5625	69.44	69.105	
42471.5729166667	69.47	69.15	
42471.5833333333	69.56	69.245	
42471.59375	69.46	69.26	
42471.6041666667	69.27	69.27	
42471.6145833333	69.23	69.27	
42471.625	69.31	69.4	
42471.6354166667	69.47	69.42	
42471.6458333333	69.46	69.555	
42471.65625	69.49	69.755	
42471.6666666667	69.62	69.79	
42471.6770833333	69.53	69.755	
42471.6875	69.55	69.69	
42471.6979166667	69.47	69.66	
42471.7083333333	69.39	69.69	
42471.71875	68.91	69.6850018310547	
42471.7291666667	68.64	69.5599998474121	
42471.7395833333	68.86	69.485	
42471.75	nan	nan	
42471.7604166667	nan	nan	
42471.7708333333	nan	nan	
42471.78125	nan	nan	
42471.7916666667	nan	nan	
42471.8020833333	nan	nan	
42471.8125	nan	nan	
42471.8229166667	nan	nan	
42471.8333333333	nan	nan	
42471.84375	nan	nan	
42471.8541666667	nan	nan	
42471.8645833333	nan	nan	
42471.875	nan	nan	
42471.8854166667	nan	nan	
42471.8958333333	nan	nan	
42471.90625	nan	nan	
42471.9166666667	nan	nan	
42471.9270833333	nan	nan	
42471.9375	nan	nan	
42471.9479166667	nan	nan	
42471.9583333333	nan	nan	
42471.96875	nan	nan	
42471.9791666667	nan	nan	
42471.9895833333	nan	nan	
42472	nan	nan	
42472.0104166667	nan	nan	
42472.0208333333	nan	nan	
42472.03125	nan	nan	
42472.0416666667	nan	nan	
42472.0520833333	nan	nan	
42472.0625	nan	nan	
42472.0729166667	nan	nan	
42472.0833333333	nan	nan	
42472.09375	nan	nan	
42472.1041666667	nan	nan	
42472.1145833333	nan	nan	
42472.125	nan	nan	
42472.1354166667	nan	nan	
42472.1458333333	nan	nan	
42472.15625	nan	nan	
42472.1666666667	nan	nan	
42472.1770833333	nan	nan	
42472.1875	nan	nan	
42472.1979166667	nan	nan	
42472.2083333333	nan	nan	
42472.21875	nan	nan	
42472.2291666667	nan	nan	
42472.2395833333	nan	nan	
42472.25	nan	nan	
42472.2604166667	nan	nan	
42472.2708333333	nan	nan	
42472.28125	nan	nan	
42472.2916666667	nan	nan	
42472.3020833333	nan	nan	
42472.3125	nan	nan	
42472.3229166667	nan	nan	
42472.3333333333	68.74	69.05	
42472.34375	68.94	69.015	
42472.3541666667	69.25	68.995	
42472.3645833333	68.83	68.9699984741211	
42472.375	68.54	68.995	
42472.3854166667	69.21	68.9699984741211	
42472.3958333333	68.92	68.805	
42472.40625	68.84	68.86	
42472.4166666667	68.83	68.95	
42472.4270833333	69.07	69.07	
42472.4375	68.99	69.07	
42472.4479166667	68.99	69.08	
42472.4583333333	69.12	69.055	
42472.46875	69.17	69.035	
42472.4791666667	69.13	68.975	
42472.4895833333	68.92	68.94	
42472.5	69.24	68.68	
42472.5104166667	69.64	68.475	
42472.5208333333	69.89	68.485	
42472.53125	69.38	68.485	
42472.5416666667	69.03	68.475	
42472.5520833333	69.32	68.49	
42472.5625	69.41	68.53	
42472.5729166667	69.54	68.64	
42472.5833333333	69.36	68.73	
42472.59375	69.25	68.765	
42472.6041666667	69.39	68.775	
42472.6145833333	69.65	68.765	
42472.625	70.47	68.775	
42472.6354166667	70.33	68.785	
42472.6458333333	70.14	68.78	
42472.65625	70.39	68.76	
42472.6666666667	70.2	68.765	
42472.6770833333	70.2	68.775	
42472.6875	69.66	68.82	
42472.6979166667	69.56	68.76	
42472.7083333333	69.5	68.75	
42472.71875	69.68	68.75	
42472.7291666667	69.86	68.77	
42472.7395833333	69.91	68.85	
42472.75	nan	nan	
42472.7604166667	nan	nan	
42472.7708333333	nan	nan	
42472.78125	nan	nan	
42472.7916666667	nan	nan	
42472.8020833333	nan	nan	
42472.8125	nan	nan	
42472.8229166667	nan	nan	
42472.8333333333	nan	nan	
42472.84375	nan	nan	
42472.8541666667	nan	nan	
42472.8645833333	nan	nan	
42472.875	nan	nan	
42472.8854166667	nan	nan	
42472.8958333333	nan	nan	
42472.90625	nan	nan	
42472.9166666667	nan	nan	
42472.9270833333	nan	nan	
42472.9375	nan	nan	
42472.9479166667	nan	nan	
42472.9583333333	nan	nan	
42472.96875	nan	nan	
42472.9791666667	nan	nan	
42472.9895833333	nan	nan	
42473	nan	nan	
42473.0104166667	nan	nan	
42473.0208333333	nan	nan	
42473.03125	nan	nan	
42473.0416666667	nan	nan	
42473.0520833333	nan	nan	
42473.0625	nan	nan	
42473.0729166667	nan	nan	
42473.0833333333	nan	nan	
42473.09375	nan	nan	
42473.1041666667	nan	nan	
42473.1145833333	nan	nan	
42473.125	nan	nan	
42473.1354166667	nan	nan	
42473.1458333333	nan	nan	
42473.15625	nan	nan	
42473.1666666667	nan	nan	
42473.1770833333	nan	nan	
42473.1875	nan	nan	
42473.1979166667	nan	nan	
42473.2083333333	nan	nan	
42473.21875	nan	nan	
42473.2291666667	nan	nan	
42473.2395833333	nan	nan	
42473.25	nan	nan	
42473.2604166667	nan	nan	
42473.2708333333	nan	nan	
42473.28125	nan	nan	
42473.2916666667	nan	nan	
42473.3020833333	nan	nan	
42473.3125	nan	nan	
42473.3229166667	nan	nan	
42473.3333333333	69.27	68.94	
42473.34375	69.05	69.005	
42473.3541666667	69.86	69.055	
42473.3645833333	69.46	69.135	
42473.375	69.64	69.135001373291	
42473.3854166667	69.37	69.07	
42473.3958333333	69.89	69.005	
42473.40625	69.54	69.0650003051758	
42473.4166666667	69.18	68.975	
42473.4270833333	69.99	68.7300012207031	
42473.4375	69.26	68.575	
42473.4479166667	69.39	68.67	
42473.4583333333	69.86	68.85	
42473.46875	69.49	68.88	
42473.4791666667	69.95	68.93	
42473.4895833333	69.8	68.995	
42473.5	69.85	68.995	
42473.5104166667	69.82	68.95	
42473.5208333333	69.5	68.95	
42473.53125	69.46	68.885	
42473.5416666667	69.39	68.885	
42473.5520833333	69.17	68.8299980163575	
42473.5625	69.89	68.8649992370605	
42473.5729166667	70.19	68.745	
42473.5833333333	69.74	68.68	
42473.59375	69.52	68.645	
42473.6041666667	69.39	68.64	
42473.6145833333	69.55	68.635	
42473.625	69.62	68.73	
42473.6354166667	69.75	68.76	
42473.6458333333	69.97	68.83	
42473.65625	69.77	68.81	
42473.6666666667	69.59	68.8900001525879	
42473.6770833333	69.43	68.8900001525879	
42473.6875	69.45	68.97	
42473.6979166667	69.75	69.0100021362305	
42473.7083333333	70.2	69.0100021362305	
42473.71875	70.29	69.0100021362305	
42473.7291666667	69.84	68.9499995422364	
42473.7395833333	69.26	68.91	
42473.75	nan	nan	
42473.7604166667	nan	nan	
42473.7708333333	nan	nan	
42473.78125	nan	nan	
42473.7916666667	nan	nan	
42473.8020833333	nan	nan	
42473.8125	nan	nan	
42473.8229166667	nan	nan	
42473.8333333333	nan	nan	
42473.84375	nan	nan	
42473.8541666667	nan	nan	
42473.8645833333	nan	nan	
42473.875	nan	nan	
42473.8854166667	nan	nan	
42473.8958333333	nan	nan	
42473.90625	nan	nan	
42473.9166666667	nan	nan	
42473.9270833333	nan	nan	
42473.9375	nan	nan	
42473.9479166667	nan	nan	
42473.9583333333	nan	nan	
42473.96875	nan	nan	
42473.9791666667	nan	nan	
42473.9895833333	nan	nan	
42474	nan	nan	
42474.0104166667	nan	nan	
42474.0208333333	nan	nan	
42474.03125	nan	nan	
42474.0416666667	nan	nan	
42474.0520833333	nan	nan	
42474.0625	nan	nan	
42474.0729166667	nan	nan	
42474.0833333333	nan	nan	
42474.09375	nan	nan	
42474.1041666667	nan	nan	
42474.1145833333	nan	nan	
42474.125	nan	nan	
42474.1354166667	nan	nan	
42474.1458333333	nan	nan	
42474.15625	nan	nan	
42474.1666666667	nan	nan	
42474.1770833333	nan	nan	
42474.1875	nan	nan	
42474.1979166667	nan	nan	
42474.2083333333	nan	nan	
42474.21875	nan	nan	
42474.2291666667	nan	nan	
42474.2395833333	nan	nan	
42474.25	nan	nan	
42474.2604166667	nan	nan	
42474.2708333333	nan	nan	
42474.28125	nan	nan	
42474.2916666667	nan	nan	
42474.3020833333	nan	nan	
42474.3125	nan	nan	
42474.3229166667	nan	nan	
42474.3333333333	68.69	68.4749984741211	
42474.34375	69.11	68.4999989318848	
42474.3541666667	68.99	68.625	
42474.3645833333	69.65	68.76	
42474.375	69.24	68.93	
42474.3854166667	69.54	68.965	
42474.3958333333	69.98	69.005	
42474.40625	69.68	69.005	
42474.4166666667	69.53	68.955	
42474.4270833333	69.38	68.935	
42474.4375	69.11	68.785	
42474.4479166667	69.34	68.785	
42474.4583333333	69.36	68.775	
42474.46875	69.24	68.775	
42474.4791666667	69.15	68.765	
42474.4895833333	69.64	68.555	
42474.5	69.09	68.625	
42474.5104166667	69.27	68.62	
42474.5208333333	69.54	68.585	
42474.53125	69.53	68.64	
42474.5416666667	69.3	68.7	
42474.5520833333	69.22	68.685	
42474.5625	70.13	68.595	
42474.5729166667	69.67	68.56	
42474.5833333333	69.61	68.56	
42474.59375	69.64	68.56	
42474.6041666667	69.76	68.51	
42474.6145833333	69.77	68.505	
42474.625	70.07	68.445	
42474.6354166667	69.81	68.2	
42474.6458333333	69.29	68.045	
42474.65625	69.42	67.935	
42474.6666666667	69.53	67.935	
42474.6770833333	70.28	67.945	
42474.6875	69.96	67.98	
42474.6979166667	70.37	67.99	
42474.7083333333	69.52	67.98	
42474.71875	69.19	68.025	
42474.7291666667	69.36	68.3	
42474.7395833333	69.77	68.34	
42474.75	nan	nan	
42474.7604166667	nan	nan	
42474.7708333333	nan	nan	
42474.78125	nan	nan	
42474.7916666667	nan	nan	
42474.8020833333	nan	nan	
42474.8125	nan	nan	
42474.8229166667	nan	nan	
42474.8333333333	nan	nan	
42474.84375	nan	nan	
42474.8541666667	nan	nan	
42474.8645833333	nan	nan	
42474.875	nan	nan	
42474.8854166667	nan	nan	
42474.8958333333	nan	nan	
42474.90625	nan	nan	
42474.9166666667	nan	nan	
42474.9270833333	nan	nan	
42474.9375	nan	nan	
42474.9479166667	nan	nan	
42474.9583333333	nan	nan	
42474.96875	nan	nan	
42474.9791666667	nan	nan	
42474.9895833333	nan	nan	
42475	nan	nan	
42475.0104166667	nan	nan	
42475.0208333333	nan	nan	
42475.03125	nan	nan	
42475.0416666667	nan	nan	
42475.0520833333	nan	nan	
42475.0625	nan	nan	
42475.0729166667	nan	nan	
42475.0833333333	nan	nan	
42475.09375	nan	nan	
42475.1041666667	nan	nan	
42475.1145833333	nan	nan	
42475.125	nan	nan	
42475.1354166667	nan	nan	
42475.1458333333	nan	nan	
42475.15625	nan	nan	
42475.1666666667	nan	nan	
42475.1770833333	nan	nan	
42475.1875	nan	nan	
42475.1979166667	nan	nan	
42475.2083333333	nan	nan	
42475.21875	nan	nan	
42475.2291666667	nan	nan	
42475.2395833333	nan	nan	
42475.25	nan	nan	
42475.2604166667	nan	nan	
42475.2708333333	nan	nan	
42475.28125	nan	nan	
42475.2916666667	nan	nan	
42475.3020833333	nan	nan	
42475.3125	nan	nan	
42475.3229166667	nan	nan	
42475.3333333333	68.86	68.6100006103516	
42475.34375	69.14	68.6150016784668	
42475.3541666667	69.25	68.6100006103516	
42475.3645833333	69.46	68.625001373291	
42475.375	69.39	68.6700019836426	
42475.3854166667	69.92	68.6949996948242	
42475.3958333333	69.52	68.685001373291	
42475.40625	69.76	68.7099995422363	
42475.4166666667	69.86	68.7150001525879	
42475.4270833333	69.47	69.0249987792969	
42475.4375	69.24	68.905	
42475.4479166667	69.49	68.815	
42475.4583333333	68.9	68.735	
42475.46875	69.47	68.225	
42475.4791666667	69.02	68.2	
42475.4895833333	68.96	68.2	
42475.5	69.58	68.225	
42475.5104166667	69.09	68.345	
42475.5208333333	69.82	68.465	
42475.53125	69	68.8900003051758	
42475.5416666667	69.36	68.98	
42475.5520833333	69.09	68.94	
42475.5625	69.19	68.91	
42475.5729166667	69.75	68.83	
42475.5833333333	70.13	68.765	
42475.59375	69.77	68.805	
42475.6041666667	69.36	68.845	
42475.6145833333	69.22	68.845	
42475.625	69.59	68.92	
42475.6354166667	69.88	69.02	
42475.6458333333	70.19	69.14	
42475.65625	69.46	69.685	
42475.6666666667	69.3	69.735	
42475.6770833333	69.44	69.7	
42475.6875	69.5	69.685	
42475.6979166667	69.39	69.65	
42475.7083333333	69.47	69.615	
42475.71875	69.47	69.54	
42475.7291666667	69.37	69.445	
42475.7395833333	69.58	69.42	
42475.75	nan	nan	
42475.7604166667	nan	nan	
42475.7708333333	nan	nan	
42475.78125	nan	nan	
42475.7916666667	nan	nan	
42475.8020833333	nan	nan	
42475.8125	nan	nan	
42475.8229166667	nan	nan	
42475.8333333333	nan	nan	
42475.84375	nan	nan	
42475.8541666667	nan	nan	
42475.8645833333	nan	nan	
42475.875	nan	nan	
42475.8854166667	nan	nan	
42475.8958333333	nan	nan	
42475.90625	nan	nan	
42475.9166666667	nan	nan	
42475.9270833333	nan	nan	
42475.9375	nan	nan	
42475.9479166667	nan	nan	
42475.9583333333	nan	nan	
42475.96875	nan	nan	
42475.9791666667	nan	nan	
42475.9895833333	nan	nan	
42476	nan	nan	
42476.0104166667	nan	nan	
42476.0208333333	nan	nan	
42476.03125	nan	nan	
42476.0416666667	nan	nan	
42476.0520833333	nan	nan	
42476.0625	nan	nan	
42476.0729166667	nan	nan	
42476.0833333333	nan	nan	
42476.09375	nan	nan	
42476.1041666667	nan	nan	
42476.1145833333	nan	nan	
42476.125	nan	nan	
42476.1354166667	nan	nan	
42476.1458333333	nan	nan	
42476.15625	nan	nan	
42476.1666666667	nan	nan	
42476.1770833333	nan	nan	
42476.1875	nan	nan	
42476.1979166667	nan	nan	
42476.2083333333	nan	nan	
42476.21875	nan	nan	
42476.2291666667	nan	nan	
42476.2395833333	nan	nan	
42476.25	nan	nan	
42476.2604166667	nan	nan	
42476.2708333333	nan	nan	
42476.28125	nan	nan	
42476.2916666667	nan	nan	
42476.3020833333	nan	nan	
42476.3125	nan	nan	
42476.3229166667	nan	nan	
42476.3333333333	nan	nan	
42476.34375	nan	nan	
42476.3541666667	nan	nan	
42476.3645833333	nan	nan	
42476.375	nan	nan	
42476.3854166667	nan	nan	
42476.3958333333	nan	nan	
42476.40625	nan	nan	
42476.4166666667	nan	nan	
42476.4270833333	nan	nan	
42476.4375	nan	nan	
42476.4479166667	nan	nan	
42476.4583333333	nan	nan	
42476.46875	nan	nan	
42476.4791666667	nan	nan	
42476.4895833333	nan	nan	
42476.5	nan	nan	
42476.5104166667	nan	nan	
42476.5208333333	nan	nan	
42476.53125	nan	nan	
42476.5416666667	nan	nan	
42476.5520833333	nan	nan	
42476.5625	nan	nan	
42476.5729166667	nan	nan	
42476.5833333333	nan	nan	
42476.59375	nan	nan	
42476.6041666667	nan	nan	
42476.6145833333	nan	nan	
42476.625	nan	nan	
42476.6354166667	nan	nan	
42476.6458333333	nan	nan	
42476.65625	nan	nan	
42476.6666666667	nan	nan	
42476.6770833333	nan	nan	
42476.6875	nan	nan	
42476.6979166667	nan	nan	
42476.7083333333	nan	nan	
42476.71875	nan	nan	
42476.7291666667	nan	nan	
42476.7395833333	nan	nan	
42476.75	nan	nan	
42476.7604166667	nan	nan	
42476.7708333333	nan	nan	
42476.78125	nan	nan	
42476.7916666667	nan	nan	
42476.8020833333	nan	nan	
42476.8125	nan	nan	
42476.8229166667	nan	nan	
42476.8333333333	nan	nan	
42476.84375	nan	nan	
42476.8541666667	nan	nan	
42476.8645833333	nan	nan	
42476.875	nan	nan	
42476.8854166667	nan	nan	
42476.8958333333	nan	nan	
42476.90625	nan	nan	
42476.9166666667	nan	nan	
42476.9270833333	nan	nan	
42476.9375	nan	nan	
42476.9479166667	nan	nan	
42476.9583333333	nan	nan	
42476.96875	nan	nan	
42476.9791666667	nan	nan	
42476.9895833333	nan	nan	
42477	nan	nan	
42477.0104166667	nan	nan	
42477.0208333333	nan	nan	
42477.03125	nan	nan	
42477.0416666667	nan	nan	
42477.0520833333	nan	nan	
42477.0625	nan	nan	
42477.0729166667	nan	nan	
42477.0833333333	nan	nan	
42477.09375	nan	nan	
42477.1041666667	nan	nan	
42477.1145833333	nan	nan	
42477.125	nan	nan	
42477.1354166667	nan	nan	
42477.1458333333	nan	nan	
42477.15625	nan	nan	
42477.1666666667	nan	nan	
42477.1770833333	nan	nan	
42477.1875	nan	nan	
42477.1979166667	nan	nan	
42477.2083333333	nan	nan	
42477.21875	nan	nan	
42477.2291666667	nan	nan	
42477.2395833333	nan	nan	
42477.25	nan	nan	
42477.2604166667	nan	nan	
42477.2708333333	nan	nan	
42477.28125	nan	nan	
42477.2916666667	nan	nan	
42477.3020833333	nan	nan	
42477.3125	nan	nan	
42477.3229166667	nan	nan	
42477.3333333333	nan	nan	
42477.34375	nan	nan	
42477.3541666667	nan	nan	
42477.3645833333	nan	nan	
42477.375	nan	nan	
42477.3854166667	nan	nan	
42477.3958333333	nan	nan	
42477.40625	nan	nan	
42477.4166666667	nan	nan	
42477.4270833333	nan	nan	
42477.4375	nan	nan	
42477.4479166667	nan	nan	
42477.4583333333	nan	nan	
42477.46875	nan	nan	
42477.4791666667	nan	nan	
42477.4895833333	nan	nan	
42477.5	nan	nan	
42477.5104166667	nan	nan	
42477.5208333333	nan	nan	
42477.53125	nan	nan	
42477.5416666667	nan	nan	
42477.5520833333	nan	nan	
42477.5625	nan	nan	
42477.5729166667	nan	nan	
42477.5833333333	nan	nan	
42477.59375	nan	nan	
42477.6041666667	nan	nan	
42477.6145833333	nan	nan	
42477.625	nan	nan	
42477.6354166667	nan	nan	
42477.6458333333	nan	nan	
42477.65625	nan	nan	
42477.6666666667	nan	nan	
42477.6770833333	nan	nan	
42477.6875	nan	nan	
42477.6979166667	nan	nan	
42477.7083333333	nan	nan	
42477.71875	nan	nan	
42477.7291666667	nan	nan	
42477.7395833333	nan	nan	
42477.75	nan	nan	
42477.7604166667	nan	nan	
42477.7708333333	nan	nan	
42477.78125	nan	nan	
42477.7916666667	nan	nan	
42477.8020833333	nan	nan	
42477.8125	nan	nan	
42477.8229166667	nan	nan	
42477.8333333333	nan	nan	
42477.84375	nan	nan	
42477.8541666667	nan	nan	
42477.8645833333	nan	nan	
42477.875	nan	nan	
42477.8854166667	nan	nan	
42477.8958333333	nan	nan	
42477.90625	nan	nan	
42477.9166666667	nan	nan	
42477.9270833333	nan	nan	
42477.9375	nan	nan	
42477.9479166667	nan	nan	
42477.9583333333	nan	nan	
42477.96875	nan	nan	
42477.9791666667	nan	nan	
42477.9895833333	nan	nan	
42478	nan	nan	
42478.0104166667	nan	nan	
42478.0208333333	nan	nan	
42478.03125	nan	nan	
42478.0416666667	nan	nan	
42478.0520833333	nan	nan	
42478.0625	nan	nan	
42478.0729166667	nan	nan	
42478.0833333333	nan	nan	
42478.09375	nan	nan	
42478.1041666667	nan	nan	
42478.1145833333	nan	nan	
42478.125	nan	nan	
42478.1354166667	nan	nan	
42478.1458333333	nan	nan	
42478.15625	nan	nan	
42478.1666666667	nan	nan	
42478.1770833333	nan	nan	
42478.1875	nan	nan	
42478.1979166667	nan	nan	
42478.2083333333	nan	nan	
42478.21875	nan	nan	
42478.2291666667	nan	nan	
42478.2395833333	nan	nan	
42478.25	nan	nan	
42478.2604166667	nan	nan	
42478.2708333333	nan	nan	
42478.28125	nan	nan	
42478.2916666667	nan	nan	
42478.3020833333	nan	nan	
42478.3125	nan	nan	
42478.3229166667	nan	nan	
42478.3333333333	68.91	68.9899978637695	
42478.34375	69.11	69.04	
42478.3541666667	69.33	69.075	
42478.3645833333	69.5	69.2	
42478.375	69.41	69.29	
42478.3854166667	69.32	69.29	
42478.3958333333	69.86	69.29	
42478.40625	69.85	69.035	
42478.4166666667	69.66	68.905	
42478.4270833333	69.96	68.89	
42478.4375	70.02	68.845	
42478.4479166667	69.81	68.795	
42478.4583333333	69.56	68.775	
42478.46875	69.19	68.77	
42478.4791666667	69.02	68.77	
42478.4895833333	69.41	68.77	
42478.5	69.79	68.75	
42478.5104166667	69.88	68.795	
42478.5208333333	69.5	68.715	
42478.53125	69.51	68.795	
42478.5416666667	69.37	68.795	
42478.5520833333	69.73	68.79	
42478.5625	69.86	68.68	
42478.5729166667	69.25	69.27	
42478.5833333333	69.39	69.27	
42478.59375	69.27	69.27	
42478.6041666667	69.15	69.425	
42478.6145833333	69.22	69.47	
42478.625	69.33	69.53	
42478.6354166667	69.53	69.515	
42478.6458333333	69.59	69.57	
42478.65625	69.47	69.585	
42478.6666666667	69.5	69.56	
42478.6770833333	69.54	69.54	
42478.6875	69.59	69.515	
42478.6979166667	69.79	69.495	
42478.7083333333	69.61	69.5	
42478.71875	69.57	69.5	
42478.7291666667	69.23	69.43	
42478.7395833333	69.22	69.39	
42478.75	nan	nan	
42478.7604166667	nan	nan	
42478.7708333333	nan	nan	
42478.78125	nan	nan	
42478.7916666667	nan	nan	
42478.8020833333	nan	nan	
42478.8125	nan	nan	
42478.8229166667	nan	nan	
42478.8333333333	nan	nan	
42478.84375	nan	nan	
42478.8541666667	nan	nan	
42478.8645833333	nan	nan	
42478.875	nan	nan	
42478.8854166667	nan	nan	
42478.8958333333	nan	nan	
42478.90625	nan	nan	
42478.9166666667	nan	nan	
42478.9270833333	nan	nan	
42478.9375	nan	nan	
42478.9479166667	nan	nan	
42478.9583333333	nan	nan	
42478.96875	nan	nan	
42478.9791666667	nan	nan	
42478.9895833333	nan	nan	
42479	nan	nan	
42479.0104166667	nan	nan	
42479.0208333333	nan	nan	
42479.03125	nan	nan	
42479.0416666667	nan	nan	
42479.0520833333	nan	nan	
42479.0625	nan	nan	
42479.0729166667	nan	nan	
42479.0833333333	nan	nan	
42479.09375	nan	nan	
42479.1041666667	nan	nan	
42479.1145833333	nan	nan	
42479.125	nan	nan	
42479.1354166667	nan	nan	
42479.1458333333	nan	nan	
42479.15625	nan	nan	
42479.1666666667	nan	nan	
42479.1770833333	nan	nan	
42479.1875	nan	nan	
42479.1979166667	nan	nan	
42479.2083333333	nan	nan	
42479.21875	nan	nan	
42479.2291666667	nan	nan	
42479.2395833333	nan	nan	
42479.25	nan	nan	
42479.2604166667	nan	nan	
42479.2708333333	nan	nan	
42479.28125	nan	nan	
42479.2916666667	nan	nan	
42479.3020833333	nan	nan	
42479.3125	nan	nan	
42479.3229166667	nan	nan	
42479.3333333333	69.66	68.9699984741211	
42479.34375	69.46	68.995	
42479.3541666667	69.89	69.005	
42479.3645833333	70	68.965	
42479.375	68.54	69.005	
42479.3854166667	69.08	69.025	
42479.3958333333	69.36	68.88	
42479.40625	69.01	68.83	
42479.4166666667	68.95	68.775	
42479.4270833333	68.53	68.76	
42479.4375	69.47	68.745	
42479.4479166667	69.67	68.7	
42479.4583333333	69.06	68.685	
42479.46875	68.85	69.34	
42479.4791666667	69.24	69.41	
42479.4895833333	69.37	69.37	
42479.5	69.39	69.575	
42479.5104166667	69.59	69.62	
42479.5208333333	69.72	69.49	
42479.53125	69.87	69.4400006103515	
42479.5416666667	69.91	69.325	
42479.5520833333	69.88	69.325	
42479.5625	70.07	69.41	
42479.5729166667	70.31	69.5550003051758	
42479.5833333333	70.06	69.645001373291	
42479.59375	69.98	69.6400032043457	
42479.6041666667	70.14	69.6250018310547	
42479.6145833333	70.52	69.635	
42479.625	70.29	69.635	
42479.6354166667	70.34	69.69	
42479.6458333333	70.34	69.69	
42479.65625	70.04	69.715	
42479.6666666667	70.22	69.695	
42479.6770833333	70.61	69.68	
42479.6875	70.24	69.675	
42479.6979166667	69.92	69.675	
42479.7083333333	69.91	69.58	
42479.71875	69.57	69.495	
42479.7291666667	70	69.505	
42479.7395833333	69.79	69.43	
42479.75	nan	nan	
42479.7604166667	nan	nan	
42479.7708333333	nan	nan	
42479.78125	nan	nan	
42479.7916666667	nan	nan	
42479.8020833333	nan	nan	
42479.8125	nan	nan	
42479.8229166667	nan	nan	
42479.8333333333	nan	nan	
42479.84375	nan	nan	
42479.8541666667	nan	nan	
42479.8645833333	nan	nan	
42479.875	nan	nan	
42479.8854166667	nan	nan	
42479.8958333333	nan	nan	
42479.90625	nan	nan	
42479.9166666667	nan	nan	
42479.9270833333	nan	nan	
42479.9375	nan	nan	
42479.9479166667	nan	nan	
42479.9583333333	nan	nan	
42479.96875	nan	nan	
42479.9791666667	nan	nan	
42479.9895833333	nan	nan	
42480	nan	nan	
42480.0104166667	nan	nan	
42480.0208333333	nan	nan	
42480.03125	nan	nan	
42480.0416666667	nan	nan	
42480.0520833333	nan	nan	
42480.0625	nan	nan	
42480.0729166667	nan	nan	
42480.0833333333	nan	nan	
42480.09375	nan	nan	
42480.1041666667	nan	nan	
42480.1145833333	nan	nan	
42480.125	nan	nan	
42480.1354166667	nan	nan	
42480.1458333333	nan	nan	
42480.15625	nan	nan	
42480.1666666667	nan	nan	
42480.1770833333	nan	nan	
42480.1875	nan	nan	
42480.1979166667	nan	nan	
42480.2083333333	nan	nan	
42480.21875	nan	nan	
42480.2291666667	nan	nan	
42480.2395833333	nan	nan	
42480.25	nan	nan	
42480.2604166667	nan	nan	
42480.2708333333	nan	nan	
42480.28125	nan	nan	
42480.2916666667	nan	nan	
42480.3020833333	nan	nan	
42480.3125	nan	nan	
42480.3229166667	nan	nan	
42480.3333333333	69.08	68.98	
42480.34375	69.79	69.02	
42480.3541666667	69.24	69.07	
42480.3645833333	69.75	69.165	
42480.375	69.26	69.225	
42480.3854166667	69.04	69.18	
42480.3958333333	68.99	69.135	
42480.40625	69.16	69.15	
42480.4166666667	68.56	69.07	
42480.4270833333	69.61	69.15	
42480.4375	69	68.785	
42480.4479166667	69.16	68.89	
42480.4583333333	69.31	68.975	
42480.46875	69.27	69.08	
42480.4791666667	68.94	69.2	
42480.4895833333	69.15	69.08	
42480.5	68.95	69.3100009155274	
42480.5104166667	69.14	69.155	
42480.5208333333	69.04	69.155	
42480.53125	69.34	68.995	
42480.5416666667	69.44	68.95	
42480.5520833333	68.89	68.95	
42480.5625	69.24	68.885	
42480.5729166667	69.31	68.885	
42480.5833333333	69.41	68.71	
42480.59375	69.43	68.635	
42480.6041666667	69.45	68.6	
42480.6145833333	69.27	68.58	
42480.625	69.47	68.59	
42480.6354166667	69.65	68.63	
42480.6458333333	69.72	68.65	
42480.65625	69.45	68.83	
42480.6666666667	69.41	69.06	
42480.6770833333	69.6	69.06	
42480.6875	69.53	69.06	
42480.6979166667	69.59	69.075	
42480.7083333333	69.33	69.12	
42480.71875	68.96	69.12	
42480.7291666667	68.96	69.105	
42480.7395833333	68.99	69.105	
42480.75	nan	nan	
42480.7604166667	nan	nan	
42480.7708333333	nan	nan	
42480.78125	nan	nan	
42480.7916666667	nan	nan	
42480.8020833333	nan	nan	
42480.8125	nan	nan	
42480.8229166667	nan	nan	
42480.8333333333	nan	nan	
42480.84375	nan	nan	
42480.8541666667	nan	nan	
42480.8645833333	nan	nan	
42480.875	nan	nan	
42480.8854166667	nan	nan	
42480.8958333333	nan	nan	
42480.90625	nan	nan	
42480.9166666667	nan	nan	
42480.9270833333	nan	nan	
42480.9375	nan	nan	
42480.9479166667	nan	nan	
42480.9583333333	nan	nan	
42480.96875	nan	nan	
42480.9791666667	nan	nan	
42480.9895833333	nan	nan	
42481	nan	nan	
42481.0104166667	nan	nan	
42481.0208333333	nan	nan	
42481.03125	nan	nan	
42481.0416666667	nan	nan	
42481.0520833333	nan	nan	
42481.0625	nan	nan	
42481.0729166667	nan	nan	
42481.0833333333	nan	nan	
42481.09375	nan	nan	
42481.1041666667	nan	nan	
42481.1145833333	nan	nan	
42481.125	nan	nan	
42481.1354166667	nan	nan	
42481.1458333333	nan	nan	
42481.15625	nan	nan	
42481.1666666667	nan	nan	
42481.1770833333	nan	nan	
42481.1875	nan	nan	
42481.1979166667	nan	nan	
42481.2083333333	nan	nan	
42481.21875	nan	nan	
42481.2291666667	nan	nan	
42481.2395833333	nan	nan	
42481.25	nan	nan	
42481.2604166667	nan	nan	
42481.2708333333	nan	nan	
42481.28125	nan	nan	
42481.2916666667	nan	nan	
42481.3020833333	nan	nan	
42481.3125	nan	nan	
42481.3229166667	nan	nan	
42481.3333333333	68.92	68.985	
42481.34375	68.71	68.86	
42481.3541666667	68.96	68.985	
42481.3645833333	69.51	69.07	
42481.375	68.6	69.11	
42481.3854166667	69.86	69.25	
42481.3958333333	69.54	69.25	
42481.40625	69.57	69.175	
42481.4166666667	69.64	69.08	
42481.4270833333	69.37	69.05	
42481.4375	69.32	68.955	
42481.4479166667	69	68.86	
42481.4583333333	68.64	68.84	
42481.46875	69.1	68.875	
42481.4791666667	69.41	68.95	
42481.4895833333	69.61	68.965	
42481.5	69.31	68.965	
42481.5104166667	69.11	68.985	
42481.5208333333	69.17	68.955	
42481.53125	69.41	69.07	
42481.5416666667	69.89	68.995	
42481.5520833333	69.64	68.85	
42481.5625	69.43	68.735	
42481.5729166667	69.19	68.63	
42481.5833333333	69.37	68.78	
42481.59375	69.52	68.81	
42481.6041666667	69.58	68.8299998474121	
42481.6145833333	69.52	68.86	
42481.625	69.51	68.875	
42481.6354166667	69.56	68.9000015258789	
42481.6458333333	69.75	68.955	
42481.65625	69.74	69.11	
42481.6666666667	69.74	69.115	
42481.6770833333	69.72	69.115	
42481.6875	69.81	69.155	
42481.6979166667	69.88	69.24	
42481.7083333333	69.84	69.26	
42481.71875	69.66	69.29	
42481.7291666667	69.61	69.27	
42481.7395833333	71.85	69.305	
42481.75	nan	nan	
42481.7604166667	nan	nan	
42481.7708333333	nan	nan	
42481.78125	nan	nan	
42481.7916666667	nan	nan	
42481.8020833333	nan	nan	
42481.8125	nan	nan	
42481.8229166667	nan	nan	
42481.8333333333	nan	nan	
42481.84375	nan	nan	
42481.8541666667	nan	nan	
42481.8645833333	nan	nan	
42481.875	nan	nan	
42481.8854166667	nan	nan	
42481.8958333333	nan	nan	
42481.90625	nan	nan	
42481.9166666667	nan	nan	
42481.9270833333	nan	nan	
42481.9375	nan	nan	
42481.9479166667	nan	nan	
42481.9583333333	nan	nan	
42481.96875	nan	nan	
42481.9791666667	nan	nan	
42481.9895833333	nan	nan	
42482	nan	nan	
42482.0104166667	nan	nan	
42482.0208333333	nan	nan	
42482.03125	nan	nan	
42482.0416666667	nan	nan	
42482.0520833333	nan	nan	
42482.0625	nan	nan	
42482.0729166667	nan	nan	
42482.0833333333	nan	nan	
42482.09375	nan	nan	
42482.1041666667	nan	nan	
42482.1145833333	nan	nan	
42482.125	nan	nan	
42482.1354166667	nan	nan	
42482.1458333333	nan	nan	
42482.15625	nan	nan	
42482.1666666667	nan	nan	
42482.1770833333	nan	nan	
42482.1875	nan	nan	
42482.1979166667	nan	nan	
42482.2083333333	nan	nan	
42482.21875	nan	nan	
42482.2291666667	nan	nan	
42482.2395833333	nan	nan	
42482.25	nan	nan	
42482.2604166667	nan	nan	
42482.2708333333	nan	nan	
42482.28125	nan	nan	
42482.2916666667	nan	nan	
42482.3020833333	nan	nan	
42482.3125	nan	nan	
42482.3229166667	nan	nan	
42482.3333333333	68.79	68.905	
42482.34375	69.74	68.94	
42482.3541666667	69.1	69.175	
42482.3645833333	69.61	69.125	
42482.375	68.44	69.1450003051758	
42482.3854166667	68.63	68.81	
42482.3958333333	68.82	68.7000012207031	
42482.40625	68.96	68.7050018310547	
42482.4166666667	68.59	68.7050018310547	
42482.4270833333	68.84	68.7550006103515	
42482.4375	69.06	69.0599987792969	
42482.4479166667	69.25	69.1399993896485	
42482.4583333333	69.47	69.3349990844727	
42482.46875	69.52	69.5150032043457	
42482.4791666667	69.41	69.5150032043457	
42482.4895833333	69.49	69.6450004577636	
42482.5	70.01	69.6450004577636	
42482.5104166667	69.83	69.4500009155273	
42482.5208333333	69.91	69.32	
42482.53125	70.08	69.32	
42482.5416666667	69.86	69.31	
42482.5520833333	69.87	69.355	
42482.5625	70.09	69.3849996948242	
42482.5729166667	70.1	69.42	
42482.5833333333	70.02	69.42	
42482.59375	70.01	69.505	
42482.6041666667	70.14	69.57	
42482.6145833333	70.08	69.605	
42482.625	70	69.5299983215332	
42482.6354166667	70.16	69.605	
42482.6458333333	70.13	69.685	
42482.65625	70.58	69.75	
42482.6666666667	70.28	69.75	
42482.6770833333	70.09	69.715	
42482.6875	70.04	69.695	
42482.6979166667	70.05	69.645	
42482.7083333333	69.79	69.52	
42482.71875	69.72	69.47	
42482.7291666667	69.74	69.46	
42482.7395833333	69.66	69.415	
42482.75	nan	nan	
42482.7604166667	nan	nan	
42482.7708333333	nan	nan	
42482.78125	nan	nan	
42482.7916666667	nan	nan	
42482.8020833333	nan	nan	
42482.8125	nan	nan	
42482.8229166667	nan	nan	
42482.8333333333	nan	nan	
42482.84375	nan	nan	
42482.8541666667	nan	nan	
42482.8645833333	nan	nan	
42482.875	nan	nan	
42482.8854166667	nan	nan	
42482.8958333333	nan	nan	
42482.90625	nan	nan	
42482.9166666667	nan	nan	
42482.9270833333	nan	nan	
42482.9375	nan	nan	
42482.9479166667	nan	nan	
42482.9583333333	nan	nan	
42482.96875	nan	nan	
42482.9791666667	nan	nan	
42482.9895833333	nan	nan	
42483	nan	nan	
42483.0104166667	nan	nan	
42483.0208333333	nan	nan	
42483.03125	nan	nan	
42483.0416666667	nan	nan	
42483.0520833333	nan	nan	
42483.0625	nan	nan	
42483.0729166667	nan	nan	
42483.0833333333	nan	nan	
42483.09375	nan	nan	
42483.1041666667	nan	nan	
42483.1145833333	nan	nan	
42483.125	nan	nan	
42483.1354166667	nan	nan	
42483.1458333333	nan	nan	
42483.15625	nan	nan	
42483.1666666667	nan	nan	
42483.1770833333	nan	nan	
42483.1875	nan	nan	
42483.1979166667	nan	nan	
42483.2083333333	nan	nan	
42483.21875	nan	nan	
42483.2291666667	nan	nan	
42483.2395833333	nan	nan	
42483.25	nan	nan	
42483.2604166667	nan	nan	
42483.2708333333	nan	nan	
42483.28125	nan	nan	
42483.2916666667	nan	nan	
42483.3020833333	nan	nan	
42483.3125	nan	nan	
42483.3229166667	nan	nan	
42483.3333333333	nan	nan	
42483.34375	nan	nan	
42483.3541666667	nan	nan	
42483.3645833333	nan	nan	
42483.375	nan	nan	
42483.3854166667	nan	nan	
42483.3958333333	nan	nan	
42483.40625	nan	nan	
42483.4166666667	nan	nan	
42483.4270833333	nan	nan	
42483.4375	nan	nan	
42483.4479166667	nan	nan	
42483.4583333333	nan	nan	
42483.46875	nan	nan	
42483.4791666667	nan	nan	
42483.4895833333	nan	nan	
42483.5	nan	nan	
42483.5104166667	nan	nan	
42483.5208333333	nan	nan	
42483.53125	nan	nan	
42483.5416666667	nan	nan	
42483.5520833333	nan	nan	
42483.5625	nan	nan	
42483.5729166667	nan	nan	
42483.5833333333	nan	nan	
42483.59375	nan	nan	
42483.6041666667	nan	nan	
42483.6145833333	nan	nan	
42483.625	nan	nan	
42483.6354166667	nan	nan	
42483.6458333333	nan	nan	
42483.65625	nan	nan	
42483.6666666667	nan	nan	
42483.6770833333	nan	nan	
42483.6875	nan	nan	
42483.6979166667	nan	nan	
42483.7083333333	nan	nan	
42483.71875	nan	nan	
42483.7291666667	nan	nan	
42483.7395833333	nan	nan	
42483.75	nan	nan	
42483.7604166667	nan	nan	
42483.7708333333	nan	nan	
42483.78125	nan	nan	
42483.7916666667	nan	nan	
42483.8020833333	nan	nan	
42483.8125	nan	nan	
42483.8229166667	nan	nan	
42483.8333333333	nan	nan	
42483.84375	nan	nan	
42483.8541666667	nan	nan	
42483.8645833333	nan	nan	
42483.875	nan	nan	
42483.8854166667	nan	nan	
42483.8958333333	nan	nan	
42483.90625	nan	nan	
42483.9166666667	nan	nan	
42483.9270833333	nan	nan	
42483.9375	nan	nan	
42483.9479166667	nan	nan	
42483.9583333333	nan	nan	
42483.96875	nan	nan	
42483.9791666667	nan	nan	
42483.9895833333	nan	nan	
42484	nan	nan	
42484.0104166667	nan	nan	
42484.0208333333	nan	nan	
42484.03125	nan	nan	
42484.0416666667	nan	nan	
42484.0520833333	nan	nan	
42484.0625	nan	nan	
42484.0729166667	nan	nan	
42484.0833333333	nan	nan	
42484.09375	nan	nan	
42484.1041666667	nan	nan	
42484.1145833333	nan	nan	
42484.125	nan	nan	
42484.1354166667	nan	nan	
42484.1458333333	nan	nan	
42484.15625	nan	nan	
42484.1666666667	nan	nan	
42484.1770833333	nan	nan	
42484.1875	nan	nan	
42484.1979166667	nan	nan	
42484.2083333333	nan	nan	
42484.21875	nan	nan	
42484.2291666667	nan	nan	
42484.2395833333	nan	nan	
42484.25	nan	nan	
42484.2604166667	nan	nan	
42484.2708333333	nan	nan	
42484.28125	nan	nan	
42484.2916666667	nan	nan	
42484.3020833333	nan	nan	
42484.3125	nan	nan	
42484.3229166667	nan	nan	
42484.3333333333	nan	nan	
42484.34375	nan	nan	
42484.3541666667	nan	nan	
42484.3645833333	nan	nan	
42484.375	nan	nan	
42484.3854166667	nan	nan	
42484.3958333333	nan	nan	
42484.40625	nan	nan	
42484.4166666667	nan	nan	
42484.4270833333	nan	nan	
42484.4375	nan	nan	
42484.4479166667	nan	nan	
42484.4583333333	nan	nan	
42484.46875	nan	nan	
42484.4791666667	nan	nan	
42484.4895833333	nan	nan	
42484.5	nan	nan	
42484.5104166667	nan	nan	
42484.5208333333	nan	nan	
42484.53125	nan	nan	
42484.5416666667	nan	nan	
42484.5520833333	nan	nan	
42484.5625	nan	nan	
42484.5729166667	nan	nan	
42484.5833333333	nan	nan	
42484.59375	nan	nan	
42484.6041666667	nan	nan	
42484.6145833333	nan	nan	
42484.625	nan	nan	
42484.6354166667	nan	nan	
42484.6458333333	nan	nan	
42484.65625	nan	nan	
42484.6666666667	nan	nan	
42484.6770833333	nan	nan	
42484.6875	nan	nan	
42484.6979166667	nan	nan	
42484.7083333333	nan	nan	
42484.71875	nan	nan	
42484.7291666667	nan	nan	
42484.7395833333	nan	nan	
42484.75	nan	nan	
42484.7604166667	nan	nan	
42484.7708333333	nan	nan	
42484.78125	nan	nan	
42484.7916666667	nan	nan	
42484.8020833333	nan	nan	
42484.8125	nan	nan	
42484.8229166667	nan	nan	
42484.8333333333	nan	nan	
42484.84375	nan	nan	
42484.8541666667	nan	nan	
42484.8645833333	nan	nan	
42484.875	nan	nan	
42484.8854166667	nan	nan	
42484.8958333333	nan	nan	
42484.90625	nan	nan	
42484.9166666667	nan	nan	
42484.9270833333	nan	nan	
42484.9375	nan	nan	
42484.9479166667	nan	nan	
42484.9583333333	nan	nan	
42484.96875	nan	nan	
42484.9791666667	nan	nan	
42484.9895833333	nan	nan	
42485	nan	nan	
42485.0104166667	nan	nan	
42485.0208333333	nan	nan	
42485.03125	nan	nan	
42485.0416666667	nan	nan	
42485.0520833333	nan	nan	
42485.0625	nan	nan	
42485.0729166667	nan	nan	
42485.0833333333	nan	nan	
42485.09375	nan	nan	
42485.1041666667	nan	nan	
42485.1145833333	nan	nan	
42485.125	nan	nan	
42485.1354166667	nan	nan	
42485.1458333333	nan	nan	
42485.15625	nan	nan	
42485.1666666667	nan	nan	
42485.1770833333	nan	nan	
42485.1875	nan	nan	
42485.1979166667	nan	nan	
42485.2083333333	nan	nan	
42485.21875	nan	nan	
42485.2291666667	nan	nan	
42485.2395833333	nan	nan	
42485.25	nan	nan	
42485.2604166667	nan	nan	
42485.2708333333	nan	nan	
42485.28125	nan	nan	
42485.2916666667	nan	nan	
42485.3020833333	nan	nan	
42485.3125	nan	nan	
42485.3229166667	nan	nan	
42485.3333333333	68.16	69.08	
42485.34375	68.61	69.19	
42485.3541666667	69.07	69.25	
42485.3645833333	69.3	69.31	
42485.375	69.36	69.29	
42485.3854166667	69.19	69.31	
42485.3958333333	70	69.3499996948242	
42485.40625	69.9	69.31	
42485.4166666667	69.38	69.3	
42485.4270833333	69.41	69.3	
42485.4375	69.56	69.43	
42485.4479166667	69.79	69.39	
42485.4583333333	69.49	69.31	
42485.46875	69.19	69.79	
42485.4791666667	68.97	69.8399996948242	
42485.4895833333	68.99	69.79	
42485.5	69.38	69.79	
42485.5104166667	69.54	69.79	
42485.5208333333	69.37	69.79	
42485.53125	69.18	69.9299998474121	
42485.5416666667	69.32	70.1699981689453	
42485.5520833333	69.29	70.3049964904785	
42485.5625	69.67	70.3399963378906	
42485.5729166667	69.86	70.3549995422363	
42485.5833333333	69.76	70.4300003051758	
42485.59375	70.13	70.5599975585938	
42485.6041666667	70.39	70.05	
42485.6145833333	70.61	70.06	
42485.625	70.44	70.06	
42485.6354166667	70.3	70.07	
42485.6458333333	70.05	70.09	
42485.65625	70.02	70.16	
42485.6666666667	70.01	70.17	
42485.6770833333	70.59	70.17	
42485.6875	70.51	70.17	
42485.6979166667	70.15	70.16	
42485.7083333333	69.86	70.13	
42485.71875	69.46	70.09	
42485.7291666667	69.54	70.06	
42485.7395833333	69.59	69.98	
42485.75	nan	nan	
42485.7604166667	nan	nan	
42485.7708333333	nan	nan	
42485.78125	nan	nan	
42485.7916666667	nan	nan	
42485.8020833333	nan	nan	
42485.8125	nan	nan	
42485.8229166667	nan	nan	
42485.8333333333	nan	nan	
42485.84375	nan	nan	
42485.8541666667	nan	nan	
42485.8645833333	nan	nan	
42485.875	nan	nan	
42485.8854166667	nan	nan	
42485.8958333333	nan	nan	
42485.90625	nan	nan	
42485.9166666667	nan	nan	
42485.9270833333	nan	nan	
42485.9375	nan	nan	
42485.9479166667	nan	nan	
42485.9583333333	nan	nan	
42485.96875	nan	nan	
42485.9791666667	nan	nan	
42485.9895833333	nan	nan	
42486	nan	nan	
42486.0104166667	nan	nan	
42486.0208333333	nan	nan	
42486.03125	nan	nan	
42486.0416666667	nan	nan	
42486.0520833333	nan	nan	
42486.0625	nan	nan	
42486.0729166667	nan	nan	
42486.0833333333	nan	nan	
42486.09375	nan	nan	
42486.1041666667	nan	nan	
42486.1145833333	nan	nan	
42486.125	nan	nan	
42486.1354166667	nan	nan	
42486.1458333333	nan	nan	
42486.15625	nan	nan	
42486.1666666667	nan	nan	
42486.1770833333	nan	nan	
42486.1875	nan	nan	
42486.1979166667	nan	nan	
42486.2083333333	nan	nan	
42486.21875	nan	nan	
42486.2291666667	nan	nan	
42486.2395833333	nan	nan	
42486.25	nan	nan	
42486.2604166667	nan	nan	
42486.2708333333	nan	nan	
42486.28125	nan	nan	
42486.2916666667	nan	nan	
42486.3020833333	nan	nan	
42486.3125	nan	nan	
42486.3229166667	nan	nan	
42486.3333333333	69.51	69.0100021362305	
42486.34375	69.47	69.120002746582	
42486.3541666667	69.02	69.1699981689453	
42486.3645833333	68.49	69.2399978637695	
42486.375	69	69.5699996948242	
42486.3854166667	68.45	69.8300018310547	
42486.3958333333	69.3	69.9000015258789	
42486.40625	69.17	69.9400024414063	
42486.4166666667	69.02	69.9400024414063	
42486.4270833333	69.64	69.9800033569336	
42486.4375	69.37	69.9400024414063	
42486.4479166667	69.32	69.9000015258789	
42486.4583333333	69.5	69.8650016784668	
42486.46875	69.64	69.8450012207032	
42486.4791666667	69.46	69.84	
42486.4895833333	69.47	69.84	
42486.5	69.69	69.8600006103516	
42486.5104166667	69.82	69.875	
42486.5208333333	69.87	70.0499993896484	
42486.53125	69.43	70.2299995422363	
42486.5416666667	69.32	70.2399978637695	
42486.5520833333	69.88	70.06	
42486.5625	69.66	70.14	
42486.5729166667	69.41	70.2200012207031	
42486.5833333333	69.78	70.3049998474121	
42486.59375	69.67	70.3299980163574	
42486.6041666667	69.36	70.4699974060059	
42486.6145833333	69.69	70.3849983215332	
42486.625	69.87	70.439998626709	
42486.6354166667	69.77	70.4300003051758	
42486.6458333333	69.47	70.1400032043457	
42486.65625	69.43	69.9400024414063	
42486.6666666667	69.42	69.9150012207031	
42486.6770833333	70.07	69.81	
42486.6875	70.27	69.78	
42486.6979166667	69.62	69.78	
42486.7083333333	69.47	69.735	
42486.71875	69.39	69.6500009155274	
42486.7291666667	69.19	69.5750009155273	
42486.7395833333	68.96	69.5649987792969	
42486.75	nan	nan	
42486.7604166667	nan	nan	
42486.7708333333	nan	nan	
42486.78125	nan	nan	
42486.7916666667	nan	nan	
42486.8020833333	nan	nan	
42486.8125	nan	nan	
42486.8229166667	nan	nan	
42486.8333333333	nan	nan	
42486.84375	nan	nan	
42486.8541666667	nan	nan	
42486.8645833333	nan	nan	
42486.875	nan	nan	
42486.8854166667	nan	nan	
42486.8958333333	nan	nan	
42486.90625	nan	nan	
42486.9166666667	nan	nan	
42486.9270833333	nan	nan	
42486.9375	nan	nan	
42486.9479166667	nan	nan	
42486.9583333333	nan	nan	
42486.96875	nan	nan	
42486.9791666667	nan	nan	
42486.9895833333	nan	nan	
42487	nan	nan	
42487.0104166667	nan	nan	
42487.0208333333	nan	nan	
42487.03125	nan	nan	
42487.0416666667	nan	nan	
42487.0520833333	nan	nan	
42487.0625	nan	nan	
42487.0729166667	nan	nan	
42487.0833333333	nan	nan	
42487.09375	nan	nan	
42487.1041666667	nan	nan	
42487.1145833333	nan	nan	
42487.125	nan	nan	
42487.1354166667	nan	nan	
42487.1458333333	nan	nan	
42487.15625	nan	nan	
42487.1666666667	nan	nan	
42487.1770833333	nan	nan	
42487.1875	nan	nan	
42487.1979166667	nan	nan	
42487.2083333333	nan	nan	
42487.21875	nan	nan	
42487.2291666667	nan	nan	
42487.2395833333	nan	nan	
42487.25	nan	nan	
42487.2604166667	nan	nan	
42487.2708333333	nan	nan	
42487.28125	nan	nan	
42487.2916666667	nan	nan	
42487.3020833333	nan	nan	
42487.3125	nan	nan	
42487.3229166667	nan	nan	
42487.3333333333	69.41	69.255	
42487.34375	69.19	69.2250006103515	
42487.3541666667	69.59	69.150001373291	
42487.3645833333	69.75	69.295	
42487.375	69.47	69.2000012207031	
42487.3854166667	69.68	69.0999984741211	
42487.3958333333	69.98	68.7299984741211	
42487.40625	70.24	68.415	
42487.4166666667	69.12	68.325	
42487.4270833333	69.61	68.325	
42487.4375	69.41	68.325	
42487.4479166667	69.4	68.36	
42487.4583333333	69.21	68.39	
42487.46875	69.71	68.64	
42487.4791666667	69.62	68.68	
42487.4895833333	69.52	68.815	
42487.5	69.37	68.890001373291	
42487.5104166667	69.24	68.965	
42487.5208333333	69.57	69.03	
42487.53125	69.89	69.1150003051758	
42487.5416666667	69.91	69.19	
42487.5520833333	69.91	69.2600010681153	
42487.5625	69.95	69.29	
42487.5729166667	70.31	69.2950015258789	
42487.5833333333	70.38	69.3050015258789	
42487.59375	70.12	69.315	
42487.6041666667	69.81	69.32	
42487.6145833333	69.76	69.3199998474121	
42487.625	69.92	69.3399981689453	
42487.6354166667	70.02	69.3650016784668	
42487.6458333333	70.26	69.4100012207032	
42487.65625	70.44	69.4500007629395	
42487.6666666667	70.44	69.6550025939942	
42487.6770833333	70.44	69.6550025939942	
42487.6875	70.26	69.4099998474122	
42487.6979166667	70.01	69.375	
42487.7083333333	70.09	69.3650016784668	
42487.71875	69.92	69.3600006103516	
42487.7291666667	69.81	69.3349990844727	
42487.7395833333	69.68	69.2700004577637	
42487.75	nan	nan	
42487.7604166667	nan	nan	
42487.7708333333	nan	nan	
42487.78125	nan	nan	
42487.7916666667	nan	nan	
42487.8020833333	nan	nan	
42487.8125	nan	nan	
42487.8229166667	nan	nan	
42487.8333333333	nan	nan	
42487.84375	nan	nan	
42487.8541666667	nan	nan	
42487.8645833333	nan	nan	
42487.875	nan	nan	
42487.8854166667	nan	nan	
42487.8958333333	nan	nan	
42487.90625	nan	nan	
42487.9166666667	nan	nan	
42487.9270833333	nan	nan	
42487.9375	nan	nan	
42487.9479166667	nan	nan	
42487.9583333333	nan	nan	
42487.96875	nan	nan	
42487.9791666667	nan	nan	
42487.9895833333	nan	nan	
42488	nan	nan	
42488.0104166667	nan	nan	
42488.0208333333	nan	nan	
42488.03125	nan	nan	
42488.0416666667	nan	nan	
42488.0520833333	nan	nan	
42488.0625	nan	nan	
42488.0729166667	nan	nan	
42488.0833333333	nan	nan	
42488.09375	nan	nan	
42488.1041666667	nan	nan	
42488.1145833333	nan	nan	
42488.125	nan	nan	
42488.1354166667	nan	nan	
42488.1458333333	nan	nan	
42488.15625	nan	nan	
42488.1666666667	nan	nan	
42488.1770833333	nan	nan	
42488.1875	nan	nan	
42488.1979166667	nan	nan	
42488.2083333333	nan	nan	
42488.21875	nan	nan	
42488.2291666667	nan	nan	
42488.2395833333	nan	nan	
42488.25	nan	nan	
42488.2604166667	nan	nan	
42488.2708333333	nan	nan	
42488.28125	nan	nan	
42488.2916666667	nan	nan	
42488.3020833333	nan	nan	
42488.3125	nan	nan	
42488.3229166667	nan	nan	
42488.3333333333	69.15	69.07	
42488.34375	69.4	69.04	
42488.3541666667	69.36	69.015	
42488.3645833333	68.51	69.015	
42488.375	68.15	68.885	
42488.3854166667	68.27	68.599998626709	
42488.3958333333	68.6	68.5100010681153	
42488.40625	68.41	68.5100010681153	
42488.4166666667	68.11	68.475	
42488.4270833333	68.77	68.69	
42488.4375	68.56	68.7899983215332	
42488.4479166667	69.01	69.01	
42488.4583333333	69.64	69.2400016784668	
42488.46875	69.03	69.3649996948242	
42488.4791666667	69.36	69.445	
42488.4895833333	69.06	69.5200004577637	
42488.5	69.01	69.66	
42488.5104166667	68.93	69.8499981689453	
42488.5208333333	69.08	69.8899993896484	
42488.53125	69.31	69.9350001525879	
42488.5416666667	69.46	69.9099998474121	
42488.5520833333	69.9	69.8650001525879	
42488.5625	70.42	69.9400024414063	
42488.5729166667	70.69	69.9950027465821	
42488.5833333333	70.33	70	
42488.59375	69.81	69.9850012207032	
42488.6041666667	69.87	69.9850012207032	
42488.6145833333	70.21	69.9850012207032	
42488.625	70.62	70.0400009155273	
42488.6354166667	70.64	70.0400009155273	
42488.6458333333	70.26	70.0400009155273	
42488.65625	70.3	70.08	
42488.6666666667	70.36	70.1900024414063	
42488.6770833333	70.2	70.2250016784668	
42488.6875	70.21	70.22	
42488.6979166667	70.49	70.22	
42488.7083333333	70.33	70.060001373291	
42488.71875	70.17	69.9000015258789	
42488.7291666667	70.12	69.875	
42488.7395833333	70.06	69.8199992370606	
42488.75	nan	nan	
42488.7604166667	nan	nan	
42488.7708333333	nan	nan	
42488.78125	nan	nan	
42488.7916666667	nan	nan	
42488.8020833333	nan	nan	
42488.8125	nan	nan	
42488.8229166667	nan	nan	
42488.8333333333	nan	nan	
42488.84375	nan	nan	
42488.8541666667	nan	nan	
42488.8645833333	nan	nan	
42488.875	nan	nan	
42488.8854166667	nan	nan	
42488.8958333333	nan	nan	
42488.90625	nan	nan	
42488.9166666667	nan	nan	
42488.9270833333	nan	nan	
42488.9375	nan	nan	
42488.9479166667	nan	nan	
42488.9583333333	nan	nan	
42488.96875	nan	nan	
42488.9791666667	nan	nan	
42488.9895833333	nan	nan	
42489	nan	nan	
42489.0104166667	nan	nan	
42489.0208333333	nan	nan	
42489.03125	nan	nan	
42489.0416666667	nan	nan	
42489.0520833333	nan	nan	
42489.0625	nan	nan	
42489.0729166667	nan	nan	
42489.0833333333	nan	nan	
42489.09375	nan	nan	
42489.1041666667	nan	nan	
42489.1145833333	nan	nan	
42489.125	nan	nan	
42489.1354166667	nan	nan	
42489.1458333333	nan	nan	
42489.15625	nan	nan	
42489.1666666667	nan	nan	
42489.1770833333	nan	nan	
42489.1875	nan	nan	
42489.1979166667	nan	nan	
42489.2083333333	nan	nan	
42489.21875	nan	nan	
42489.2291666667	nan	nan	
42489.2395833333	nan	nan	
42489.25	nan	nan	
42489.2604166667	nan	nan	
42489.2708333333	nan	nan	
42489.28125	nan	nan	
42489.2916666667	nan	nan	
42489.3020833333	nan	nan	
42489.3125	nan	nan	
42489.3229166667	nan	nan	
42489.3333333333	69.69	68.7900009155273	
42489.34375	70.01	68.8099975585938	
42489.3541666667	70.23	68.8950004577637	
42489.3645833333	70.07	68.9800033569336	
42489.375	69.36	69.1349983215332	
42489.3854166667	69.19	69.2249984741211	
42489.3958333333	70.13	69.5550003051758	
42489.40625	70.01	69.6600036621094	
42489.4166666667	70.01	69.6750030517579	
42489.4270833333	70.12	69.7550010681153	
42489.4375	69.99	69.7799987792968	
42489.4479166667	69.65	69.7399978637695	
42489.4583333333	69.83	69.9400024414063	
42489.46875	70.08	69.9899978637695	
42489.4791666667	69.79	70.0199966430664	
42489.4895833333	69.82	70.0199966430664	
42489.5	70.09	70.1049995422364	
42489.5104166667	70.4	70.2200012207031	
42489.5208333333	70.72	70.2399978637695	
42489.53125	70.55	70.2600021362305	
42489.5416666667	69.98	70.254997253418	
42489.5520833333	69.77	70.254997253418	
42489.5625	70.13	70.2699966430664	
42489.5729166667	70.46	70.2699966430664	
42489.5833333333	70.26	70.3000030517578	
42489.59375	69.94	70.3600006103516	
42489.6041666667	70.47	70.375	
42489.6145833333	70.79	70.370002746582	
42489.625	70.51	70.3899993896484	
42489.6354166667	nan	nan	
42489.6458333333	nan	nan	
42489.65625	nan	nan	
42489.6666666667	nan	nan	
42489.6770833333	70.42	69.54	
42489.6875	70.08	69.54	
42489.6979166667	69.96	69.68	
42489.7083333333	70.17	69.68	
42489.71875	70.31	69.635	
42489.7291666667	70.19	69.475	
42489.7395833333	69.96	69.44	
42489.75	nan	nan	
42489.7604166667	nan	nan	
42489.7708333333	nan	nan	
42489.78125	nan	nan	
42489.7916666667	nan	nan	
42489.8020833333	nan	nan	
42489.8125	nan	nan	
42489.8229166667	nan	nan	
42489.8333333333	nan	nan	
42489.84375	nan	nan	
42489.8541666667	nan	nan	
42489.8645833333	nan	nan	
42489.875	nan	nan	
42489.8854166667	nan	nan	
42489.8958333333	nan	nan	
42489.90625	nan	nan	
42489.9166666667	nan	nan	
42489.9270833333	nan	nan	
42489.9375	nan	nan	
42489.9479166667	nan	nan	
42489.9583333333	nan	nan	
42489.96875	nan	nan	
42489.9791666667	nan	nan	
42489.9895833333	nan	nan	
42490	nan	nan	
42490.0104166667	nan	nan	
42490.0208333333	nan	nan	
42490.03125	nan	nan	
42490.0416666667	nan	nan	
42490.0520833333	nan	nan	
42490.0625	nan	nan	
42490.0729166667	nan	nan	
42490.0833333333	nan	nan	
42490.09375	nan	nan	
42490.1041666667	nan	nan	
42490.1145833333	nan	nan	
42490.125	nan	nan	
42490.1354166667	nan	nan	
42490.1458333333	nan	nan	
42490.15625	nan	nan	
42490.1666666667	nan	nan	
42490.1770833333	nan	nan	
42490.1875	nan	nan	
42490.1979166667	nan	nan	
42490.2083333333	nan	nan	
42490.21875	nan	nan	
42490.2291666667	nan	nan	
42490.2395833333	nan	nan	
42490.25	nan	nan	
42490.2604166667	nan	nan	
42490.2708333333	nan	nan	
42490.28125	nan	nan	
42490.2916666667	nan	nan	
42490.3020833333	nan	nan	
42490.3125	nan	nan	
42490.3229166667	nan	nan	
42490.3333333333	nan	nan	
42490.34375	nan	nan	
42490.3541666667	nan	nan	
42490.3645833333	nan	nan	
42490.375	nan	nan	
42490.3854166667	nan	nan	
42490.3958333333	nan	nan	
42490.40625	nan	nan	
42490.4166666667	nan	nan	
42490.4270833333	nan	nan	
42490.4375	nan	nan	
42490.4479166667	nan	nan	
42490.4583333333	nan	nan	
42490.46875	nan	nan	
42490.4791666667	nan	nan	
42490.4895833333	nan	nan	
42490.5	nan	nan	
42490.5104166667	nan	nan	
42490.5208333333	nan	nan	
42490.53125	nan	nan	
42490.5416666667	nan	nan	
42490.5520833333	nan	nan	
42490.5625	nan	nan	
42490.5729166667	nan	nan	
42490.5833333333	nan	nan	
42490.59375	nan	nan	
42490.6041666667	nan	nan	
42490.6145833333	nan	nan	
42490.625	nan	nan	
42490.6354166667	nan	nan	
42490.6458333333	nan	nan	
42490.65625	nan	nan	
42490.6666666667	nan	nan	
42490.6770833333	nan	nan	
42490.6875	nan	nan	
42490.6979166667	nan	nan	
42490.7083333333	nan	nan	
42490.71875	nan	nan	
42490.7291666667	nan	nan	
42490.7395833333	nan	nan	
42490.75	nan	nan	
42490.7604166667	nan	nan	
42490.7708333333	nan	nan	
42490.78125	nan	nan	
42490.7916666667	nan	nan	
42490.8020833333	nan	nan	
42490.8125	nan	nan	
42490.8229166667	nan	nan	
42490.8333333333	nan	nan	
42490.84375	nan	nan	
42490.8541666667	nan	nan	
42490.8645833333	nan	nan	
42490.875	nan	nan	
42490.8854166667	nan	nan	
42490.8958333333	nan	nan	
42490.90625	nan	nan	
42490.9166666667	nan	nan	
42490.9270833333	nan	nan	
42490.9375	nan	nan	
42490.9479166667	nan	nan	
42490.9583333333	nan	nan	
42490.96875	nan	nan	
42490.9791666667	nan	nan	
42490.9895833333	nan	nan	
