Date	FPVAV19:AIRVOLUME	PlenumFlowforContainerFPVAV19	TotalBoxFlowforContainerFPVAV19	
42618	0	1200	1200
42618.0104166667	0	1200	1200
42618.0208333333	0	1200	1200
42618.03125	0	1200	1200
42618.0416666667	0	1200	1200
42618.0520833333	0	1200	1200
42618.0625	0	1200	1200
42618.0729166667	0	1200	1200
42618.0833333333	0	1200	1200
42618.09375	0	1200	1200
42618.1041666667	0	1200	1200
42618.1145833333	4	1196	1200
42618.125	16	1184	1200
42618.1354166667	0	1200	1200
42618.1458333333	0	1200	1200
42618.15625	0	1200	1200
42618.1666666667	0	1200	1200
42618.1770833333	0	1200	1200
42618.1875	0	1200	1200
42618.1979166667	0	1200	1200
42618.2083333333	0	1200	1200
42618.21875	0	1200	1200
42618.2291666667	20	1180	1200
42618.2395833333	0	1200	1200
42618.25	4	1196	1200
42618.2604166667	1236	-36	1200
42618.2708333333	1200	0	1200
42618.28125	1192	8	1200
42618.2916666667	1196	4	1200
42618.3020833333	1188	12	1200
42618.3125	1204	-4	1200
42618.3229166667	1208	-8	1200
42618.3333333333	1196	4	1200
42618.34375	1200	0	1200
42618.3541666667	1188	12	1200
42618.3645833333	1228	-28	1200
42618.375	1216	-16	1200
42618.3854166667	1204	-4	1200
42618.3958333333	1212	-12	1200
42618.40625	1204	-4	1200
42618.4166666667	1196	4	1200
42618.4270833333	1192	8	1200
42618.4375	1192	8	1200
42618.4479166667	1224	-24	1200
42618.4583333333	1184	16	1200
42618.46875	1200	0	1200
42618.4791666667	1188	12	1200
42618.4895833333	1184	16	1200
42618.5	1212	-12	1200
42618.5104166667	1184	16	1200
42618.5208333333	1204	-4	1200
42618.53125	1200	0	1200
42618.5416666667	1208	-8	1200
42618.5520833333	1204	-4	1200
42618.5625	1216	-16	1200
42618.5729166667	1216	-16	1200
42618.5833333333	1212	-12	1200
42618.59375	1188	12	1200
42618.6041666667	1200	0	1200
42618.6145833333	1204	-4	1200
42618.625	1200	0	1200
42618.6354166667	1192	8	1200
42618.6458333333	1180	20	1200
42618.65625	1220	-20	1200
42618.6666666667	1212	-12	1200
42618.6770833333	1212	-12	1200
42618.6875	1204	-4	1200
42618.6979166667	1200	0	1200
42618.7083333333	1196	4	1200
42618.71875	1192	8	1200
42618.7291666667	1212	-12	1200
42618.7395833333	1196	4	1200
42618.75	1196	4	1200
42618.7604166667	224	976	1200
42618.7708333333	196	1004	1200
42618.78125	0	1200	1200
42618.7916666667	0	1200	1200
42618.8020833333	0	1200	1200
42618.8125	0	1200	1200
42618.8229166667	0	1200	1200
42618.8333333333	0	1200	1200
42618.84375	0	1200	1200
42618.8541666667	0	1200	1200
42618.8645833333	0	1200	1200
42618.875	0	1200	1200
42618.8854166667	0	1200	1200
42618.8958333333	0	1200	1200
42618.90625	0	1200	1200
42618.9166666667	0	1200	1200
42618.9270833333	0	1200	1200
42618.9375	0	1200	1200
42618.9479166667	0	1200	1200
42618.9583333333	0	1200	1200
42618.96875	0	1200	1200
42618.9791666667	0	1200	1200
42618.9895833333	0	1200	1200
42619	0	1200	1200
42619.0104166667	0	1200	1200
42619.0208333333	0	1200	1200
42619.03125	0	1200	1200
42619.0416666667	0	1200	1200
42619.0520833333	0	1200	1200
42619.0625	0	1200	1200
42619.0729166667	0	1200	1200
42619.0833333333	0	1200	1200
42619.09375	0	1200	1200
42619.1041666667	0	1200	1200
42619.1145833333	0	1200	1200
42619.125	0	1200	1200
42619.1354166667	0	1200	1200
42619.1458333333	0	1200	1200
42619.15625	0	1200	1200
42619.1666666667	0	1200	1200
42619.1770833333	0	1200	1200
42619.1875	0	1200	1200
42619.1979166667	0	1200	1200
42619.2083333333	0	1200	1200
42619.21875	0	1200	1200
42619.2291666667	0	1200	1200
42619.2395833333	0	1200	1200
42619.25	0	1200	1200
42619.2604166667	1208	-8	1200
42619.2708333333	1204	-4	1200
42619.28125	1192	8	1200
42619.2916666667	1216	-16	1200
42619.3020833333	1184	16	1200
42619.3125	1208	-8	1200
42619.3229166667	1200	0	1200
42619.3333333333	1200	0	1200
42619.34375	1200	0	1200
42619.3541666667	1176	24	1200
42619.3645833333	1196	4	1200
42619.375	1228	-28	1200
42619.3854166667	1204	-4	1200
42619.3958333333	1196	4	1200
42619.40625	1216	-16	1200
42619.4166666667	1196	4	1200
42619.4270833333	1200	0	1200
42619.4375	1196	4	1200
42619.4479166667	1200	0	1200
42619.4583333333	1216	-16	1200
42619.46875	1196	4	1200
42619.4791666667	1208	-8	1200
42619.4895833333	1216	-16	1200
42619.5	1228	-28	1200
42619.5104166667	1188	12	1200
42619.5208333333	1208	-8	1200
42619.53125	1196	4	1200
42619.5416666667	1216	-16	1200
42619.5520833333	1196	4	1200
42619.5625	1188	12	1200
42619.5729166667	1196	4	1200
42619.5833333333	1208	-8	1200
42619.59375	1216	-16	1200
42619.6041666667	1208	-8	1200
42619.6145833333	1200	0	1200
42619.625	1220	-20	1200
42619.6354166667	1204	-4	1200
42619.6458333333	1200	0	1200
42619.65625	1188	12	1200
42619.6666666667	1204	-4	1200
42619.6770833333	1208	-8	1200
42619.6875	1204	-4	1200
42619.6979166667	1180	20	1200
42619.7083333333	1204	-4	1200
42619.71875	1188	12	1200
42619.7291666667	1204	-4	1200
42619.7395833333	1196	4	1200
42619.75	1192	8	1200
42619.7604166667	208	992	1200
42619.7708333333	212	988	1200
42619.78125	192	1008	1200
42619.7916666667	0	1200	1200
42619.8020833333	0	1200	1200
42619.8125	0	1200	1200
42619.8229166667	0	1200	1200
42619.8333333333	0	1200	1200
42619.84375	0	1200	1200
42619.8541666667	0	1200	1200
42619.8645833333	0	1200	1200
42619.875	0	1200	1200
42619.8854166667	0	1200	1200
42619.8958333333	0	1200	1200
42619.90625	0	1200	1200
42619.9166666667	0	1200	1200
42619.9270833333	0	1200	1200
42619.9375	0	1200	1200
42619.9479166667	0	1200	1200
42619.9583333333	0	1200	1200
42619.96875	0	1200	1200
42619.9791666667	0	1200	1200
42619.9895833333	0	1200	1200
42620	0	1200	1200
42620.0104166667	0	1200	1200
42620.0208333333	0	1200	1200
42620.03125	0	1200	1200
42620.0416666667	0	1200	1200
42620.0520833333	0	1200	1200
42620.0625	0	1200	1200
42620.0729166667	0	1200	1200
42620.0833333333	0	1200	1200
42620.09375	0	1200	1200
42620.1041666667	0	1200	1200
42620.1145833333	0	1200	1200
42620.125	0	1200	1200
42620.1354166667	0	1200	1200
42620.1458333333	0	1200	1200
42620.15625	0	1200	1200
42620.1666666667	0	1200	1200
42620.1770833333	0	1200	1200
42620.1875	0	1200	1200
42620.1979166667	0	1200	1200
42620.2083333333	0	1200	1200
42620.21875	0	1200	1200
42620.2291666667	0	1200	1200
42620.2395833333	0	1200	1200
42620.25	0	1200	1200
42620.2604166667	1224	-24	1200
42620.2708333333	1192	8	1200
42620.28125	1200	0	1200
42620.2916666667	1204	-4	1200
42620.3020833333	1184	16	1200
42620.3125	1212	-12	1200
42620.3229166667	1188	12	1200
42620.3333333333	1200	0	1200
42620.34375	1196	4	1200
42620.3541666667	1208	-8	1200
42620.3645833333	1128	72	1200
42620.375	1204	-4	1200
42620.3854166667	1180	20	1200
42620.3958333333	1204	-4	1200
42620.40625	1220	-20	1200
42620.4166666667	1224	-24	1200
42620.4270833333	1200	0	1200
42620.4375	1192	8	1200
42620.4479166667	1184	16	1200
42620.4583333333	1204	-4	1200
42620.46875	1196	4	1200
42620.4791666667	1216	-16	1200
42620.4895833333	1184	16	1200
42620.5	1200	0	1200
42620.5104166667	1200	0	1200
42620.5208333333	1192	8	1200
42620.53125	1196	4	1200
42620.5416666667	1212	-12	1200
42620.5520833333	1204	-4	1200
42620.5625	1192	8	1200
42620.5729166667	1196	4	1200
42620.5833333333	1184	16	1200
42620.59375	1200	0	1200
42620.6041666667	1212	-12	1200
42620.6145833333	1192	8	1200
42620.625	1200	0	1200
42620.6354166667	1184	16	1200
42620.6458333333	1212	-12	1200
42620.65625	1196	4	1200
42620.6666666667	1196	4	1200
42620.6770833333	1184	16	1200
42620.6875	1208	-8	1200
42620.6979166667	1192	8	1200
42620.7083333333	1172	28	1200
42620.71875	1180	20	1200
42620.7291666667	1208	-8	1200
42620.7395833333	1208	-8	1200
42620.75	1212	-12	1200
42620.7604166667	228	972	1200
42620.7708333333	204	996	1200
42620.78125	0	1200	1200
42620.7916666667	0	1200	1200
42620.8020833333	0	1200	1200
42620.8125	0	1200	1200
42620.8229166667	0	1200	1200
42620.8333333333	0	1200	1200
42620.84375	0	1200	1200
42620.8541666667	0	1200	1200
42620.8645833333	0	1200	1200
42620.875	0	1200	1200
42620.8854166667	0	1200	1200
42620.8958333333	0	1200	1200
42620.90625	0	1200	1200
42620.9166666667	0	1200	1200
42620.9270833333	0	1200	1200
42620.9375	0	1200	1200
42620.9479166667	0	1200	1200
42620.9583333333	0	1200	1200
42620.96875	0	1200	1200
42620.9791666667	0	1200	1200
42620.9895833333	0	1200	1200
42621	0	1200	1200
42621.0104166667	0	1200	1200
42621.0208333333	0	1200	1200
42621.03125	0	1200	1200
42621.0416666667	0	1200	1200
42621.0520833333	0	1200	1200
42621.0625	0	1200	1200
42621.0729166667	0	1200	1200
42621.0833333333	0	1200	1200
42621.09375	0	1200	1200
42621.1041666667	0	1200	1200
42621.1145833333	0	1200	1200
42621.125	0	1200	1200
42621.1354166667	0	1200	1200
42621.1458333333	0	1200	1200
42621.15625	0	1200	1200
42621.1666666667	0	1200	1200
42621.1770833333	0	1200	1200
42621.1875	0	1200	1200
42621.1979166667	0	1200	1200
42621.2083333333	0	1200	1200
42621.21875	0	1200	1200
42621.2291666667	0	1200	1200
42621.2395833333	0	1200	1200
42621.25	0	1200	1200
42621.2604166667	1224	-24	1200
42621.2708333333	1200	0	1200
42621.28125	1196	4	1200
42621.2916666667	1200	0	1200
42621.3020833333	1196	4	1200
42621.3125	1200	0	1200
42621.3229166667	1204	-4	1200
42621.3333333333	1184	16	1200
42621.34375	1188	12	1200
42621.3541666667	1200	0	1200
42621.3645833333	1112	88	1200
42621.375	1204	-4	1200
42621.3854166667	1200	0	1200
42621.3958333333	1196	4	1200
42621.40625	1196	4	1200
42621.4166666667	1196	4	1200
42621.4270833333	1200	0	1200
42621.4375	1204	-4	1200
42621.4479166667	1200	0	1200
42621.4583333333	1220	-20	1200
42621.46875	1180	20	1200
42621.4791666667	1196	4	1200
42621.4895833333	1208	-8	1200
42621.5	1184	16	1200
42621.5104166667	1212	-12	1200
42621.5208333333	1188	12	1200
42621.53125	1204	-4	1200
42621.5416666667	1184	16	1200
42621.5520833333	1216	-16	1200
42621.5625	1200	0	1200
42621.5729166667	1200	0	1200
42621.5833333333	1204	-4	1200
42621.59375	1204	-4	1200
42621.6041666667	1204	-4	1200
42621.6145833333	1192	8	1200
42621.625	1192	8	1200
42621.6354166667	1188	12	1200
42621.6458333333	1192	8	1200
42621.65625	1196	4	1200
42621.6666666667	1204	-4	1200
42621.6770833333	1208	-8	1200
42621.6875	1184	16	1200
42621.6979166667	1188	12	1200
42621.7083333333	1204	-4	1200
42621.71875	1200	0	1200
42621.7291666667	1188	12	1200
42621.7395833333	1192	8	1200
42621.75	1216	-16	1200
42621.7604166667	232	968	1200
42621.7708333333	216	984	1200
42621.78125	204	996	1200
42621.7916666667	0	1200	1200
42621.8020833333	0	1200	1200
42621.8125	0	1200	1200
42621.8229166667	0	1200	1200
42621.8333333333	0	1200	1200
42621.84375	0	1200	1200
42621.8541666667	0	1200	1200
42621.8645833333	0	1200	1200
42621.875	0	1200	1200
42621.8854166667	0	1200	1200
42621.8958333333	0	1200	1200
42621.90625	0	1200	1200
42621.9166666667	0	1200	1200
42621.9270833333	0	1200	1200
42621.9375	0	1200	1200
42621.9479166667	0	1200	1200
42621.9583333333	0	1200	1200
42621.96875	0	1200	1200
42621.9791666667	0	1200	1200
42621.9895833333	0	1200	1200
42622	0	1200	1200
42622.0104166667	0	1200	1200
42622.0208333333	0	1200	1200
42622.03125	0	1200	1200
42622.0416666667	0	1200	1200
42622.0520833333	0	1200	1200
42622.0625	0	1200	1200
42622.0729166667	0	1200	1200
42622.0833333333	0	1200	1200
42622.09375	0	1200	1200
42622.1041666667	0	1200	1200
42622.1145833333	0	1200	1200
42622.125	0	1200	1200
42622.1354166667	0	1200	1200
42622.1458333333	0	1200	1200
42622.15625	0	1200	1200
42622.1666666667	0	1200	1200
42622.1770833333	0	1200	1200
42622.1875	0	1200	1200
42622.1979166667	0	1200	1200
42622.2083333333	0	1200	1200
42622.21875	0	1200	1200
42622.2291666667	0	1200	1200
42622.2395833333	0	1200	1200
42622.25	0	1200	1200
42622.2604166667	1236	-36	1200
42622.2708333333	1200	0	1200
42622.28125	1200	0	1200
42622.2916666667	1200	0	1200
42622.3020833333	1200	0	1200
42622.3125	1200	0	1200
42622.3229166667	1204	-4	1200
42622.3333333333	1192	8	1200
42622.34375	1200	0	1200
42622.3541666667	1220	-20	1200
42622.3645833333	1116	84	1200
42622.375	1184	16	1200
42622.3854166667	1188	12	1200
42622.3958333333	1200	0	1200
42622.40625	1196	4	1200
42622.4166666667	1200	0	1200
42622.4270833333	1196	4	1200
42622.4375	1188	12	1200
42622.4479166667	1200	0	1200
42622.4583333333	1204	-4	1200
42622.46875	1204	-4	1200
42622.4791666667	1196	4	1200
42622.4895833333	1188	12	1200
42622.5	1204	-4	1200
42622.5104166667	1200	0	1200
42622.5208333333	1208	-8	1200
42622.53125	1200	0	1200
42622.5416666667	1200	0	1200
42622.5520833333	1204	-4	1200
42622.5625	1192	8	1200
42622.5729166667	1200	0	1200
42622.5833333333	1208	-8	1200
42622.59375	1188	12	1200
42622.6041666667	1200	0	1200
42622.6145833333	1184	16	1200
42622.625	1200	0	1200
42622.6354166667	1192	8	1200
42622.6458333333	1200	0	1200
42622.65625	1204	-4	1200
42622.6666666667	1196	4	1200
42622.6770833333	1200	0	1200
42622.6875	1204	-4	1200
42622.6979166667	1200	0	1200
42622.7083333333	1200	0	1200
42622.71875	1204	-4	1200
42622.7291666667	1196	4	1200
42622.7395833333	1204	-4	1200
42622.75	1204	-4	1200
42622.7604166667	232	968	1200
42622.7708333333	nan	nan	nan
42622.78125	196	1004	1200
42622.7916666667	0	1200	1200
42622.8020833333	0	1200	1200
42622.8125	0	1200	1200
42622.8229166667	0	1200	1200
42622.8333333333	0	1200	1200
42622.84375	0	1200	1200
42622.8541666667	0	1200	1200
42622.8645833333	0	1200	1200
42622.875	0	1200	1200
42622.8854166667	0	1200	1200
42622.8958333333	0	1200	1200
42622.90625	0	1200	1200
42622.9166666667	0	1200	1200
42622.9270833333	0	1200	1200
42622.9375	0	1200	1200
42622.9479166667	0	1200	1200
42622.9583333333	0	1200	1200
42622.96875	0	1200	1200
42622.9791666667	0	1200	1200
42622.9895833333	0	1200	1200
42623	0	1200	1200
42623.0104166667	140	1060	1200
42623.0208333333	204	996	1200
42623.03125	0	1200	1200
42623.0416666667	0	1200	1200
42623.0520833333	0	1200	1200
42623.0625	0	1200	1200
42623.0729166667	0	1200	1200
42623.0833333333	0	1200	1200
42623.09375	0	1200	1200
42623.1041666667	0	1200	1200
42623.1145833333	0	1200	1200
42623.125	0	1200	1200
42623.1354166667	0	1200	1200
42623.1458333333	0	1200	1200
42623.15625	0	1200	1200
42623.1666666667	0	1200	1200
42623.1770833333	0	1200	1200
42623.1875	0	1200	1200
42623.1979166667	0	1200	1200
42623.2083333333	0	1200	1200
42623.21875	0	1200	1200
42623.2291666667	0	1200	1200
42623.2395833333	0	1200	1200
42623.25	0	1200	1200
42623.2604166667	0	1200	1200
42623.2708333333	0	1200	1200
42623.28125	0	1200	1200
42623.2916666667	0	1200	1200
42623.3020833333	0	1200	1200
42623.3125	0	1200	1200
42623.3229166667	0	1200	1200
42623.3333333333	0	1200	1200
42623.34375	0	1200	1200
42623.3541666667	0	1200	1200
42623.3645833333	0	1200	1200
42623.375	0	1200	1200
42623.3854166667	0	1200	1200
42623.3958333333	0	1200	1200
42623.40625	0	1200	1200
42623.4166666667	0	1200	1200
42623.4270833333	0	1200	1200
42623.4375	0	1200	1200
42623.4479166667	0	1200	1200
42623.4583333333	0	1200	1200
42623.46875	0	1200	1200
42623.4791666667	0	1200	1200
42623.4895833333	0	1200	1200
42623.5	0	1200	1200
42623.5104166667	0	1200	1200
42623.5208333333	0	1200	1200
42623.53125	0	1200	1200
42623.5416666667	0	1200	1200
42623.5520833333	0	1200	1200
42623.5625	0	1200	1200
42623.5729166667	0	1200	1200
42623.5833333333	0	1200	1200
42623.59375	12	1188	1200
42623.6041666667	0	1200	1200
42623.6145833333	0	1200	1200
42623.625	0	1200	1200
42623.6354166667	0	1200	1200
42623.6458333333	0	1200	1200
42623.65625	0	1200	1200
42623.6666666667	0	1200	1200
42623.6770833333	0	1200	1200
42623.6875	0	1200	1200
42623.6979166667	0	1200	1200
42623.7083333333	0	1200	1200
42623.71875	0	1200	1200
42623.7291666667	0	1200	1200
42623.7395833333	4	1196	1200
42623.75	0	1200	1200
42623.7604166667	0	1200	1200
42623.7708333333	0	1200	1200
42623.78125	12	1188	1200
42623.7916666667	0	1200	1200
42623.8020833333	0	1200	1200
42623.8125	0	1200	1200
42623.8229166667	0	1200	1200
42623.8333333333	0	1200	1200
42623.84375	0	1200	1200
42623.8541666667	0	1200	1200
42623.8645833333	0	1200	1200
42623.875	0	1200	1200
42623.8854166667	0	1200	1200
42623.8958333333	0	1200	1200
42623.90625	0	1200	1200
42623.9166666667	0	1200	1200
42623.9270833333	0	1200	1200
42623.9375	0	1200	1200
42623.9479166667	0	1200	1200
42623.9583333333	0	1200	1200
42623.96875	0	1200	1200
42623.9791666667	0	1200	1200
42623.9895833333	20	1180	1200
42624	0	1200	1200
42624.0104166667	0	1200	1200
42624.0208333333	16	1184	1200
42624.03125	0	1200	1200
42624.0416666667	0	1200	1200
42624.0520833333	28	1172	1200
42624.0625	0	1200	1200
42624.0729166667	0	1200	1200
42624.0833333333	12	1188	1200
42624.09375	0	1200	1200
42624.1041666667	24	1176	1200
42624.1145833333	8	1192	1200
42624.125	0	1200	1200
42624.1354166667	0	1200	1200
42624.1458333333	0	1200	1200
42624.15625	0	1200	1200
42624.1666666667	0	1200	1200
42624.1770833333	0	1200	1200
42624.1875	0	1200	1200
42624.1979166667	0	1200	1200
42624.2083333333	0	1200	1200
42624.21875	0	1200	1200
42624.2291666667	12	1188	1200
42624.2395833333	0	1200	1200
42624.25	0	1200	1200
42624.2604166667	0	1200	1200
42624.2708333333	0	1200	1200
42624.28125	0	1200	1200
42624.2916666667	0	1200	1200
42624.3020833333	0	1200	1200
42624.3125	0	1200	1200
42624.3229166667	0	1200	1200
42624.3333333333	0	1200	1200
42624.34375	0	1200	1200
42624.3541666667	8	1192	1200
42624.3645833333	0	1200	1200
42624.375	0	1200	1200
42624.3854166667	0	1200	1200
42624.3958333333	0	1200	1200
42624.40625	0	1200	1200
42624.4166666667	0	1200	1200
42624.4270833333	0	1200	1200
42624.4375	0	1200	1200
42624.4479166667	0	1200	1200
42624.4583333333	0	1200	1200
42624.46875	0	1200	1200
42624.4791666667	0	1200	1200
42624.4895833333	0	1200	1200
42624.5	0	1200	1200
42624.5104166667	0	1200	1200
42624.5208333333	0	1200	1200
42624.53125	0	1200	1200
42624.5416666667	0	1200	1200
42624.5520833333	0	1200	1200
42624.5625	0	1200	1200
42624.5729166667	0	1200	1200
42624.5833333333	0	1200	1200
42624.59375	0	1200	1200
42624.6041666667	0	1200	1200
42624.6145833333	0	1200	1200
42624.625	0	1200	1200
42624.6354166667	0	1200	1200
42624.6458333333	0	1200	1200
42624.65625	0	1200	1200
42624.6666666667	0	1200	1200
42624.6770833333	0	1200	1200
42624.6875	0	1200	1200
42624.6979166667	0	1200	1200
42624.7083333333	0	1200	1200
42624.71875	0	1200	1200
42624.7291666667	0	1200	1200
42624.7395833333	0	1200	1200
42624.75	0	1200	1200
42624.7604166667	0	1200	1200
42624.7708333333	0	1200	1200
42624.78125	0	1200	1200
42624.7916666667	0	1200	1200
42624.8020833333	0	1200	1200
42624.8125	0	1200	1200
42624.8229166667	0	1200	1200
42624.8333333333	0	1200	1200
42624.84375	0	1200	1200
42624.8541666667	0	1200	1200
42624.8645833333	0	1200	1200
42624.875	0	1200	1200
42624.8854166667	0	1200	1200
42624.8958333333	0	1200	1200
42624.90625	0	1200	1200
42624.9166666667	0	1200	1200
42624.9270833333	0	1200	1200
42624.9375	0	1200	1200
42624.9479166667	0	1200	1200
42624.9583333333	0	1200	1200
42624.96875	0	1200	1200
42624.9791666667	0	1200	1200
42624.9895833333	0	1200	1200
