Date	OADryBulbTemperatureNOAA	AHU13MixedAirTemp	
42450.3020833333	38.096	54.29	
42450.3125	38.816	55.34	
42450.3229166667	39.536	55.14	
42450.3333333333	40.277	54.86	
42450.34375	41.042	56.04	
42450.3541666667	41.807	56.48	
42450.3645833333	42.572	55.93	
42450.375	43.799	55.09	
42450.3854166667	45.554	55.71	
42454.3020833333	46.04	56.22	
42454.3125	46.04	54.92	
42454.3229166667	46.04	55.92	
42454.3333333333	46.859	55.66	
42450.3958333333	47.309	56.18	
42451.3020833333	48.02	56.02	
42451.3125	48.02	55.84	
42451.3229166667	48.02	56.22	
42457.2916666667	48.02	55.71	
42457.3020833333	48.02	55.69	
42457.3125	48.02	55.79	
42457.3229166667	48.02	55.62	
42467.3020833333	48.35	66.31	
42457.3333333333	48.377	56.39	
42467.3125	48.575	57.71	
42451.3333333333	48.608	56.59	
42454.34375	48.614	56.08	
42467.3229166667	48.8	57.59	
42450.40625	49.064	54.07	
42457.34375	49.142	55.5	
42451.34375	49.868	56.41	
42457.3541666667	49.907	56.79	
42453.3333333333	50	60.51	
42453.34375	50	59.06	
42453.3541666667	50	58.42	
42453.3645833333	50	58.88	
42467.3333333333	50.096	58.09	
42453.375	50.357	58.14	
42454.3541666667	50.369	56.36	
42453.3229166667	50.408	61.51	
42450.4166666667	50.462	54.49	
42457.3645833333	50.672	56.47	
42464.3020833333	50.726	56.47	
42453.3854166667	51.122	58.2	
42451.3541666667	51.128	56.94	
42453.3125	51.173	62.54	
42464.3125	51.221	56.31	
42457.375	51.416	57.04	
42450.4270833333	51.452	56.21	
42464.3229166667	51.716	56.87	
42453.3958333333	51.887	58.61	
42453.3020833333	51.938	64.32	
42465.3020833333	51.98	59.74	
42465.3125	51.98	58.86	
42465.3229166667	51.98	58.99	
42454.3645833333	52.124	57.99	
42457.3854166667	52.136	58.39	
42451.3645833333	52.388	57.51	
42450.4375	52.442	57.81	
42464.3333333333	52.568	57.5	
42467.34375	52.616	59.45	
42453.40625	52.652	59.17	
42465.3333333333	52.673	59.74	
42457.3958333333	52.856	58.39	
42453.4166666667	53.291	59	
42450.4479166667	53.432	59.07	
42454.375	53.522	58.43	
42457.40625	53.576	58.97	
42451.375	53.753	57.91	
42453.4270833333	53.786	57.19	
42464.34375	53.828	58.35	
42443.3229166667	54.104	60.3	
42465.34375	54.158	60.54	
42450.4583333333	54.191	58.94	
42453.4375	54.281	56.56	
42443.3125	54.374	61.22	
42454.3854166667	54.512	60.11	
42443.3333333333	54.548	60.27	
42457.4166666667	54.548	59.47	
42443.3020833333	54.644	62.27	
42450.46875	54.686	58.16	
42453.4479166667	54.776	56.03	
42494.3020833333	55.082	65.27	
42464.3541666667	55.088	59.12	
42467.3541666667	55.136	60.82	
42450.4791666667	55.181	57.82	
42451.3854166667	55.238	59.67	
42453.4583333333	55.271	56.16	
42454.3958333333	55.502	60.12	
42465.3541666667	55.643	61.44	
42450.4895833333	55.676	57.86	
42453.46875	55.766	56.21	
42443.34375	55.808	60.46	
42457.4270833333	55.808	60.31	
42494.3125	55.847	65.1	
42475.3020833333	55.94	69.37	
42475.3125	55.94	64.62	
42475.3229166667	55.94	63.79	
42450.5	56.066	58.17	
42475.3333333333	56.0920689655172	63.19	
42453.4791666667	56.261	56.82	
42450.5104166667	56.336	60.74	
42464.3645833333	56.348	60.06	
42475.34375	56.4179310344828	62.92	
42454.40625	56.492	60.79	
42450.5208333333	56.606	60.38	
42494.3229166667	56.612	64.81	
42451.3958333333	56.723	60.82	
42475.3541666667	56.7437931034483	62.69	
42453.4895833333	56.756	57.36	
42450.53125	56.876	59.5	
42461.3229166667	57.02	64.66	
42443.3541666667	57.068	60.9	
42457.4375	57.068	61.04	
42475.3645833333	57.0696551724138	62.95	
42465.3645833333	57.128	62.27	
42461.3125	57.2114893617021	64.76	
42496.3020833333	57.218	66.15	
42450.5416666667	57.377	61.83	
42453.5	57.377	57.87	
42454.4166666667	57.482	61.44	
42461.3020833333	57.4987234042553	66.46	
42461.3333333333	57.608	64.4	
42494.3333333333	57.608	64.87	
42466.3020833333	57.614	65.08	
42467.3645833333	57.656	62.11	
42464.375	57.713	61	
42475.375	57.92	63.62	
42475.3854166667	57.92	64.02	
42475.3958333333	58.0064	60.59	
42450.5520833333	58.142	61.99	
42453.5104166667	58.142	57.82	
42451.40625	58.208	60.56	
42443.3645833333	58.328	61.57	
42457.4479166667	58.328	61.61	
42466.3125	58.3565	65.11	
42454.4270833333	58.472	62.11	
42475.40625	58.6544	60.41	
42496.3125	58.703	65.38	
42465.375	58.739	63.47	
42461.34375	58.868	64.23	
42494.34375	58.868	65.35	
42450.5625	58.907	62.89	
42453.5208333333	58.907	58.51	
42466.3229166667	59	64.96	
42474.3020833333	59	69.04	
42474.3125	59	69.38	
42474.3229166667	59	65.41	
42474.3333333333	59	64.79	
42474.34375	59.1157142857143	64.73	
42468.3229166667	59.144	67.07	
42464.3854166667	59.198	62.26	
42475.4166666667	59.231	60.87	
42468.3125	59.414	68.12	
42457.4583333333	59.462	62.28	
42454.4375	59.462	62.74	
42451.4166666667	59.588	61.02	
42468.3333333333	59.588	67.02	
42466.3333333333	59.63	64.91	
42450.5729166667	59.672	62.01	
42453.53125	59.672	59.35	
42468.3020833333	59.684	70.51	
42474.3541666667	59.6942857142857	64.78	
42461.6041666667	59.711	63.33	
42475.4270833333	59.726	61.86	
42467.375	59.924	63.74	
42443.375	60.05	61.62	
42445.3020833333	60.08	66.7	
42445.3125	60.08	66.01	
42445.3229166667	60.08	66.13	
42458.3020833333	60.08	66.08	
42458.3125	60.08	65.36	
42458.3229166667	60.08	65.14	
42458.3333333333	60.08	64.87	
42458.34375	60.08	64.85	
42458.3541666667	60.08	65.26	
42458.3645833333	60.08	62.29	
42458.375	60.08	64.05	
42466.34375	60.08	64.26	
42466.3541666667	60.08	64.23	
42466.3645833333	60.08	64.38	
42466.375	60.1166666666667	64.58	
42461.3541666667	60.128	64.32	
42494.3541666667	60.128	65.72	
42453.5416666667	60.185	59.89	
42496.3229166667	60.188	65.65	
42475.4375	60.221	62.96	
42445.3333333333	60.311	65.92	
42450.5833333333	60.311	62.41	
42482.2916666667	60.311	62.07	
42453.5520833333	60.41	60.97	
42492.3020833333	60.41	67.95	
42474.3645833333	60.4261538461538	64.64	
42457.46875	60.452	63.03	
42454.4479166667	60.452	63.51	
42465.3854166667	60.494	64.63	
42453.5625	60.635	60.9	
42492.3125	60.635	67.73	
42458.3854166667	60.6575	64.37	
42466.3854166667	60.6666666666667	65.42	
42464.3958333333	60.683	62.99	
42475.4479166667	60.716	64.49	
42445.34375	60.806	65.73	
42450.59375	60.806	62.12	
42482.3020833333	60.806	67.26	
42451.4270833333	60.848	61.69	
42468.34375	60.848	66.79	
42453.5729166667	60.86	61.21	
42492.3229166667	60.86	68.13	
42495.3020833333	60.89	67.49	
42509.53125	60.9	64.4	
42473.3020833333	60.98	67.77	
42473.3125	60.98	67.32	
42473.3229166667	60.98	67.2	
42480.3333333333	60.98	66.93	
42480.34375	60.98	67.17	
42480.3541666667	60.98	66.87	
42492.3333333333	60.98	68.08	
42492.34375	60.98	67.13	
42492.3541666667	60.98	66.47	
42492.3645833333	60.98	67.43	
42509.5416666667	60.98	64.41	
42509.5729166667	60.98	64.56	
42509.5833333333	60.98	64.41	
42509.59375	60.98	64.39	
42509.6041666667	60.98	64.54	
42509.6145833333	60.98	64.44	
42474.375	61.106	64.89	
42473.3333333333	61.1342857142857	67.06	
42481.34375	61.148	67.02	
42454.4583333333	61.211	63.75	
42492.375	61.211	68.27	
42466.3958333333	61.2166666666667	64.49	
42445.3541666667	61.301	65.72	
42450.6041666667	61.301	62.41	
42482.3125	61.301	66.88	
42453.5833333333	61.337	61.47	
42509.5520833333	61.3611764705882	64.57	
42474.3854166667	61.376	65.21	
42461.3645833333	61.388	64.98	
42494.3645833333	61.388	66.09	
42509.5208333333	61.3896551724138	64.69	
42457.4791666667	61.442	62.92	
42475.4583333333	61.442	65.31	
42473.34375	61.4648979591837	66.88	
42461.59375	61.466	64.42	
42481.3541666667	61.508	66.94	
42480.3645833333	61.52	66.9	
42474.3958333333	61.646	63.87	
42454.46875	61.706	63.89	
42492.3854166667	61.706	67.68	
42509.5625	61.7276923076923	64.52	
42466.40625	61.7666666666667	64.63	
42473.3541666667	61.7955102040816	66.93	
42445.3645833333	61.796	66.04	
42450.6145833333	61.796	62.91	
42482.3229166667	61.796	67.26	
42509.625	61.82	64.79	
42480.3229166667	61.844	66.61	
42481.3645833333	61.868	67.17	
42458.3958333333	61.895	63.46	
42467.3854166667	61.904	65.08	
42474.40625	61.916	63.81	
42496.3333333333	61.925	66.11	
42509.5104166667	61.948275862069	64.73	
42473.3645833333	62.06	66.98	
42480.375	62.06	66.92	
42480.3854166667	62.06	66.71	
42480.3958333333	62.06	65.07	
42480.40625	62.06	64.57	
42481.375	62.06	67.32	
42481.3854166667	62.06	67.17	
42509.5	62.06	64.96	
42453.59375	62.102	62.25	
42451.4375	62.108	62.95	
42468.3541666667	62.108	67.02	
42450.625	62.165	63.51	
42461.375	62.165	65.32	
42473.375	62.165	67.32	
42474.4166666667	62.165	64.01	
42464.40625	62.168	63.83	
42454.4791666667	62.201	64.78	
42492.3958333333	62.201	67.51	
42465.3958333333	62.249	65.07	
42480.4166666667	62.291	65.12	
42443.3854166667	62.3	63.43	
42481.3958333333	62.3511764705882	66.04	
42466.4166666667	62.36	66.61	
42450.6354166667	62.39	63.74	
42461.3854166667	62.39	66.69	
42473.3854166667	62.39	67.89	
42474.4270833333	62.39	64.39	
42457.4895833333	62.432	63.08	
42475.46875	62.432	65.44	
42458.40625	62.45	63.89	
42481.3333333333	62.5	67.23	
42450.6458333333	62.615	65.12	
42461.3958333333	62.615	64.47	
42473.3958333333	62.615	66.09	
42474.4375	62.615	63.71	
42445.375	62.627	65.11	
42482.3333333333	62.627	67.79	
42494.375	62.627	66.59	
42454.4895833333	62.696	65	
42492.40625	62.696	67.79	
42509.4895833333	62.744	65.16	
42481.40625	62.7482352941176	67.04	
42480.4270833333	62.786	65.58	
42450.65625	62.84	66.87	
42461.40625	62.84	65.09	
42473.40625	62.84	66.58	
42474.4479166667	62.84	63.3	
42453.6041666667	62.867	62.58	
42495.3125	62.915	67.62	
42492.4166666667	62.96	67.85	
42492.4270833333	62.96	68.07	
42492.4375	62.96	68.17	
42492.4479166667	62.96	67.92	
42509.4791666667	62.96	65.47	
42510.3020833333	62.96	65.49	
42510.3125	62.96	65.36	
42510.3229166667	62.96	65.54	
42466.4270833333	63.0615384615385	67.79	
42450.6666666667	63.086	66.7	
42461.4166666667	63.086	67.23	
42461.5416666667	63.086	65.71	
42510.3333333333	63.086	65.72	
42509.46875	63.1142857142857	65.79	
42509.6354166667	63.158	65.34	
42454.5	63.191	65.27	
42461.5833333333	63.221	65.55	
42461.53125	63.224	65.92	
42474.4583333333	63.2613043478261	63.55	
42480.4375	63.281	66.47	
42457.5	63.317	63.19	
42450.6770833333	63.356	66.81	
42461.4270833333	63.356	67.22	
42461.5520833333	63.356	65.55	
42510.34375	63.356	65.79	
42451.4479166667	63.368	63.97	
42468.3645833333	63.368	67.39	
42458.4166666667	63.422	64.31	
42475.4791666667	63.422	65.81	
42481.4166666667	63.422	67.43	
42492.4583333333	63.422	68.17	
42473.4166666667	63.455	66.05	
42464.4166666667	63.548	64.67	
42450.6875	63.626	66.88	
42461.4375	63.626	66.85	
42461.5625	63.626	65.84	
42510.3541666667	63.626	65.93	
42453.6145833333	63.632	62.67	
42454.5104166667	63.686	65.7	
42461.5208333333	63.719	66.56	
42480.4479166667	63.776	66.34	
42445.3854166667	63.842	66.57	
42482.34375	63.842	67.83	
42494.3854166667	63.842	67.1	
42467.3958333333	63.884	65.41	
42450.6979166667	63.896	66.69	
42461.4479166667	63.896	66.9	
42461.5729166667	63.896	65.88	
42510.3645833333	63.896	66.24	
42474.46875	63.9069565217391	64.15	
42496.34375	63.95	66.59	
42465.40625	64.004	65.44	
42450.7083333333	64.04	67.1	
42450.71875	64.04	67.57	
42450.7291666667	64.04	67.47	
42479.3020833333	64.04	67.32	
42487.3020833333	64.04	67.51	
42487.3125	64.04	65.02	
42487.3229166667	64.04	67.49	
42509.3020833333	64.04	68.04	
42509.3125	64.04	67.6	
42510.375	64.04	64.63	
42508.3541666667	64.0636842105263	67.49	
42457.5104166667	64.082	63.03	
42480.3125	64.13	63.96	
42509.3229166667	64.13	67.19	
42453.625	64.145	63.99	
42461.4583333333	64.145	66.85	
42480.4583333333	64.145	62.75	
42454.5208333333	64.181	66.39	
42479.3125	64.2025806451613	63.93	
42510.3854166667	64.2123404255319	66.96	
42461.5104166667	64.214	66.36	
42509.3333333333	64.2823076923077	66.92	
42509.4583333333	64.31	66.13	
42453.6354166667	64.37	64.05	
42461.46875	64.37	66.58	
42480.46875	64.37	65.37	
42451.4583333333	64.376	64.22	
42487.3333333333	64.376	68.48	
42479.3229166667	64.3767741935484	67.91	
42453.7291666667	64.385	66.35	
42458.4270833333	64.412	65.35	
42475.4895833333	64.412	66.32	
42481.4270833333	64.412	67.2	
42492.46875	64.412	68.74	
42508.34375	64.4189473684211	67.63	
42481.3229166667	64.4925714285714	67.94	
42510.3958333333	64.4995744680851	65.02	
42468.375	64.502	67.29	
42473.4270833333	64.5157142857143	66.69	
42443.3958333333	64.55	65.29	
42474.4791666667	64.5526086956522	64.5	
42466.4375	64.5846153846154	68.39	
42453.6458333333	64.595	63.84	
42461.4791666667	64.595	66.07	
42480.4791666667	64.595	66.46	
42453.71875	64.61	65.34	
42508.3645833333	64.6127272727273	67.6	
42509.6458333333	64.643	66.22	
42454.53125	64.676	66.5	
42461.5	64.709	66.56	
42508.3333333333	64.7742105263158	67.39	
42510.40625	64.7868085106383	61.2	
42509.34375	64.8015384615385	66.82	
42464.4270833333	64.808	65.56	
42453.65625	64.82	63.93	
42461.4895833333	64.82	66.37	
42480.4895833333	64.82	63.65	
42453.7083333333	64.835	64.61	
42457.5208333333	64.847	64.41	
42444.3020833333	64.94	65.78	
42444.3125	64.94	65.36	
42444.3229166667	64.94	67.52	
42447.3020833333	64.94	67.18	
42447.3125	64.94	67.61	
42447.3229166667	64.94	68.07	
42452.3020833333	64.94	68.64	
42452.3125	64.94	68.44	
42452.3229166667	64.94	68.31	
42452.3333333333	64.94	68.39	
42453.6666666667	64.94	65.86	
42453.6770833333	64.94	64.76	
42453.6875	64.94	64.64	
42453.6979166667	64.94	64.4	
42472.3333333333	64.94	68.52	
42472.34375	64.94	68.97	
42472.3541666667	64.94	69.25	
42472.3645833333	64.94	69.51	
42472.375	64.94	69.72	
42472.3854166667	64.94	68.57	
42472.3958333333	64.94	64.05	
42472.40625	64.94	63.14	
42472.4166666667	64.94	67.62	
42473.4375	64.94	64	
42473.4479166667	64.94	59.73	
42479.3333333333	64.94	68.76	
42479.34375	64.94	69.11	
42479.3541666667	64.94	68.71	
42495.3229166667	64.94	67.87	
42509.3541666667	64.94	66.85	
42509.3645833333	64.94	66.86	
42509.375	64.94	66.26	
42509.3854166667	64.94	66.27	
42509.3958333333	64.94	66.31	
42509.40625	64.94	66.63	
42509.4166666667	64.94	66.54	
42509.4270833333	64.94	66.58	
42509.4375	64.94	66.47	
42509.4479166667	64.94	66.54	
42445.3958333333	65.057	66.98	
42482.3541666667	65.057	68.27	
42494.3958333333	65.057	67.72	
42452.34375	65.06	68.29	
42444.3333333333	65.066	68.02	
42447.3333333333	65.066	68.03	
42454.5416666667	65.066	66.89	
42473.4583333333	65.066	63.54	
42480.5	65.066	59.52	
42472.3229166667	65.084	67.17	
42451.46875	65.096	64.9	
42487.34375	65.096	69.36	
42472.4270833333	65.1305882352941	67.71	
42481.5	65.171	63.16	
42492.625	65.171	64.96	
42492.6145833333	65.204	67.58	
42508.3229166667	65.21	67.47	
42508.375	65.2413043478261	67.82	
42510.4166666667	65.2413043478261	60.21	
42481.4895833333	65.2485714285714	67.57	
42444.34375	65.336	68.03	
42447.34375	65.336	67.58	
42454.5520833333	65.336	65.36	
42473.46875	65.336	65.58	
42480.5104166667	65.336	64.62	
42481.3125	65.3411428571429	64.48	
42472.3125	65.354	64.26	
42458.4375	65.402	66.25	
42481.4375	65.402	68.16	
42492.4791666667	65.402	69.44	
42474.4895833333	65.4028571428571	66.12	
42468.3854166667	65.492	68.49	
42444.3541666667	65.606	67.89	
42447.3541666667	65.606	67.47	
42454.5625	65.606	66.17	
42473.4791666667	65.606	66.99	
42480.5208333333	65.606	66.77	
42472.4375	65.6070588235294	67.83	
42457.53125	65.612	64.85	
42472.3020833333	65.624	66.58	
42465.4166666667	65.654	65.96	
42481.5104166667	65.666	60.54	
42492.6354166667	65.666	64.21	
42475.5	65.696	66.73	
42492.6041666667	65.699	69.88	
42508.3125	65.71625	65.65	
42451.4791666667	65.816	65.65	
42487.3541666667	65.816	69.73	
42481.4791666667	65.8271428571429	68.81	
42479.3645833333	65.8563636363636	69.03	
42467.40625	65.864	66.36	
42444.3645833333	65.876	68.04	
42447.3645833333	65.876	67.47	
42454.5729166667	65.876	66.33	
42473.4895833333	65.876	67.9	
42480.53125	65.876	65.24	
42508.3854166667	65.8869565217391	68.16	
42510.4270833333	65.8869565217391	59.84	
42496.3541666667	65.975	67.44	
42452.3541666667	66.02	67.32	
42452.3645833333	66.02	66.97	
42472.4479166667	66.02	68.05	
42472.4583333333	66.02	64.15	
42472.46875	66.02	60.66	
42472.4791666667	66.02	64.15	
42472.4895833333	66.02	66.94	
42478.3333333333	66.02	67.84	
42478.34375	66.02	67.95	
42478.3541666667	66.02	68.01	
42478.3645833333	66.02	68.03	
42478.375	66.02	67.94	
42478.3854166667	66.02	68.3	
42478.3958333333	66.02	68.13	
42478.4166666667	66.02	68.48	
42478.4270833333	66.02	68.34	
42478.4375	66.02	68.04	
42478.4479166667	66.02	68.12	
42479.375	66.02	68.82	
42481.3020833333	66.02	67.05	
42507.3020833333	66.02	70.37	
42507.3125	66.02	69.85	
42508.2916666667	66.02	65.91	
42508.3020833333	66.02	66.74	
42517.4166666667	66.02	66.58	
42517.4270833333	66.02	66.58	
42517.4375	66.02	66.82	
42517.4583333333	66.02	66.97	
42517.46875	66.02	67.2	
42517.4791666667	66.02	66.58	
42517.5	66.02	66.24	
42517.5625	66.02	66.49	
42517.5729166667	66.02	66.47	
42517.5833333333	66.02	66.49	
42492.5104166667	66.0430769230769	64.85	
42464.4375	66.068	66.28	
42517.5104166667	66.0858536585366	66.72	
42517.4895833333	66.092	66.35	
42517.4479166667	66.0971428571429	66.99	
42466.4479166667	66.1076923076923	68.72	
42473.5	66.125	62.24	
42474.5833333333	66.125	67.74	
42509.65625	66.128	66.51	
42472.5	66.146	65.25	
42481.5208333333	66.161	58.41	
42492.6458333333	66.161	65.86	
42478.40625	66.1723076923077	68.48	
42492.59375	66.194	68.53	
42452.375	66.2052941176471	65.45	
42444.375	66.251	67.27	
42454.5833333333	66.251	66.69	
42474.5	66.251	67.55	
42445.40625	66.272	67.22	
42482.3645833333	66.272	68.57	
42494.40625	66.272	68.23	
42492.6979166667	66.2744827586207	69.68	
42474.5729166667	66.284	67.24	
42481.46875	66.30125	68.91	
42517.5520833333	66.32	66.56	
42473.5104166667	66.35	60.07	
42474.59375	66.35	63.37	
42492.7291666667	66.365	69.29	
42517.6041666667	66.3721739130435	66.54	
42457.5416666667	66.377	65.96	
42492.5208333333	66.3892307692308	67.61	
42447.375	66.3905882352941	66.17	
42458.4479166667	66.392	67.2	
42481.4479166667	66.392	68.58	
42492.4895833333	66.392	68.32	
42517.5208333333	66.4151219512195	66.96	
42472.5104166667	66.416	61.43	
42478.3229166667	66.4273684210526	67.27	
42492.6875	66.4606896551724	69.49	
42478.4583333333	66.47	68.76	
42517.59375	66.47	66.56	
42468.3958333333	66.482	68.42	
42480.5416666667	66.482	61.69	
42507.3229166667	66.52	69.92	
42517.40625	66.5272727272727	66.87	
42508.3958333333	66.5326086956522	68.5	
42510.4375	66.5326086956522	60.46	
42451.4895833333	66.536	65.52	
42487.3645833333	66.536	70.36	
42473.5208333333	66.575	58.77	
42474.6041666667	66.575	61.87	
42479.3854166667	66.5803773584906	68.87	
42492.71875	66.59	69.11	
42452.3854166667	66.6023529411765	68.64	
42495.3333333333	66.608	68.39	
42492.5	66.62	65.12	
42492.6770833333	66.6468965517241	69.4	
42481.53125	66.656	59.4	
42492.65625	66.656	67.54	
42475.5104166667	66.68	67.51	
42472.5208333333	66.686	59.26	
42492.5833333333	66.689	66.81	
42481.4583333333	66.723125	68.62	
42517.5416666667	66.7290909090909	66.86	
42492.53125	66.7353846153846	69.37	
42517.53125	66.7443902439024	66.96	
42444.3854166667	66.746	67.71	
42454.59375	66.746	65.99	
42474.5104166667	66.746	68.31	
42474.5625	66.779	66.04	
42443.40625	66.8	66.73	
42473.53125	66.8	58.02	
42474.6145833333	66.8	65.22	
42492.7083333333	66.815	68.96	
42492.6666666667	66.8331034482759	68.66	
42458.5520833333	66.92	66	
42458.5625	66.92	66.85	
42458.5729166667	66.92	66.61	
42473.5416666667	66.92	58.82	
42474.625	66.92	67.59	
42474.6354166667	66.92	68	
42474.6458333333	66.92	68.39	
42474.65625	66.92	67.14	
42474.6666666667	66.92	65.96	
42474.6770833333	66.92	66.8	
42474.6875	66.92	68.72	
42474.6979166667	66.92	68.96	
42474.7083333333	66.92	69.09	
42474.71875	66.92	68.27	
42474.7291666667	66.92	68.09	
42478.3020833333	66.92	69.05	
42478.3125	66.92	67.5	
42478.46875	66.92	68.3	
42481.5416666667	66.92	61.2	
42481.5520833333	66.92	65.3	
42492.5416666667	66.92	69.41	
42492.5520833333	66.92	69.4	
42492.5625	66.92	69.11	
42492.5729166667	66.92	66.81	
42507.3333333333	66.92	66.63	
42507.34375	66.92	63.94	
42507.3541666667	66.92	68.04	
42507.3645833333	66.92	68.81	
42508.40625	66.92	68.65	
42510.4479166667	66.92	60.47	
42517.3854166667	66.92	67.49	
42517.3958333333	66.92	67.04	
42473.7083333333	67.046	68.35	
42508.4166666667	67.046	68.72	
42517.3333333333	67.046	68.24	
42452.3958333333	67.055	66.82	
42473.6979166667	67.064	68.48	
42517.2916666667	67.0712	65.81	
42507.375	67.084347826087	69.05	
42447.3854166667	67.1276923076923	67.51	
42472.53125	67.136	57.87	
42479.3958333333	67.1407547169811	66.27	
42457.5520833333	67.142	64.68	
42473.5520833333	67.1624489795918	60.82	
42509.6666666667	67.172	67.01	
42465.4270833333	67.184	67.13	
42458.4583333333	67.2224	66.37	
42444.3958333333	67.241	67.74	
42454.6041666667	67.241	65.92	
42474.5208333333	67.241	64.85	
42474.5520833333	67.274	63.74	
42451.5	67.277	64.47	
42487.375	67.277	66.87	
42473.71875	67.316	68.47	
42508.4270833333	67.316	68.83	
42517.34375	67.316	67.89	
42464.4479166667	67.328	67.22	
42473.6875	67.334	68.84	
42478.4791666667	67.352	67.97	
42517.3020833333	67.3952	69.73	
42494.4166666667	67.403	67.82	
42510.4583333333	67.4181395348837	60.73	
42507.3854166667	67.4365217391304	68.65	
42468.40625	67.472	69.29	
42480.5520833333	67.472	59.57	
42473.5625	67.4930612244898	63.53	
42458.5833333333	67.5015384615385	64.94	
42475.5208333333	67.505	67.67	
42482.375	67.508	68.27	
42473.7291666667	67.586	68.47	
42508.4375	67.586	69.12	
42517.3541666667	67.586	67.91	
42473.6770833333	67.604	69.39	
42517.375	67.622	67.81	
42445.4166666667	67.634	65.14	
42466.4583333333	67.634	69.73	
42479.40625	67.7011320754717	64.08	
42509.6770833333	67.712	66.51	
42517.3125	67.7192	68.8	
42452.40625	67.73	67.14	
42444.40625	67.736	67.84	
42474.53125	67.736	60.69	
42467.4166666667	67.739	66.26	
42447.3958333333	67.7507692307692	67.43	
42474.5416666667	67.769	58.01	
42517.3229166667	67.784	68.53	
42507.3958333333	67.7886956521739	68.49	
42478.4895833333	67.8148571428572	67.52	
42473.5729166667	67.8236734693878	65.46	
42508.4479166667	67.856	68.48	
42517.3645833333	67.856	68.02	
42495.34375	67.868	68.72	
42458.46875	67.8704	66.82	
42473.6666666667	67.874	68.51	
42457.5625	67.907	64.76	
42446.3020833333	68	65.38	
42446.3125	68	65.79	
42446.3229166667	68	68.18	
42446.3333333333	68	68.49	
42446.34375	68	68.06	
42446.3541666667	68	67.95	
42473.5833333333	68	66.22	
42473.59375	68	66.5	
42473.6041666667	68	68.41	
42473.6145833333	68	69.26	
42473.625	68	69.79	
42473.6354166667	68	68.96	
42473.6458333333	68	68.12	
42473.65625	68	67.02	
42478.5	68	65.64	
42481.5625	68	67.06	
42488.3020833333	68	69.26	
42488.3125	68	68.74	
42488.3229166667	68	68.97	
42496.3645833333	68	68.63	
42506.3020833333	68	68.67	
42506.3125	68	66.17	
42506.3229166667	68	65.43	
42506.3333333333	68	69.1	
42506.34375	68	70.46	
42506.3541666667	68	66.99	
42506.3645833333	68	64.91	
42507.40625	68	68.47	
42507.4166666667	68	68.76	
42524.3020833333	68	67.44	
42451.5104166667	68.042	65.22	
42487.3854166667	68.042	64.22	
42501.3020833333	68.042	67.86	
42472.5416666667	68.126	59.96	
42508.4583333333	68.126	69.28	
42478.5208333333	68.144	67.19	
42447.40625	68.216	67.56	
42444.4166666667	68.231	67.74	
42488.3333333333	68.231	69.36	
42506.375	68.231	67.21	
42452.4166666667	68.252	66.76	
42509.6875	68.252	66.47	
42483.9270833333	68.288	76.61	
42458.5416666667	68.324	64.41	
42468.4166666667	68.357	69.74	
42458.59375	68.3791489361702	62.55	
42472.5520833333	68.396	65.86	
42508.46875	68.396	69.21	
42494.4270833333	68.438	67.72	
42480.5625	68.462	63.14	
42475.53125	68.4628571428571	66.62	
42510.46875	68.4855813953488	60.72	
42458.4791666667	68.5184	66.45	
42464.4583333333	68.588	67.85	
42472.5625	68.666	67.26	
42508.4791666667	68.666	68.57	
42457.5729166667	68.672	67.11	
42479.4166666667	68.693	66.39	
42465.4375	68.714	65.04	
42446.3645833333	68.72	67.95	
42444.4270833333	68.726	67.91	
42488.34375	68.726	69.52	
42499.3020833333	68.726	72.54	
42506.3854166667	68.726	69.57	
42482.3854166667	68.768	66.82	
42452.4270833333	68.792	63.62	
42509.6979166667	68.792	66.96	
42451.5208333333	68.807	65.88	
42487.3958333333	68.807	61.69	
42501.3125	68.807	64.54	
42443.4166666667	68.819	67.97	
42483.9166666667	68.828	76.68	
42472.5729166667	68.936	66.17	
42508.4895833333	68.936	68.7	
42478.5104166667	68.9818181818182	63.37	
42458.6041666667	69.0110638297872	59.79	
42446.375	69.08	66.94	
42458.4895833333	69.08	67.24	
42458.5	69.08	64.54	
42458.5104166667	69.08	60.74	
42458.5208333333	69.08	58.77	
42458.53125	69.08	57.76	
42472.5833333333	69.08	64.49	
42472.59375	69.08	62.54	
42472.6041666667	69.08	59.36	
42472.6145833333	69.08	62.34	
42472.625	69.08	66.17	
42472.6354166667	69.08	67.01	
42472.6458333333	69.08	63.57	
42472.65625	69.08	60.53	
42478.5416666667	69.08	62.47	
42498	69.08	77.04	
42523.3645833333	69.08	67.47	
42524.3333333333	69.08	69.16	
42507.4270833333	69.1207547169811	68.45	
42468.4270833333	69.122	68.81	
42495.3541666667	69.128	69.06	
42445.4270833333	69.164	68.13	
42466.46875	69.164	68.43	
42472.6666666667	69.185	58.54	
42508.5	69.185	69.76	
42524.3125	69.1952	67.32	
42460.3229166667	69.2	66.71	
42497.9895833333	69.2	77.25	
42444.4375	69.221	68.01	
42488.3541666667	69.221	69.78	
42499.3125	69.221	69.8	
42506.3958333333	69.221	70.14	
42485.3333333333	69.2375	72.15	
42478.53125	69.26	68.03	
42457.5833333333	69.311	66.54	
42523.375	69.311	67.59	
42510.9895833333	69.344	63.25	
42485.3020833333	69.3531034482759	72.24	
42472.6770833333	69.41	63.8	
42508.5104166667	69.41	68.92	
42460.3333333333	69.416	68.71	
42475.5416666667	69.416	67.34	
42460.3125	69.425	64.95	
42472.7291666667	69.425	68.86	
42497.9791666667	69.425	77.33	
42480.5729166667	69.452	66.42	
42483.90625	69.464	76.73	
42494.4375	69.473	68.53	
42467.4270833333	69.494	65.87	
42485.3125	69.5393103448276	72.08	
42447.4166666667	69.542	67.69	
42510.4791666667	69.553023255814	60.77	
42446.3854166667	69.5675	67.89	
42451.53125	69.572	65.77	
42487.40625	69.572	65.91	
42501.3229166667	69.572	68.37	
42485.34375	69.575	72.22	
42478.5520833333	69.5886956521739	59.22	
42524.3229166667	69.6272	68.81	
42472.6875	69.635	66.11	
42508.5208333333	69.635	69.51	
42458.6145833333	69.6429787234043	60.21	
42496.375	69.647	68.13	
42460.3020833333	69.65	67.96	
42472.71875	69.65	68.6	
42497.96875	69.65	77.39	
42509.7083333333	69.71	66.86	
42444.4479166667	69.716	67.77	
42488.3645833333	69.716	69.68	
42499.3229166667	69.716	67.44	
42506.40625	69.716	68.19	
42524.34375	69.7228571428572	68.82	
42485.3229166667	69.7255172413793	72.02	
42452.4375	69.752	61.19	
42457.59375	69.806	66.07	
42523.3854166667	69.806	68.24	
42510.9791666667	69.839	63.46	
42464.46875	69.848	66.64	
42472.6979166667	69.86	67.79	
42508.53125	69.86	69.81	
42458.7291666667	69.8651724137931	67.28	
42472.7083333333	69.875	68.89	
42497.9583333333	69.875	77.43	
42468.4375	69.887	68.7	
42458.6979166667	69.89	65.94	
42458.71875	69.911724137931	65.53	
42485.3541666667	69.9125	72.34	
42458.7083333333	69.958275862069	65.89	
42480.3020833333	69.98	67.41	
42506.4166666667	69.98	65.78	
42506.4270833333	69.98	65.79	
42506.4375	69.98	69.17	
42506.4479166667	69.98	69.98	
42506.4583333333	69.98	68.74	
42506.46875	69.98	66.39	
42506.4791666667	69.98	68.05	
42506.4895833333	69.98	69.76	
42509.71875	69.98	67.21	
42510.4895833333	69.98	60.76	
42481.5729166667	69.995652173913	65.62	
42482.3958333333	70.028	61.04	
42524.3541666667	70.0536363636364	68.51	
42480.5833333333	70.106	66.49	
42460.34375	70.136	69.27	
42475.5520833333	70.136	68.22	
42446.3958333333	70.14	67.89	
42471.3333333333	70.1558139534884	69.6	
42483.8958333333	70.184	76.78	
42444.4583333333	70.2090909090909	67.82	
42487.4166666667	70.211	66.19	
42501.3333333333	70.211	69.28	
42503.2916666667	70.211	66.54	
42458.6875	70.2275	65.35	
42507.4375	70.2415094339623	68.48	
42465.4479166667	70.244	65.46	
42479.4270833333	70.2581818181818	67.77	
42457.6041666667	70.301	66.99	
42523.3958333333	70.301	67.82	
42509.7291666667	70.3294117647059	67.51	
42510.96875	70.334	63.64	
42451.5416666667	70.337	65.11	
42488.375	70.337	69.37	
42499.3333333333	70.337	66.41	
42508.5416666667	70.337	69.41	
42480.59375	70.376	68.89	
42458.625	70.3778947368421	66.33	
42495.3645833333	70.388	68.57	
42497.9479166667	70.388	77.51	
42510.5	70.442	60.86	
42494.4479166667	70.508	68.21	
42506.5	70.52	69.02	
42447.4270833333	70.532	67.5	
42471.34375	70.5325581395349	69.55	
42458.6770833333	70.565	61.69	
42443.4270833333	70.574	66.82	
42485.3645833333	70.628	72.74	
42478.5625	70.6376923076923	64.56	
42480.6041666667	70.646	68.66	
42468.4479166667	70.652	68.57	
42445.4375	70.694	66.26	
42466.4791666667	70.694	68.57	
42444.46875	70.7	67.82	
42487.4270833333	70.706	63.03	
42501.34375	70.706	68.97	
42503.3020833333	70.706	67.34	
42446.40625	70.74	67.86	
42471.3229166667	70.7654545454545	67.61	
42457.6145833333	70.796	67.94	
42523.40625	70.796	67.5	
42510.9583333333	70.829	63.83	
42460.3541666667	70.856	69.22	
42475.5625	70.856	67.17	
42496.3854166667	70.862	67.86	
42458.6666666667	70.9025	59.41	
42483.8854166667	70.904	76.87	
42471.3541666667	70.9093023255814	69.29	
42480.6145833333	70.916	69.04	
42502.3020833333	70.948	67.33	
42522.3020833333	71.0130434782609	66.62	
42458.6354166667	71.06	67.37	
42458.6458333333	71.06	62.68	
42458.65625	71.06	61.34	
42459.2916666667	71.06	65.92	
42459.3020833333	71.06	69.98	
42459.3125	71.06	69.18	
42459.3229166667	71.06	69.03	
42459.3333333333	71.06	69.22	
42459.34375	71.06	69.14	
42459.3541666667	71.06	69.19	
42471.3020833333	71.06	67.83	
42471.3125	71.06	65.17	
42471.375	71.06	67.09	
42471.3854166667	71.06	66.27	
42471.3958333333	71.06	63.86	
42471.40625	71.06	63.82	
42510.9166666667	71.06	64.68	
42510.9270833333	71.06	64.22	
42510.9375	71.06	64.37	
42510.9479166667	71.06	64.21	
42516.6145833333	71.06	67.19	
42516.6770833333	71.06	67.83	
42516.6875	71.06	67.72	
42516.6979166667	71.06	67.84	
42516.7083333333	71.06	67.71	
42516.71875	71.06	67.56	
42516.7291666667	71.06	67.44	
42523.4166666667	71.06	67.38	
42523.4270833333	71.06	67.67	
42523.4375	71.06	67.67	
42523.4479166667	71.06	67.74	
42451.5520833333	71.102	65.84	
42488.3854166667	71.102	66.95	
42499.34375	71.102	65.89	
42508.5520833333	71.102	69.05	
42464.4791666667	71.108	67.22	
42497.9375	71.153	77.57	
42524.3645833333	71.1581818181818	68.71	
42446.4166666667	71.165	67.84	
42452.4479166667	71.192	59.14	
42471.4166666667	71.2	64.1	
42487.4375	71.201	62.24	
42501.3541666667	71.201	68.88	
42503.3125	71.201	64.54	
42467.4375	71.249	65.24	
42513.3020833333	71.2721428571429	68.16	
42482.40625	71.288	60.54	
42481.5833333333	71.291	63.07	
42485.375	71.291	72.95	
42524.375	71.291	67.97	
42510.90625	71.324	65.01	
42444.4791666667	71.3533333333333	68.08	
42523.3541666667	71.357	68.44	
42507.4479166667	71.3622641509434	68.63	
42471.3645833333	71.384	68.01	
42446.4270833333	71.39	67.77	
42457.625	71.396	67.87	
42465.4583333333	71.396	65.66	
42468.4583333333	71.396	68.61	
42494.4583333333	71.396	68.49	
42513.3125	71.4167857142857	65.95	
42510.5104166667	71.432	60.39	
42527.3020833333	71.432	71.36	
42480.625	71.48	69.76	
42471.4270833333	71.5	68.36	
42516.625	71.51	67.34	
42447.4375	71.522	67.76	
42495.375	71.522	68.19	
42506.5104166667	71.5608695652174	67.18	
42513.3229166667	71.5614285714286	65.07	
42460.3645833333	71.576	69.37	
42475.5729166667	71.576	67.43	
42516.6666666667	71.5894117647059	67.81	
42502.3125	71.608	65.17	
42446.4375	71.615	68.07	
42459.3645833333	71.6171428571429	68.88	
42483.875	71.624	76.94	
42516.65625	71.6514285714286	67.86	
42523.4583333333	71.6626086956522	67.89	
42487.4479166667	71.696	61.09	
42501.3645833333	71.696	68.93	
42503.3229166667	71.696	68.71	
42471.4479166667	71.75	68.25	
42481.59375	71.786	61.18	
42485.3854166667	71.786	73.01	
42524.3854166667	71.786	68.57	
42471.4375	71.8	69.51	
42508.7291666667	71.819	68.82	
42510.8958333333	71.819	65.37	
42446.4479166667	71.84	68.01	
42451.5625	71.867	66.27	
42488.3958333333	71.867	65.04	
42499.3541666667	71.867	65.41	
42508.5625	71.867	68.09	
42516.6458333333	71.9085714285714	68.02	
42497.9270833333	71.918	77.64	
42452.4583333333	71.96	64.1	
42452.46875	71.96	66.73	
42452.4791666667	71.96	67.76	
42452.4895833333	71.96	67.73	
42452.5	71.96	67.62	
42459.375	71.96	69.12	
42459.3854166667	71.96	69.47	
42459.3958333333	71.96	68.89	
42459.40625	71.96	67.5	
42471.4583333333	71.96	66.4	
42516.4895833333	71.96	68.27	
42516.5	71.96	68.19	
42516.5833333333	71.96	66.79	
42516.59375	71.96	67.65	
42516.6041666667	71.96	67.82	
42516.6354166667	71.96	67.72	
42520.3020833333	71.96	68.76	
42520.3125	71.96	66.64	
42520.3229166667	71.96	65.34	
42496.3958333333	72.077	68.51	
42459.4166666667	72.086	64.37	
42457.6354166667	72.116	67.82	
42465.46875	72.116	64.97	
42468.46875	72.116	68.76	
42494.46875	72.116	68.25	
42480.6354166667	72.17	69.96	
42446.4583333333	72.191	68.08	
42475.5833333333	72.191	67.57	
42501.375	72.191	68.76	
42503.3333333333	72.191	69.81	
42520.3333333333	72.191	69.03	
42452.5104166667	72.2227027027027	63.07	
42445.4479166667	72.224	67.02	
42466.4895833333	72.224	66.02	
42521.3020833333	72.2352941176471	67.71	
42522.3125	72.2652173913043	68.52	
42513.3333333333	72.275	69.38	
42481.6041666667	72.281	58.78	
42485.3958333333	72.281	73.31	
42524.3958333333	72.281	68.88	
42508.71875	72.314	69.11	
42510.8854166667	72.314	66.79	
42460.375	72.317	69.94	
42471.46875	72.32	63.88	
42443.4375	72.329	67.14	
42479.4375	72.3445454545455	67.17	
42459.4270833333	72.356	63.21	
42483.8645833333	72.368	77.01	
42464.4895833333	72.368	66.12	
42478.5833333333	72.422	68.75	
42482.4166666667	72.422	67.96	
42487.4583333333	72.422	61.59	
42510.5208333333	72.422	61.86	
42527.3125	72.422	70.84	
42479.4479166667	72.44	63.06	
42444.4895833333	72.4533333333333	67.95	
42507.4583333333	72.47	68.78	
42506.5208333333	72.5	67.65	
42447.4479166667	72.512	67.64	
42495.3854166667	72.512	68.51	
42521.3125	72.5529411764706	66	
42478.5729166667	72.6107692307692	66.71	
42480.6458333333	72.62	68.09	
42459.4375	72.626	62.14	
42451.5729166667	72.632	67.1	
42488.40625	72.632	64.11	
42499.3645833333	72.632	64.84	
42508.5729166667	72.632	69.02	
42497.9166666667	72.683	77.69	
42446.46875	72.686	67.97	
42475.59375	72.686	68.02	
42501.3854166667	72.686	68.63	
42503.34375	72.686	69.94	
42520.34375	72.686	70.32	
42479.4583333333	72.716	60.72	
42481.6145833333	72.776	65.57	
42485.40625	72.776	73.1	
42524.40625	72.776	69.29	
42508.7083333333	72.809	69.32	
42510.875	72.809	66.23	
42471.4791666667	72.8109090909091	62.54	
42516.5104166667	72.824	68.25	
42457.6458333333	72.836	68.14	
42465.4791666667	72.836	64.98	
42468.4791666667	72.836	68.02	
42494.4791666667	72.836	68.61	
42514.3020833333	72.84	67.2	
42521.3229166667	72.8705882352941	69.34	
42502.3229166667	72.8763636363636	69.06	
42459.4479166667	72.896	60.47	
42513.34375	72.95	70.03	
42523.46875	72.9539130434783	68.19	
42467.4479166667	73.004	65.44	
42451.5833333333	73.04	67.69	
42451.59375	73.04	65.04	
42451.6041666667	73.04	60.84	
42451.6145833333	73.04	66.46	
42451.625	73.04	67.09	
42451.6354166667	73.04	65.15	
42451.6458333333	73.04	62.32	
42451.65625	73.04	60.27	
42451.6666666667	73.04	57.54	
42451.6770833333	73.04	68.57	
42451.6875	73.04	65.32	
42451.6979166667	73.04	65.38	
42451.7083333333	73.04	68.62	
42451.71875	73.04	69.2	
42451.7291666667	73.04	69.18	
42459.4583333333	73.04	63.32	
42459.46875	73.04	66.61	
42459.4791666667	73.04	67.26	
42459.4895833333	73.04	67.65	
42459.5	73.04	67.91	
42459.5104166667	73.04	64.62	
42459.5208333333	73.04	62.37	
42459.53125	73.04	61.62	
42459.5416666667	73.04	60.92	
42459.5520833333	73.04	59.96	
42471.4895833333	73.04	62.86	
42485.4166666667	73.04	73.06	
42508.5833333333	73.04	69.63	
42514.3125	73.04	65.16	
42516.4166666667	73.04	68.96	
42516.5520833333	73.04	67.67	
42516.5625	73.04	67.68	
42523.3020833333	73.04	67.03	
42523.3125	73.04	67.91	
42523.3229166667	73.04	68.89	
42523.3333333333	73.04	68.67	
42523.34375	73.04	68.31	
42524.4166666667	73.04	69.45	
42524.4270833333	73.04	69.66	
42460.3854166667	73.082	69.27	
42483.8541666667	73.133	77.09	
42516.4270833333	73.1347368421053	69.04	
42445.4583333333	73.145	67.47	
42466.5	73.145	62.16	
42490.9895833333	73.16	75.67	
42497.90625	73.16	77.74	
42459.5625	73.1733333333333	61.36	
42446.4791666667	73.181	67.36	
42475.6041666667	73.181	67.42	
42501.3958333333	73.181	68.58	
42503.3541666667	73.181	69.87	
42520.3541666667	73.181	69.56	
42513.3541666667	73.18625	69.87	
42471.5	73.186511627907	67.59	
42480.65625	73.26	65.95	
42502.3333333333	73.271	69.18	
42521.3333333333	73.271	69.69	
42516.5729166667	73.2729411764706	66.68	
42496.40625	73.292	68.94	
42447.4583333333	73.3006896551724	67.62	
42508.6979166667	73.304	69.34	
42513.3645833333	73.355	69.85	
42445.46875	73.37	66.67	
42466.5104166667	73.37	60.92	
42486.3020833333	73.37	69.29	
42464.5	73.376	66.53	
42499.375	73.376	63.87	
42508.59375	73.3828571428571	69.46	
42457.7291666667	73.385	68.42	
42490.9791666667	73.385	75.7	
42497.8958333333	73.385	77.81	
42478.59375	73.412	69.17	
42482.4270833333	73.412	69.51	
42487.46875	73.412	68.14	
42510.53125	73.412	62.92	
42527.3229166667	73.412	70.88	
42510.8645833333	73.424	61.12	
42522.3229166667	73.4257142857143	69.04	
42506.53125	73.4391304347826	69.86	
42513.375	73.4476470588235	69.83	
42471.5729166667	73.4558620689655	64.47	
42471.5104166667	73.5004651162791	65.41	
42495.3958333333	73.502	68.83	
42481.625	73.502	68.12	
42531.2916666667	73.535	66.27	
42452.5208333333	73.5362162162162	60.74	
42523.4791666667	73.5542857142857	67.96	
42457.65625	73.556	68.29	
42465.4895833333	73.556	65.61	
42468.4895833333	73.556	68.23	
42494.4895833333	73.556	68.61	
42444.5	73.5569230769231	68.04	
42507.46875	73.5628571428571	68.76	
42445.4791666667	73.595	66.31	
42466.5208333333	73.595	61.25	
42486.3125	73.595	67.27	
42471.5625	73.5955172413793	59.96	
42514.3229166667	73.5971428571429	67.77	
42457.71875	73.61	68.17	
42490.96875	73.61	75.74	
42497.8854166667	73.61	77.87	
42524.4375	73.6571428571429	69.14	
42459.5729166667	73.6733333333333	65.79	
42446.4895833333	73.676	68.34	
42501.40625	73.676	68.98	
42503.3645833333	73.676	68.76	
42520.3645833333	73.676	67.97	
42471.5520833333	73.7351724137931	61.83	
42520.40625	73.76	68.97	
42502.34375	73.766	69.06	
42521.34375	73.766	69.52	
42508.6875	73.799	69.21	
42485.4270833333	73.8064516129032	71.1	
42488.4166666667	73.81	63.75	
42471.5208333333	73.8144186046512	63.56	
42445.4895833333	73.82	67.73	
42466.53125	73.82	59.74	
42486.3229166667	73.82	66.17	
42457.7083333333	73.835	68.17	
42490.9583333333	73.835	75.77	
42497.875	73.835	77.93	
42516.4375	73.8452631578947	68.5	
42460.3958333333	73.847	66.54	
42447.46875	73.8593103448276	67.8	
42471.5416666667	73.8748275862069	62.17	
42483.84375	73.898	77.16	
42446.5	73.94	68.67	
42446.5104166667	73.94	68.43	
42446.5208333333	73.94	68.35	
42457.6666666667	73.94	68.71	
42457.6770833333	73.94	68.28	
42457.6875	73.94	68.26	
42457.6979166667	73.94	68.32	
42459.5833333333	73.94	66.4	
42459.59375	73.94	65.34	
42459.6041666667	73.94	66.5	
42459.6145833333	73.94	68.79	
42459.625	73.94	69.43	
42459.6354166667	73.94	69.37	
42459.6458333333	73.94	69.16	
42459.65625	73.94	69.28	
42459.6666666667	73.94	69.14	
42459.6770833333	73.94	69.07	
42459.6875	73.94	69.23	
42459.6979166667	73.94	69.12	
42459.7083333333	73.94	69.01	
42459.71875	73.94	69.26	
42459.7291666667	73.94	69.17	
42471.53125	73.94	62.77	
42471.5833333333	73.94	66.42	
42471.59375	73.94	67.96	
42471.6041666667	73.94	68.76	
42471.6145833333	73.94	69.33	
42486.3333333333	73.94	65.78	
42486.34375	73.94	67.26	
42486.3541666667	73.94	70.44	
42486.3645833333	73.94	69.16	
42500.3020833333	73.94	71.97	
42500.3125	73.94	71.76	
42500.3229166667	73.94	71.45	
42508.6041666667	73.94	68.42	
42508.6145833333	73.94	67.07	
42516.5208333333	73.94	67.73	
42520.375	73.94	66.29	
42520.3854166667	73.94	69.14	
42520.3958333333	73.94	69.94	
42516.4791666667	74.03	66.81	
42468.5	74.066	68.8	
42486.375	74.066	67.01	
42500.3333333333	74.066	67.86	
42508.625	74.066	68.7	
42479.46875	74.0730434782609	63.78	
42516.40625	74.075	68.65	
42443.4479166667	74.084	66.85	
42490.9479166667	74.084	75.82	
42506.5416666667	74.0912	69.07	
42514.3333333333	74.0920689655172	69.34	
42464.5104166667	74.096	65.02	
42499.3854166667	74.096	68.52	
42510.8541666667	74.144	59.66	
42445.5	74.171	67.02	
42520.4166666667	74.171	68.24	
42522.3333333333	74.171	68.62	
42528.3020833333	74.204	67.89	
42502.3541666667	74.261	69.23	
42521.3541666667	74.261	69.62	
42508.6770833333	74.294	68.88	
42452.5416666667	74.297	59.18	
42465.5	74.297	65.17	
42471.625	74.297	69.66	
42494.5	74.297	68.75	
42527.3333333333	74.297	70.95	
42510.5416666667	74.3047368421053	66.73	
42513.3854166667	74.3211764705882	69.84	
42516.5416666667	74.327	66.24	
42468.5104166667	74.336	68.26	
42486.3854166667	74.336	65.91	
42500.34375	74.336	65.76	
42508.6354166667	74.336	69.44	
42497.8645833333	74.348	77.97	
42490.9375	74.354	75.86	
42478.6041666667	74.402	68.94	
42482.4375	74.402	69.12	
42487.4791666667	74.402	65.82	
42506.5520833333	74.4152	66.31	
42447.4791666667	74.4179310344828	67.94	
42514.34375	74.4179310344828	69.14	
42466.5416666667	74.423	58.56	
42467.4583333333	74.423	65.38	
42496.4166666667	74.423	68.24	
42501.4166666667	74.423	68.07	
42503.375	74.423	67.37	
42516.53125	74.48	67.51	
42495.40625	74.492	68.98	
42481.6354166667	74.492	68.19	
42496.8645833333	74.492	75.76	
42531.3020833333	74.5957142857143	67.57	
42468.5208333333	74.606	68.26	
42486.3958333333	74.606	65.33	
42500.3541666667	74.606	65.13	
42508.6458333333	74.606	69.64	
42460.40625	74.612	65.49	
42490.9270833333	74.624	75.91	
42507.4791666667	74.6557142857143	68.48	
42483.8333333333	74.663	77.22	
42444.5104166667	74.6646153846154	67.98	
42445.5104166667	74.666	67.17	
42520.4270833333	74.666	67.78	
42522.34375	74.666	68.43	
42506.5625	74.7392	67.19	
42514.3541666667	74.7437931034483	69.04	
42502.3645833333	74.756	69.06	
42521.3645833333	74.756	69.42	
42485.4375	74.7645161290323	69.11	
42508.6666666667	74.789	67.66	
42524.4479166667	74.8142857142857	69.22	
42464.5208333333	74.816	66.06	
42499.3958333333	74.816	69.79	
42452.53125	74.8497297297297	59.67	
42510.84375	74.864	59.99	
42468.53125	74.876	68.68	
42486.40625	74.876	65.31	
42500.3645833333	74.876	69.22	
42508.65625	74.876	68.29	
42529.3020833333	74.888	68.08	
42490.9166666667	74.894	75.93	
42482.8125	74.972	74.94	
42447.4895833333	74.9765517241379	67.64	
42479.4791666667	75.02	67.66	
42513.3958333333	75.02	69.84	
42513.40625	75.02	68.11	
42521.375	75.02	69.21	
42531.3125	75.02	65.54	
42452.5520833333	75.062	58.97	
42465.5104166667	75.062	65.56	
42471.6354166667	75.062	69.66	
42494.5104166667	75.062	68.75	
42527.34375	75.062	71.12	
42530.3020833333	75.062	67.42	
42514.3645833333	75.0696551724138	69.09	
42510.5520833333	75.0863157894737	67.81	
42523.4895833333	75.0971428571429	68.16	
42497.8541666667	75.113	78.09	
42479.4895833333	75.12	67.81	
42480.6666666667	75.125	68.21	
42486.4166666667	75.125	69.99	
42446.53125	75.128	68.42	
42478.7083333333	75.1325	66.24	
42445.5208333333	75.161	67.04	
42520.4375	75.161	69.17	
42522.3541666667	75.161	68.63	
42475.8020833333	75.194	73.21	
42506.5729166667	75.2	69.34	
42468.5416666667	75.251	68.49	
42495.4166666667	75.251	68.67	
42490.90625	75.284	75.98	
42488.4270833333	75.3114285714286	66.47	
42480.6770833333	75.35	69.34	
42486.4270833333	75.35	67.07	
42447.5	75.377	67.88	
42513.4166666667	75.377	67.94	
42478.6145833333	75.392	69.54	
42482.4479166667	75.392	69.19	
42487.4895833333	75.392	64.23	
42502.375	75.44	69.1	
42466.5520833333	75.458	57.89	
42467.46875	75.458	64.97	
42496.4270833333	75.458	68.58	
42501.4270833333	75.458	69.11	
42503.3854166667	75.458	68.91	
42500.375	75.4762068965517	70.69	
42478.7291666667	75.48	69.92	
42460.4166666667	75.482	67.72	
42481.6458333333	75.482	66.05	
42507.4895833333	75.52	68.61	
42496.8541666667	75.527	75.79	
42464.53125	75.536	65.56	
42499.40625	75.536	66.24	
42485.4479166667	75.541052631579	68.51	
42483.8229166667	75.548	77.29	
42531.3229166667	75.56	67.21	
42480.6875	75.575	69.41	
42486.4375	75.575	65.2	
42510.8333333333	75.584	60.38	
42443.4583333333	75.608	67.16	
42445.53125	75.656	67.08	
42520.4479166667	75.656	69.57	
42522.3645833333	75.656	68.26	
42475.7916666667	75.689	73.09	
42528.3125	75.734	65.77	
42468.5520833333	75.746	68.58	
42495.4270833333	75.746	68.26	
42444.5208333333	75.7723076923077	68.08	
42452.7291666667	75.779	67.69	
42490.8958333333	75.779	76.01	
42478.71875	75.78	68.91	
42480.6979166667	75.8	69.22	
42486.4479166667	75.8	65.01	
42452.5625	75.827	59.67	
42465.5208333333	75.827	66.89	
42471.6458333333	75.827	69.67	
42494.5208333333	75.827	68.59	
42527.3541666667	75.827	69.34	
42530.3125	75.827	65.14	
42510.5625	75.8678947368421	65.81	
42497.84375	75.878	78.16	
42521.3854166667	75.9046808510638	69.63	
42478.625	75.92	69.95	
42478.6354166667	75.92	69.36	
42478.6458333333	75.92	66.63	
42478.65625	75.92	64.93	
42478.6666666667	75.92	67.12	
42478.6770833333	75.92	69.36	
42478.6875	75.92	69.92	
42478.6979166667	75.92	67.44	
42485.4583333333	75.92	67.66	
42506.6145833333	75.92	66	
42506.6666666667	75.92	68.18	
42506.6770833333	75.92	68.46	
42506.6875	75.92	69.99	
42506.6979166667	75.92	69.46	
42506.7083333333	75.92	66.82	
42506.71875	75.92	65.22	
42506.7291666667	75.92	68.74	
42510.5729166667	75.92	65.31	
42514.375	75.92	68.99	
42522.6666666667	75.92	66.67	
42522.6770833333	75.92	65.62	
42522.6875	75.92	68.74	
42522.6979166667	75.92	70.07	
42524.4583333333	75.92	68.69	
42446.5416666667	76.046	68.56	
42452.6666666667	76.046	65.97	
42464.5416666667	76.046	65.96	
42480.7083333333	76.046	68.67	
42479.5	76.0503448275862	64.68	
42520.4583333333	76.0503448275862	68.72	
42452.65625	76.064	68.71	
42471.6979166667	76.064	69.64	
42519.9895833333	76.064	76.55	
42506.625	76.1	69.09	
42447.5104166667	76.142	67.87	
42513.4270833333	76.142	69.56	
42529.3125	76.148	65.81	
42445.5416666667	76.172	66.97	
42482.4583333333	76.172	69.31	
42486.4583333333	76.172	67.86	
42487.5	76.172	62.41	
42475.78125	76.208	72.89	
42510.8229166667	76.208	60.85	
42482.8020833333	76.232	74.91	
42468.5625	76.241	68.74	
42495.4375	76.241	67.37	
42523.5729166667	76.2656	69.46	
42452.71875	76.274	67.32	
42490.8854166667	76.274	76.04	
42499.4166666667	76.277	64.78	
42510.5833333333	76.277	64.44	
42522.375	76.277	67.49	
42522.7083333333	76.277	68.36	
42523.5833333333	76.277	69.73	
42531.3333333333	76.277	69.63	
42506.5833333333	76.298	70.24	
42446.5520833333	76.316	68.51	
42452.6770833333	76.316	67.86	
42464.5520833333	76.316	66.27	
42480.71875	76.316	66.86	
42507.5	76.3178947368421	68.67	
42479.5104166667	76.3296551724138	62.54	
42520.46875	76.3296551724138	67.29	
42452.6458333333	76.334	69.59	
42471.6875	76.334	69.55	
42519.9791666667	76.334	76.6	
42506.6041666667	76.3442857142857	67.39	
42502.3854166667	76.3888372093023	69.21	
42506.65625	76.4	69.29	
42488.4375	76.4042857142857	68.92	
42471.7083333333	76.4413793103448	68.94	
42500.3854166667	76.4537931034483	68.39	
42460.4270833333	76.472	68.7	
42481.65625	76.472	62.85	
42506.6354166667	76.4857142857143	69.99	
42466.5625	76.493	65.67	
42467.4791666667	76.493	65.77	
42496.4375	76.493	68.72	
42501.4375	76.493	69.11	
42503.3958333333	76.493	69.87	
42524.46875	76.531320754717	67.15	
42483.8125	76.538	77.31	
42496.84375	76.562	75.75	
42446.5625	76.586	68.89	
42452.6875	76.586	69.56	
42464.5625	76.586	66.05	
42480.7291666667	76.586	68.75	
42444.53125	76.5885714285714	68.51	
42452.5729166667	76.592	66.35	
42465.53125	76.592	66.69	
42471.65625	76.592	69.11	
42494.53125	76.592	68.92	
42527.3645833333	76.592	66.86	
42530.3229166667	76.592	68.31	
42452.6354166667	76.604	67.39	
42471.6770833333	76.604	66.63	
42519.96875	76.604	76.62	
42479.5208333333	76.6089655172414	61.57	
42520.4791666667	76.6089655172414	67.77	
42497.8333333333	76.643	78.23	
42522.65625	76.6538461538462	68.65	
42445.5520833333	76.712	67.54	
42482.46875	76.712	69.42	
42486.46875	76.712	69.96	
42487.5104166667	76.712	62.86	
42468.5729166667	76.736	68.79	
42495.4479166667	76.736	67.04	
42475.7708333333	76.748	72.53	
42510.8125	76.748	61.54	
42471.7291666667	76.7507692307692	65.88	
42516.3958333333	76.7685714285714	68.7	
42452.7083333333	76.769	69.1	
42490.875	76.769	76.08	
42446.5729166667	76.856	68.61	
42452.6979166667	76.856	69.63	
42464.5729166667	76.856	66.23	
42523.5	76.865	67.63	
42443.46875	76.868	67.25	
42506.6458333333	76.8714285714286	69.94	
42452.625	76.874	67.52	
42471.6666666667	76.874	67.12	
42519.9583333333	76.874	76.7	
42479.53125	76.888275862069	61.82	
42520.4895833333	76.888275862069	69.41	
42516.46875	76.9030769230769	68.24	
42447.5208333333	76.907	67.94	
42513.4375	76.907	70.18	
42523.5625	76.9136	68.99	
42506.59375	76.9228571428571	68.75	
42446.6666666667	77	69.17	
42446.6770833333	77	68.99	
42446.6875	77	68.99	
42446.6979166667	77	69.15	
42446.7083333333	77	69.19	
42446.71875	77	69.29	
42446.7291666667	77	69.43	
42452.5833333333	77	66.84	
42452.59375	77	68.72	
42452.6041666667	77	69.31	
42452.6145833333	77	69.62	
42468.5833333333	77	68.97	
42468.59375	77	68.48	
42468.6041666667	77	68.47	
42479.5416666667	77	60.51	
42489.3020833333	77	69.11	
42489.3125	77	66.91	
42489.3229166667	77	65.96	
42489.3333333333	77	65.42	
42489.34375	77	69.71	
42489.3541666667	77	66.82	
42489.3645833333	77	64.77	
42516.4479166667	77	68.49	
42523.5104166667	77	67.5	
42523.5208333333	77	68.81	
42523.53125	77	69.29	
42499.4270833333	77.042	64.06	
42510.59375	77.042	62.69	
42522.3854166667	77.042	68.81	
42522.71875	77.042	67.37	
42523.59375	77.042	69.95	
42531.34375	77.042	70.03	
42514.3854166667	77.099	69.04	
42521.3958333333	77.1110638297872	69.52	
42446.5833333333	77.126	68.69	
42481.6666666667	77.126	60.56	
42524.4791666667	77.142641509434	66.38	
42446.65625	77.144	69.27	
42485.46875	77.144	66.97	
42502.53125	77.144	69.29	
42507.5104166667	77.1705263157895	68.89	
42464.5833333333	77.231	65.26	
42489.375	77.231	63.15	
42445.5625	77.252	67.87	
42482.4791666667	77.252	69.44	
42486.4791666667	77.252	69.9	
42487.5208333333	77.252	62.16	
42519.9479166667	77.264	76.76	
42528.3229166667	77.264	67.57	
42475.7604166667	77.288	71.62	
42510.8020833333	77.288	61.91	
42520.5	77.309375	69.06	
42444.5416666667	77.357	68.21	
42465.5416666667	77.357	67.12	
42494.5416666667	77.357	69.33	
42495.4583333333	77.357	67.46	
42502.3958333333	77.393488372093	69.29	
42446.59375	77.396	68.91	
42481.6770833333	77.396	60.62	
42497.8229166667	77.408	78.29	
42529.3229166667	77.408	68.41	
42446.6458333333	77.414	69.26	
42502.5208333333	77.414	68.87	
42500.3958333333	77.4313793103448	66.12	
42460.4375	77.462	65.84	
42527.375	77.462	64.45	
42482.7916666667	77.492	74.78	
42488.4479166667	77.4971428571429	69.22	
42466.5729166667	77.528	65.61	
42467.4895833333	77.528	65.88	
42496.4479166667	77.528	68.49	
42501.4479166667	77.528	69.17	
42503.40625	77.528	69.36	
42483.8020833333	77.528	77.3	
42490.8645833333	77.528	76.11	
42479.5520833333	77.5321739130435	63.93	
42471.71875	77.5586206896552	67.17	
42502.5416666667	77.588	69.38	
42530.3333333333	77.588	69.87	
42496.8333333333	77.597	75.64	
42446.6041666667	77.666	69.05	
42481.6875	77.666	68.31	
42447.53125	77.672	68.18	
42513.4479166667	77.672	69.85	
42446.6354166667	77.684	69.19	
42502.5104166667	77.684	69.26	
42516.4583333333	77.6872727272727	68.37	
42487.8333333333	77.723	73.86	
42464.59375	77.726	64.69	
42489.3854166667	77.726	63.82	
42524.4895833333	77.7539622641509	68.68	
42519.9375	77.759	76.78	
42445.5729166667	77.792	68.12	
42482.4895833333	77.792	68.93	
42486.4895833333	77.792	65.47	
42487.53125	77.792	61.92	
42499.4375	77.807	68.67	
42510.6041666667	77.807	61.53	
42522.3958333333	77.807	69.03	
42522.7291666667	77.807	66.76	
42523.6041666667	77.807	68.65	
42531.3541666667	77.807	69.72	
42475.75	77.828	66.79	
42510.7916666667	77.828	61.96	
42514.3958333333	77.8415	68.99	
42523.5520833333	77.9192857142857	69.34	
42446.6145833333	77.936	69.05	
42481.6979166667	77.936	69.92	
42446.625	77.954	69.04	
42502.5	77.954	69.54	
42507.5208333333	78.0231578947368	68.94	
42481.7083333333	78.08	69.68	
42481.71875	78.08	67.46	
42481.7291666667	78.08	65.38	
42482.5	78.08	69.04	
42482.5104166667	78.08	69.15	
42482.5208333333	78.08	69.19	
42482.53125	78.08	69.22	
42485.4791666667	78.08	66.61	
42485.4895833333	78.08	66.33	
42500.4166666667	78.08	68.96	
42516.3020833333	78.08	68.07	
42516.3125	78.08	66.46	
42516.3229166667	78.08	64.98	
42516.3333333333	78.08	68.66	
42520.875	78.08	74.81	
42444.5520833333	78.122	68.09	
42465.5520833333	78.122	67.11	
42494.5520833333	78.122	68.87	
42495.46875	78.122	67.64	
42443.4791666667	78.128	67.02	
42522.4270833333	78.155	69.17	
42497.8125	78.173	78.33	
42466.5833333333	78.185	64.99	
42467.5	78.185	66.49	
42482.5416666667	78.185	69.18	
42482.78125	78.2	74.49	
42510.78125	78.2	61.96	
42516.34375	78.220625	69.42	
42464.6041666667	78.221	65.39	
42489.3958333333	78.221	68.88	
42520.5104166667	78.2375	66.42	
42519.9270833333	78.254	76.85	
42445.5833333333	78.311	67.43	
42447.5416666667	78.311	68.27	
42487.5416666667	78.311	59.92	
42503.4166666667	78.311	67.6	
42524.5	78.311	69.6	
42521.40625	78.3174468085106	69.51	
42513.4583333333	78.395	68.84	
42502.40625	78.3981395348837	69.44	
42500.40625	78.4089655172414	64.94	
42466.59375	78.41	65.88	
42467.5104166667	78.41	67.39	
42482.5520833333	78.41	69.06	
42496.4583333333	78.416	68.53	
42528.3333333333	78.416	69.61	
42529.3333333333	78.416	69.91	
42466.7291666667	78.425	69.22	
42482.7708333333	78.425	74.08	
42510.7708333333	78.425	60.22	
42511.7708333333	78.425	73	
42521.4166666667	78.43	69.77	
42460.4479166667	78.452	63.26	
42527.3854166667	78.452	65.46	
42496.8229166667	78.464	75.46	
42512.8645833333	78.464	75.09	
42486.5	78.4832	64.37	
42483.7916666667	78.518	77.23	
42490.8541666667	78.518	76.15	
42524.8333333333	78.518	74.92	
42479.5625	78.53	67.88	
42515.3020833333	78.53	68.12	
42488.4583333333	78.542	69.29	
42501.4583333333	78.542	68.96	
42485.5	78.56	66.41	
42499.4479166667	78.572	70.04	
42510.6145833333	78.572	62.06	
42522.40625	78.572	69.27	
42523.6145833333	78.572	66.44	
42531.3645833333	78.572	69.73	
42514.40625	78.584	69.16	
42487.8229166667	78.608	73.58	
42520.8645833333	78.608	74.76	
42466.6041666667	78.635	66.23	
42467.5208333333	78.635	67.82	
42482.5625	78.635	68.75	
42516.3541666667	78.6425	69.15	
42466.71875	78.65	69.42	
42482.7604166667	78.65	73.15	
42510.7604166667	78.65	60.1	
42511.7604166667	78.65	72.79	
42507.53125	78.6527272727273	68.99	
42464.6145833333	78.716	68.49	
42489.40625	78.716	67.71	
42522.4166666667	78.7175	67.41	
42519.9166666667	78.749	76.87	
42500.4270833333	78.7686956521739	70.53	
42445.59375	78.806	67.9	
42447.5520833333	78.806	68.27	
42487.5520833333	78.806	60.85	
42503.4270833333	78.806	68.63	
42524.5104166667	78.806	68.96	
42502.4895833333	78.8128571428571	69.34	
42515.3125	78.8368181818182	66.47	
42447.6041666667	78.839	68.63	
42502.5520833333	78.848	69.56	
42530.34375	78.848	69.59	
42466.6145833333	78.86	68.89	
42467.53125	78.86	64.32	
42482.5729166667	78.86	68.59	
42502.4791666667	78.8610714285714	69.15	
42466.7083333333	78.875	69.02	
42510.75	78.875	62.79	
42511.75	78.875	71.4	
42515.3229166667	78.8771428571429	65.27	
42444.5625	78.887	68.18	
42465.5625	78.887	67.51	
42494.5625	78.887	68.81	
42495.4791666667	78.887	66.3	
42502.46875	78.9092857142857	67.91	
42497.8020833333	78.938	78.31	
42502.4583333333	78.9575	68.92	
42445.6666666667	78.98	68.93	
42445.6770833333	78.98	69.34	
42445.6875	78.98	69.04	
42445.6979166667	78.98	69.29	
42445.7083333333	78.98	69.26	
42445.71875	78.98	69.35	
42445.7291666667	78.98	68.75	
42464.625	78.98	69.43	
42464.6354166667	78.98	68.65	
42464.6458333333	78.98	68.27	
42464.65625	78.98	68.58	
42489.4166666667	78.98	65.81	
42502.4166666667	78.98	69.46	
42502.4270833333	78.98	69.55	
42502.4375	78.98	69.49	
42502.4479166667	78.98	69.68	
42507.5416666667	78.98	69.21	
42507.5520833333	78.98	68.56	
42507.5625	78.98	68.98	
42507.5729166667	78.98	69.46	
42516.3645833333	78.98	68.92	
42516.375	78.98	68.84	
42516.3854166667	78.98	68.78	
42523.5416666667	78.98	69.1	
42524.5833333333	78.98	65.96	
42524.59375	78.98	69.26	
42524.6041666667	78.98	69.23	
42513.46875	79.07	68.13	
42521.4270833333	79.0828571428572	69.74	
42464.6666666667	79.106	68.62	
42466.625	79.106	69.61	
42482.5833333333	79.106	68.96	
42507.5833333333	79.106	69.57	
42510.625	79.106	62.49	
42523.625	79.106	66.09	
42522.4375	79.1208695652174	69.5	
42445.65625	79.124	68.7	
42466.6979166667	79.124	68.99	
42479.6979166667	79.124	68.57	
42483.78125	79.124	77.09	
42510.7395833333	79.124	62.67	
42518.90625	79.124	75.12	
42524.5729166667	79.124	66.24	
42496.46875	79.136	68.42	
42528.34375	79.136	69.89	
42529.34375	79.136	69.81	
42515.3333333333	79.16	68.72	
42496.8125	79.184	75.02	
42512.8541666667	79.184	75.14	
42520.5208333333	79.2084615384615	65.29	
42460.4583333333	79.211	62.44	
42479.7083333333	79.211	69.56	
42499.4583333333	79.211	67.11	
42499.5416666667	79.211	64.31	
42499.53125	79.244	65.11	
42519.90625	79.244	76.91	
42524.8229166667	79.244	74.91	
42531.375	79.295	68.57	
42445.6041666667	79.301	68.19	
42447.5625	79.301	67.95	
42487.5625	79.301	66.74	
42503.4375	79.301	69.82	
42524.5208333333	79.301	67.39	
42514.4166666667	79.3236363636364	69.27	
42447.59375	79.334	68.48	
42467.5416666667	79.337	60.02	
42486.5104166667	79.3472	63.84	
42464.6770833333	79.376	68.71	
42466.6354166667	79.376	69.17	
42482.59375	79.376	69.01	
42507.59375	79.376	69.76	
42510.6354166667	79.376	62.47	
42523.6354166667	79.376	69.43	
42443.4895833333	79.388	67.17	
42445.6458333333	79.394	68.46	
42466.6875	79.394	69.14	
42479.6875	79.394	63.08	
42483.7708333333	79.394	76.92	
42510.7291666667	79.394	64.74	
42518.8958333333	79.394	75.16	
42524.5625	79.394	67.43	
42527.3958333333	79.442	69.55	
42521.4375	79.4685714285714	68.42	
42490.84375	79.508	76.15	
42479.5729166667	79.5278260869565	66.37	
42488.46875	79.532	69.38	
42501.46875	79.532	69.46	
42515.34375	79.5457142857143	69.64	
42485.5104166667	79.5885714285714	66.31	
42487.8125	79.598	73.09	
42520.8541666667	79.598	74.71	
42464.6875	79.646	67.99	
42466.6458333333	79.646	69.02	
42482.6041666667	79.646	69.11	
42507.6041666667	79.646	69.86	
42510.6458333333	79.646	63.14	
42523.6458333333	79.646	69.32	
42444.5729166667	79.652	68.48	
42465.5729166667	79.652	68.02	
42494.5729166667	79.652	68.87	
42495.4895833333	79.652	62.67	
42445.6354166667	79.664	68.48	
42466.6770833333	79.664	69.06	
42479.6770833333	79.664	61.53	
42483.7604166667	79.664	76.78	
42510.71875	79.664	64.85	
42518.8854166667	79.664	75.18	
42524.5520833333	79.664	69.41	
42497.7916666667	79.703	78.24	
42460.46875	79.706	61.59	
42479.71875	79.706	69.97	
42499.46875	79.706	65.39	
42499.5520833333	79.706	69.04	
42499.5208333333	79.739	66.34	
42519.8958333333	79.739	76.99	
42524.8125	79.739	74.85	
42513.4791666667	79.745	69.79	
42445.6145833333	79.796	68.46	
42447.5729166667	79.796	68.14	
42487.5729166667	79.796	68.14	
42503.4479166667	79.796	69.66	
42524.53125	79.796	66.94	
42447.5833333333	79.829	68.93	
42521.4479166667	79.8542857142857	66.86	
42496.4791666667	79.856	68.79	
42528.3541666667	79.856	69.79	
42529.3541666667	79.856	69.76	
42496.8020833333	79.904	73.52	
42512.84375	79.904	75.16	
42464.6979166667	79.916	68.17	
42466.65625	79.916	69.34	
42507.6145833333	79.916	69.95	
42510.65625	79.916	64.33	
42523.65625	79.916	67.56	
42515.3541666667	79.9314285714286	69.68	
42445.625	79.934	68.69	
42466.6666666667	79.934	69.25	
42479.6666666667	79.934	63.64	
42483.75	79.934	76.62	
42510.7083333333	79.934	64.24	
42518.875	79.934	75.18	
42524.5416666667	79.934	68.88	
42531.3854166667	79.97	68.94	
42464.7083333333	80.06	69.12	
42464.71875	80.06	68.98	
42464.7291666667	80.06	68.98	
42465.5833333333	80.06	63.06	
42465.59375	80.06	66.61	
42465.6041666667	80.06	69.34	
42465.6145833333	80.06	68.44	
42489.4270833333	80.06	65.26	
42500.4375	80.06	68.07	
42510.6666666667	80.06	64.61	
42510.6770833333	80.06	64.53	
42510.6875	80.06	64.31	
42510.6979166667	80.06	64.68	
42514.4270833333	80.06	69.16	
42514.4375	80.06	69.19	
42514.4479166667	80.06	69.55	
42514.4583333333	80.06	69.46	
42514.46875	80.06	69.38	
42515.3645833333	80.06	69.5	
42523.6666666667	80.06	66.16	
42523.6770833333	80.06	66.89	
42523.6875	80.06	69.66	
42523.6979166667	80.06	67.94	
42523.7083333333	80.06	65.72	
42523.71875	80.06	64.91	
42523.7291666667	80.06	68.57	
42467.5520833333	80.102	66.99	
42502.5625	80.108	69.41	
42530.3541666667	80.108	69.77	
42444.5833333333	80.165	68.54	
42465.625	80.165	67.95	
42479.5833333333	80.165	63.81	
42494.5833333333	80.165	69.21	
42495.5	80.165	61.67	
42507.625	80.165	69.72	
42522.4479166667	80.1773913043478	69.42	
42479.65625	80.18	63.82	
42483.7395833333	80.18	76.42	
42496.53125	80.18	69.76	
42532.9895833333	80.18	77.66	
42460.4791666667	80.201	63.26	
42479.7291666667	80.201	69.61	
42499.4791666667	80.201	64.6	
42499.5625	80.201	69.98	
42486.5208333333	80.2112	64.17	
42499.5104166667	80.234	68.27	
42519.8854166667	80.234	76.99	
42524.8020833333	80.234	74.7	
42487.5833333333	80.291	66.79	
42496.5416666667	80.291	68.65	
42503.4583333333	80.291	67.7	
42520.53125	80.3507692307692	68.57	
42489.4375	80.3511764705882	64.61	
42514.4791666667	80.3533333333333	69.47	
42513.4895833333	80.3685714285714	70.29	
42515.375	80.375	69.64	
42531.3958333333	80.385	67.08	
42444.59375	80.39	68.47	
42465.6354166667	80.39	67.47	
42479.59375	80.39	62.55	
42494.59375	80.39	69.41	
42495.5104166667	80.39	68.54	
42507.6354166667	80.39	67.71	
42513.5	80.396	68.21	
42465.7291666667	80.405	69.79	
42479.6458333333	80.405	64.69	
42483.7291666667	80.405	76.11	
42496.5208333333	80.405	69.29	
42532.9791666667	80.405	77.71	
42527.40625	80.432	70.48	
42497.78125	80.444	78.12	
42518.8645833333	80.444	75.19	
42521.4583333333	80.48	65.79	
42490.8333333333	80.498	76.15	
42443.5	80.522	67.68	
42488.4791666667	80.522	69.85	
42501.4791666667	80.522	69.36	
42496.4895833333	80.576	69.09	
42528.3645833333	80.576	69.74	
42529.3645833333	80.576	69.77	
42487.8020833333	80.588	70.44	
42520.84375	80.588	74.64	
42444.6041666667	80.615	68.51	
42465.6458333333	80.615	63.39	
42479.6041666667	80.615	61.4	
42494.6041666667	80.615	69.19	
42495.5208333333	80.615	69.34	
42507.6458333333	80.615	68.11	
42485.5208333333	80.6171428571429	66.26	
42512.8333333333	80.624	75.18	
42465.71875	80.63	69.68	
42479.6354166667	80.63	67.19	
42483.71875	80.63	75.34	
42496.5104166667	80.63	69.13	
42532.96875	80.63	77.74	
42460.4895833333	80.696	67.27	
42499.4895833333	80.696	64.62	
42499.5729166667	80.696	67.12	
42499.5	80.729	69.6	
42519.875	80.729	77.03	
42524.7916666667	80.729	74.59	
42489.4479166667	80.7482352941176	69.32	
42531.40625	80.76	65.94	
42487.59375	80.786	65.56	
42496.5520833333	80.786	63.14	
42503.46875	80.786	66.57	
42444.6145833333	80.84	68.56	
42465.65625	80.84	60.52	
42479.6145833333	80.84	59.54	
42494.6145833333	80.84	68.92	
42495.53125	80.84	69.41	
42507.65625	80.84	69.68	
42465.7083333333	80.855	69.32	
42479.625	80.855	66.46	
42496.5	80.855	69.28	
42532.9583333333	80.855	77.78	
42467.5625	80.867	67.76	
42460.5	80.96	65.87	
42460.5104166667	80.96	64.32	
42460.5208333333	80.96	64.8	
42460.53125	80.96	64.52	
42460.5416666667	80.96	62.73	
42460.5520833333	80.96	61.02	
42460.5625	80.96	65.3	
42460.5729166667	80.96	67.79	
42465.6666666667	80.96	68.56	
42465.6770833333	80.96	69.63	
42465.6875	80.96	69.34	
42465.6979166667	80.96	69.09	
42485.53125	80.96	66.47	
42507.6666666667	80.96	69.8	
42507.6770833333	80.96	68.82	
42507.6875	80.96	67.04	
42507.6979166667	80.96	69.01	
42521.46875	80.96	68.27	
42521.4791666667	80.96	69.74	
42521.4895833333	80.96	69.28	
42515.3854166667	81.0344827586207	69.76	
42494.625	81.086	69.19	
42495.5416666667	81.086	69.04	
42507.7083333333	81.086	69.59	
42532.9479166667	81.104	77.81	
42513.5104166667	81.116	66.92	
42497.7708333333	81.164	77.97	
42518.8541666667	81.164	75.21	
42527.8541666667	81.164	74.4	
42522.4583333333	81.17	69.47	
42444.625	81.191	68.51	
42460.5833333333	81.191	64.75	
42485.5416666667	81.191	66.75	
42512.8229166667	81.224	75.21	
42524.78125	81.224	74.34	
42486.5520833333	81.268	70.54	
42487.6041666667	81.281	66.37	
42496.5625	81.281	61.13	
42503.4791666667	81.281	69.43	
42521.5	81.317	68.09	
42527.4166666667	81.317	69.59	
42528.375	81.317	68.89	
42529.375	81.317	68.28	
42500.4479166667	81.3513043478261	66.85	
42494.6354166667	81.356	69.39	
42495.5520833333	81.356	69.12	
42507.71875	81.356	66.8	
42490.8229166667	81.368	76.15	
42519.8645833333	81.368	77.03	
42502.5729166667	81.368	68.95	
42530.3645833333	81.368	69.17	
42486.53125	81.3714285714286	65.81	
42521.7291666667	81.374	68.29	
42532.9375	81.374	77.85	
42499.5833333333	81.422	65.34	
42520.5416666667	81.422	69.57	
42514.4895833333	81.4533333333333	69.54	
42531.4166666667	81.464	65.56	
42443.5104166667	81.512	66.97	
42488.4895833333	81.512	69.1	
42501.4895833333	81.512	69.17	
42520.8333333333	81.578	74.54	
42515.3958333333	81.5931034482759	69.56	
42522.46875	81.62	68.74	
42494.6458333333	81.626	69.79	
42495.5625	81.626	69.47	
42507.7291666667	81.626	65.52	
42467.5729166667	81.632	67.11	
42521.71875	81.644	69.58	
42532.9270833333	81.644	77.87	
42489.4583333333	81.6472727272727	70.14	
42444.6354166667	81.686	68.97	
42460.59375	81.686	63.09	
42485.5520833333	81.686	65.73	
42495.7291666667	81.719	64.58	
42512.8125	81.719	75.16	
42524.7708333333	81.719	73.81	
42487.6145833333	81.776	69.76	
42496.5729166667	81.776	60.76	
42503.4895833333	81.776	69.68	
42513.5208333333	81.836	66.32	
42522.6458333333	81.8705882352941	69.39	
42497.7604166667	81.884	77.77	
42518.84375	81.884	75.22	
42527.84375	81.884	74.32	
42494.65625	81.896	69.64	
42495.5729166667	81.896	69.74	
42521.7083333333	81.914	69.87	
42532.9166666667	81.914	77.91	
42486.5625	81.928	68.04	
42467.7083333333	82.04	69.63	
42467.71875	82.04	69.63	
42467.7291666667	82.04	69.94	
42486.5416666667	82.04	68.97	
42513.5833333333	82.04	69.59	
42513.59375	82.04	70.13	
42513.6041666667	82.04	67.47	
42513.6145833333	82.04	66.29	
42513.625	82.04	69.38	
42513.6354166667	82.04	70.07	
42513.6458333333	82.04	69.62	
42513.65625	82.04	68.54	
42513.6666666667	82.04	68.39	
42513.6770833333	82.04	69.47	
42513.6875	82.04	68.65	
42513.6979166667	82.04	66.74	
42513.7083333333	82.04	65.7	
42513.71875	82.04	68.56	
42513.7291666667	82.04	69.81	
42522.4791666667	82.04	67.21	
42522.4895833333	82.04	66.18	
42531.4270833333	82.04	69.11	
42521.5104166667	82.082	66.78	
42527.4270833333	82.082	67.63	
42528.3854166667	82.082	69.21	
42529.3854166667	82.082	68.43	
42490.8125	82.133	76.17	
42519.8541666667	82.133	77.07	
42467.5833333333	82.145	65.72	
42487.625	82.145	70.19	
42494.6666666667	82.145	69.25	
42495.5833333333	82.145	69.54	
42496.5833333333	82.145	60.56	
42467.6979166667	82.16	69.47	
42513.5729166667	82.16	65.92	
42444.6458333333	82.181	69.01	
42460.6041666667	82.181	62.09	
42485.5625	82.181	66.58	
42495.71875	82.214	66.54	
42512.8020833333	82.214	75.14	
42524.7604166667	82.214	72.36	
42500.4583333333	82.236875	65.64	
42488.5	82.271	64.59	
42501.5	82.271	69.41	
42502.5833333333	82.271	67.62	
42530.375	82.271	68.81	
42515.40625	82.2854545454546	68.87	
42520.8229166667	82.304	74.37	
42521.6979166667	82.304	68.89	
42467.59375	82.37	63.49	
42487.6354166667	82.37	68.26	
42494.6770833333	82.37	69.57	
42495.59375	82.37	69.33	
42496.59375	82.37	60.46	
42503.5	82.376	67.9	
42514.5	82.376	69.67	
42522.5	82.376	65.38	
42467.6875	82.385	69.87	
42513.5625	82.385	66.05	
42499.59375	82.412	64.69	
42520.5520833333	82.412	69.28	
42532.90625	82.424	77.93	
42489.4895833333	82.4875675675676	64.62	
42443.5208333333	82.502	67.27	
42513.53125	82.556	68.58	
42486.5729166667	82.588	65.97	
42467.6041666667	82.595	61.38	
42487.6458333333	82.595	66.02	
42494.6875	82.595	69.85	
42495.6041666667	82.595	69.51	
42496.6041666667	82.595	60.5	
42497.75	82.604	77.49	
42518.8333333333	82.604	75.24	
42527.8333333333	82.604	74.26	
42528.875	82.604	75.01	
42467.6770833333	82.61	63.39	
42513.5520833333	82.61	67.12	
42500.46875	82.65875	66.7	
42444.65625	82.676	68.82	
42460.6145833333	82.676	62.51	
42485.5729166667	82.676	66.4	
42489.4791666667	82.7064864864865	65.96	
42495.7083333333	82.709	69.32	
42512.7916666667	82.709	75.1	
42488.5104166667	82.766	63.51	
42501.5104166667	82.766	69.49	
42502.59375	82.766	66.94	
42530.3854166667	82.766	69.87	
42520.8125	82.799	74.2	
42521.6875	82.799	66.81	
42467.6145833333	82.82	68.06	
42487.65625	82.82	65.19	
42494.6979166667	82.82	70.11	
42495.6145833333	82.82	69.33	
42467.6666666667	82.835	63.3	
42513.5416666667	82.835	69.68	
42531.875	82.835	75.52	
42521.5208333333	82.847	65.8	
42527.4375	82.847	66.09	
42528.3958333333	82.847	67.76	
42529.3958333333	82.847	67.06	
42490.8020833333	82.898	76.16	
42519.84375	82.898	77.06	
42489.46875	82.9254054054054	68.48	
42444.6666666667	82.94	67.17	
42444.6770833333	82.94	66.74	
42444.6875	82.94	69.19	
42444.6979166667	82.94	69.27	
42444.7083333333	82.94	68.49	
42444.71875	82.94	66.82	
42444.7291666667	82.94	66.49	
42467.625	82.94	69.34	
42467.6354166667	82.94	67.71	
42467.6458333333	82.94	68.4	
42467.65625	82.94	66.87	
42487.6666666667	82.94	64.75	
42487.6770833333	82.94	69.29	
42487.6875	82.94	68.99	
42487.6979166667	82.94	66.09	
42487.7083333333	82.94	65.15	
42487.71875	82.94	66.06	
42487.7291666667	82.94	67.54	
42489.5	82.94	68.92	
42489.5104166667	82.94	70.17	
42489.5208333333	82.94	68.62	
42489.53125	82.94	66.53	
42494.7083333333	82.94	68.84	
42494.71875	82.94	65.69	
42494.7291666667	82.94	65.49	
42495.625	82.94	68.92	
42495.6354166667	82.94	67.78	
42495.6458333333	82.94	68.36	
42495.65625	82.94	69.64	
42495.6666666667	82.94	68.98	
42495.6770833333	82.94	67.06	
42495.6875	82.94	67.58	
42495.6979166667	82.94	69.9	
42497.7083333333	82.94	70.94	
42497.71875	82.94	75.81	
42497.7291666667	82.94	72.39	
42497.7395833333	82.94	76.95	
42515.4166666667	82.94	67.59	
42531.8333333333	82.94	75.49	
42531.84375	82.94	75.53	
42531.8541666667	82.94	75.53	
42531.8645833333	82.94	75.52	
42515.4270833333	82.9740540540541	66.45	
42531.4375	83.03	70.13	
42496.7395833333	83.084	64.16	
42503.5104166667	83.096	65.94	
42514.5104166667	83.096	69.85	
42522.5104166667	83.096	68.49	
42500.4791666667	83.1328571428571	69.83	
42532.8958333333	83.144	77.94	
42486.5833333333	83.171	65.69	
42512.78125	83.204	75.05	
42488.5208333333	83.261	62.75	
42501.5208333333	83.261	69.51	
42502.6041666667	83.261	68.84	
42530.3958333333	83.261	68	
42489.5416666667	83.2686956521739	65.49	
42520.8020833333	83.294	73.92	
42521.6770833333	83.294	67.51	
42460.625	83.297	67.82	
42485.5833333333	83.297	66.22	
42518.8229166667	83.348	75.26	
42527.8229166667	83.348	74.14	
42528.8645833333	83.348	74.93	
42531.8229166667	83.348	75.46	
42460.7291666667	83.354	69.82	
42496.7291666667	83.354	65.57	
42499.6041666667	83.402	68.81	
42520.5625	83.402	67.85	
42515.4375	83.4848648648649	65.63	
42443.53125	83.492	67.69	
42521.53125	83.612	65.97	
42527.4479166667	83.612	68.69	
42528.40625	83.612	69.41	
42529.40625	83.612	68.13	
42460.71875	83.624	69.56	
42490.7916666667	83.663	76.14	
42519.8333333333	83.663	77.06	
42486.59375	83.666	65.27	
42512.7708333333	83.699	75.05	
42500.4895833333	83.7114285714286	69.42	
42488.53125	83.756	62.04	
42501.53125	83.756	69.54	
42502.6145833333	83.756	69.56	
42530.40625	83.756	66.67	
42520.7916666667	83.789	73.58	
42521.6666666667	83.789	69.26	
42503.5208333333	83.816	66.61	
42514.5208333333	83.816	69.51	
42522.5208333333	83.816	69.41	
42499.71875	83.864	65.76	
42532.8854166667	83.864	77.96	
42460.7083333333	83.894	70.4	
42489.5520833333	83.9730434782609	69.06	
42515.4479166667	83.9956756756757	67.68	
42489.5625	84.02	70.09	
42489.5729166667	84.02	68.67	
42502.625	84.02	68.33	
42502.6354166667	84.02	67.02	
42502.6458333333	84.02	66	
42502.65625	84.02	66.31	
42515.4583333333	84.02	69.61	
42521.5416666667	84.02	69.28	
42521.5520833333	84.02	69.02	
42521.5625	84.02	67.26	
42521.5729166667	84.02	66.15	
42460.6354166667	84.062	69.19	
42485.59375	84.062	66.79	
42518.8125	84.113	75.21	
42527.8125	84.113	73.98	
42528.8541666667	84.113	74.87	
42531.8125	84.113	75.41	
42501.5416666667	84.125	69.82	
42502.6666666667	84.125	69.71	
42521.5833333333	84.125	65.32	
42528.4166666667	84.125	70.02	
42490.78125	84.14	76.09	
42520.6145833333	84.14	68.26	
42520.78125	84.14	73.07	
42521.65625	84.14	68.43	
42486.6041666667	84.161	64.63	
42512.7604166667	84.194	74.96	
42488.5416666667	84.251	60.8	
42489.5833333333	84.251	67.1	
42520.625	84.251	66.92	
42527.4583333333	84.251	70	
42529.4166666667	84.251	68.18	
42460.6979166667	84.284	69.61	
42501.5520833333	84.35	70.27	
42502.6770833333	84.35	69.07	
42521.59375	84.35	68.26	
42528.4270833333	84.35	69.28	
42490.7708333333	84.365	76.08	
42520.6041666667	84.365	69.74	
42520.7708333333	84.365	72.39	
42521.6458333333	84.365	65.41	
42531.4479166667	84.3661538461538	69.41	
42443.5416666667	84.377	68.01	
42500.5	84.377	67.27	
42530.4166666667	84.377	65.87	
42499.6145833333	84.392	70.17	
42520.5729166667	84.392	66.96	
42530.7291666667	84.4261538461538	66.16	
42519.8229166667	84.428	77.04	
42503.53125	84.536	69.71	
42514.53125	84.536	68.46	
42522.53125	84.536	69.07	
42501.5625	84.575	68.19	
42502.6875	84.575	66.97	
42521.6041666667	84.575	69.58	
42528.4375	84.575	67.39	
42499.7083333333	84.584	65.76	
42532.875	84.584	77.97	
42490.7604166667	84.59	76.03	
42520.59375	84.59	69.38	
42520.7604166667	84.59	71.24	
42521.6354166667	84.59	65.56	
42486.6145833333	84.656	65	
42512.75	84.689	74.88	
42488.5520833333	84.746	63.41	
42489.59375	84.746	66.51	
42520.6354166667	84.746	66.84	
42527.46875	84.746	69.38	
42529.4270833333	84.746	69.41	
42460.6875	84.779	69.66	
42501.5729166667	84.8	67.04	
42502.6979166667	84.8	65.87	
42521.6145833333	84.8	67.47	
42528.4479166667	84.8	67.66	
42490.75	84.815	76.01	
42520.5833333333	84.815	68.66	
42521.625	84.815	66.27	
42515.46875	84.8227027027027	69.71	
42460.6458333333	84.827	65.48	
42485.6041666667	84.827	70.46	
42518.8020833333	84.878	75.17	
42527.8020833333	84.878	73.75	
42528.84375	84.878	74.79	
42531.8020833333	84.878	75.34	
42486.625	84.92	65.56	
42486.6354166667	84.92	67.27	
42486.6458333333	84.92	66.34	
42486.65625	84.92	66.32	
42486.6666666667	84.92	65.6	
42486.6770833333	84.92	65.66	
42486.6875	84.92	66.42	
42486.6979166667	84.92	67.47	
42486.7083333333	84.92	70.23	
42486.71875	84.92	68.56	
42486.7291666667	84.92	67.24	
42499.625	84.92	67.31	
42499.6354166667	84.92	65.77	
42499.6458333333	84.92	65	
42499.65625	84.92	68.51	
42499.6666666667	84.92	70.86	
42499.6770833333	84.92	67.62	
42499.6875	84.92	66.24	
42499.6979166667	84.92	66.19	
42503.5416666667	84.92	69.51	
42503.5520833333	84.92	67.34	
42503.5625	84.92	65.49	
42503.5729166667	84.92	64.71	
42503.5833333333	84.92	69.49	
42503.59375	84.92	69.59	
42503.6041666667	84.92	67.37	
42531.4583333333	84.92	67.97	
42531.46875	84.92	66.54	
42531.4791666667	84.92	65.52	
42531.4895833333	84.92	65.62	
42502.7083333333	85.046	65.67	
42522.5416666667	85.046	67.95	
42527.5416666667	85.046	67.9	
42490.7395833333	85.064	75.89	
42527.53125	85.064	69.5	
42527.6145833333	85.064	66.44	
42443.5520833333	85.142	67.19	
42500.5104166667	85.142	66.12	
42530.4270833333	85.142	68.62	
42501.5833333333	85.172	66.31	
42515.5	85.172	66.48	
42527.625	85.172	70.21	
42528.4583333333	85.172	69.81	
42519.8125	85.193	77.02	
42512.7395833333	85.208	74.78	
42488.5625	85.241	67.83	
42489.6041666667	85.241	69.52	
42520.6458333333	85.241	69.96	
42527.4791666667	85.241	67.02	
42529.4375	85.241	67.81	
42460.6770833333	85.274	64.9	
42514.5416666667	85.277	67.2	
42531.5	85.277	69.44	
42502.71875	85.316	66.46	
42522.5520833333	85.316	66.78	
42527.5520833333	85.316	66.59	
42532.8645833333	85.328	77.98	
42490.7291666667	85.334	75.74	
42501.7291666667	85.334	67.21	
42527.5208333333	85.334	70.33	
42527.6041666667	85.334	66.68	
42515.4895833333	85.46	67.1	
42502.7291666667	85.586	68.21	
42522.5625	85.586	65.91	
42527.5625	85.586	65.93	
42460.65625	85.592	62.37	
42485.6145833333	85.592	68.59	
42490.71875	85.604	75.35	
42501.71875	85.604	65.88	
42527.5104166667	85.604	69.84	
42527.59375	85.604	68.99	
42515.4791666667	85.6254054054054	67.97	
42518.7916666667	85.643	75.12	
42527.7916666667	85.643	73.5	
42528.8333333333	85.643	74.69	
42531.7916666667	85.643	75.21	
42501.59375	85.712	65.66	
42515.5104166667	85.712	66.07	
42527.6354166667	85.712	69.96	
42528.46875	85.712	69.59	
42488.5729166667	85.736	65.68	
42520.65625	85.736	69.47	
42527.4895833333	85.736	65.76	
42529.4479166667	85.736	65.86	
42512.7291666667	85.748	74.61	
42520.7291666667	85.748	67.16	
42460.6666666667	85.769	60.73	
42522.5729166667	85.856	65.46	
42527.5729166667	85.856	69.32	
42490.7083333333	85.874	70.64	
42501.7083333333	85.874	67.37	
42527.5	85.874	66.02	
42527.5833333333	85.874	70.19	
42443.5625	85.907	67.32	
42500.5208333333	85.907	65.44	
42530.4375	85.907	69.6	
42519.8020833333	85.958	76.96	
42514.5520833333	86.042	67.75	
42531.5104166667	86.042	70.18	
42532.8541666667	86.093	77.98	
42485.625	86.126	67.46	
42488.5833333333	86.126	63.47	
42520.6666666667	86.126	67.51	
42522.5833333333	86.126	69.22	
42528.5416666667	86.126	65.31	
42529.4583333333	86.126	68.28	
42501.6979166667	86.144	70.24	
42527.78125	86.144	73.17	
42528.53125	86.144	66.93	
42522.6354166667	86.2	65.62	
42501.6041666667	86.252	66.84	
42515.5208333333	86.252	67.19	
42527.6458333333	86.252	67.91	
42528.4791666667	86.252	69.67	
42518.78125	86.264	75.08	
42512.71875	86.288	74.25	
42520.71875	86.288	68.12	
42485.6354166667	86.396	67.07	
42488.59375	86.396	62.39	
42520.6770833333	86.396	66.02	
42522.59375	86.396	69.17	
42528.5520833333	86.396	68.71	
42529.46875	86.396	69.81	
42528.8229166667	86.408	74.54	
42531.78125	86.408	74.91	
42485.7291666667	86.414	67.76	
42488.7291666667	86.414	65.8	
42501.6875	86.414	69.33	
42515.7291666667	86.414	66.41	
42527.7708333333	86.414	72.68	
42528.5208333333	86.414	69.28	
42485.6458333333	86.666	67.08	
42488.6041666667	86.666	60.95	
42520.6875	86.666	65.54	
42522.6041666667	86.666	67.21	
42528.5625	86.666	70.03	
42529.4791666667	86.666	68.93	
42443.5729166667	86.672	67.9	
42500.53125	86.672	69.06	
42530.4479166667	86.672	69.61	
42485.71875	86.684	68.04	
42488.71875	86.684	66.32	
42501.6770833333	86.684	66.31	
42515.71875	86.684	67.12	
42527.7604166667	86.684	71.69	
42528.5104166667	86.684	69.79	
42519.7916666667	86.723	76.89	
42500.7291666667	86.759	70.03	
42514.7291666667	86.759	67.2	
42518.7708333333	86.759	74.99	
42501.6145833333	86.792	69.27	
42515.53125	86.792	69.43	
42527.65625	86.792	66.62	
42528.4895833333	86.792	69.02	
42522.625	86.8	65.61	
42514.5625	86.807	69.66	
42531.5208333333	86.807	69.92	
42512.7083333333	86.828	69.89	
42520.7083333333	86.828	70.26	
42532.84375	86.858	77.98	
42485.65625	86.936	66.93	
42488.6145833333	86.936	63.52	
42520.6979166667	86.936	66.33	
42522.6145833333	86.936	66.02	
42528.5729166667	86.936	69.67	
42529.4895833333	86.936	66.74	
42485.7083333333	86.954	69.01	
42488.7083333333	86.954	67.54	
42501.6666666667	86.954	66.81	
42515.7083333333	86.954	68.58	
42528.5	86.954	68.29	
42485.6666666667	87.08	66.56	
42485.6770833333	87.08	66.49	
42485.6875	87.08	66.44	
42485.6979166667	87.08	69.69	
42488.625	87.08	69.32	
42488.6354166667	87.08	67.89	
42488.6458333333	87.08	65.14	
42488.65625	87.08	63.99	
42488.6666666667	87.08	63.55	
42488.6770833333	87.08	65.34	
42488.6875	87.08	70.17	
42488.6979166667	87.08	70.03	
42501.625	87.08	70.07	
42501.6354166667	87.08	69.81	
42501.6458333333	87.08	69.92	
42501.65625	87.08	68.47	
42519.75	87.08	76.56	
42519.7604166667	87.08	76.67	
42519.7708333333	87.08	76.77	
42519.78125	87.08	76.83	
42527.6666666667	87.08	69.69	
42527.6770833333	87.08	70.26	
42527.6875	87.08	67.44	
42527.6979166667	87.08	66.71	
42527.7083333333	87.08	69.26	
42527.71875	87.08	68.37	
42527.7291666667	87.08	67.31	
42528.8125	87.173	74.32	
42531.7708333333	87.173	74.24	
42443.5833333333	87.185	68.42	
42500.5416666667	87.185	70.58	
42515.5416666667	87.185	69.18	
42528.5833333333	87.185	67.23	
42529.5	87.185	65.39	
42530.4583333333	87.185	68.06	
42515.6979166667	87.2	69.63	
42500.71875	87.254	66.28	
42514.71875	87.254	67.33	
42518.7604166667	87.254	74.87	
42519.7395833333	87.344	76.46	
42443.59375	87.41	68.63	
42500.5520833333	87.41	69.31	
42515.5520833333	87.41	67.74	
42528.59375	87.41	68.88	
42529.5104166667	87.41	68.14	
42530.46875	87.41	67.15	
42515.6875	87.425	67.24	
42530.71875	87.4723076923077	66.27	
42514.5729166667	87.572	68.67	
42531.53125	87.572	70.07	
42532.8333333333	87.623	77.96	
42443.6041666667	87.635	67.87	
42500.5625	87.635	67.51	
42515.5625	87.635	67.22	
42528.6041666667	87.635	70.22	
42529.5208333333	87.635	69.61	
42530.4791666667	87.635	66.21	
42515.6770833333	87.65	66.04	
42500.7083333333	87.749	67.28	
42514.7083333333	87.749	67.5	
42518.75	87.749	74.67	
42519.7291666667	87.839	76.26	
42443.6145833333	87.86	67.99	
42500.5729166667	87.86	66.56	
42515.5729166667	87.86	67.01	
42528.6145833333	87.86	67.55	
42529.53125	87.86	69.2	
42530.4895833333	87.86	67.51	
42515.6666666667	87.875	66.48	
42528.8020833333	87.938	74.08	
42443.625	87.98	68.87	
42443.6354166667	87.98	69.2	
42443.6458333333	87.98	68.87	
42443.65625	87.98	69.19	
42443.6666666667	87.98	69.36	
42443.6770833333	87.98	68.96	
42443.6875	87.98	69.86	
42443.6979166667	87.98	70.33	
42443.7083333333	87.98	69.61	
42443.71875	87.98	70.06	
42443.7291666667	87.98	68.32	
42500.5833333333	87.98	67.02	
42500.59375	87.98	70.03	
42500.6041666667	87.98	70.13	
42500.6145833333	87.98	67.79	
42500.625	87.98	66.39	
42500.6354166667	87.98	66.33	
42500.6458333333	87.98	69.76	
42500.65625	87.98	69.65	
42500.6666666667	87.98	67.32	
42500.6770833333	87.98	66.23	
42500.6875	87.98	69.34	
42500.6979166667	87.98	69.62	
42514.5833333333	87.98	67.2	
42514.59375	87.98	66.47	
42514.6041666667	87.98	66.11	
42514.6145833333	87.98	68.64	
42515.5833333333	87.98	66.93	
42515.59375	87.98	66.75	
42515.6041666667	87.98	66.74	
42515.6145833333	87.98	68.54	
42515.625	87.98	68.81	
42515.6354166667	87.98	67.96	
42515.6458333333	87.98	67.16	
42515.65625	87.98	66.75	
42529.6666666667	87.98	66.39	
42529.6770833333	87.98	65.09	
42529.6875	87.98	64.52	
42529.6979166667	87.98	69.21	
42529.7083333333	87.98	69.92	
42529.71875	87.98	67.82	
42529.7291666667	87.98	66.46	
42514.625	88.106	68.91	
42529.5416666667	88.106	67.68	
42530.5	88.106	69.78	
42514.6979166667	88.124	67.73	
42518.7395833333	88.124	74.38	
42532.8229166667	88.196	77.93	
42528.625	88.211	67.46	
42531.5416666667	88.211	69.26	
42529.65625	88.244	67.81	
42519.71875	88.334	75.93	
42514.6354166667	88.376	67.32	
42529.5520833333	88.376	65.95	
42530.5104166667	88.376	68.57	
42514.6875	88.394	68.22	
42518.7291666667	88.394	73.26	
42532.8125	88.601	77.87	
42514.6458333333	88.646	66.73	
42529.5625	88.646	64.7	
42530.5208333333	88.646	66.53	
42514.6770833333	88.664	69.29	
42528.7916666667	88.703	73.72	
42528.6354166667	88.706	70.03	
42531.5520833333	88.706	67.43	
42529.6458333333	88.739	69.54	
42519.7083333333	88.829	74.41	
42514.65625	88.916	66.57	
42529.5729166667	88.916	69.12	
42530.53125	88.916	65.66	
42514.6666666667	88.934	67.36	
42532.8020833333	89.006	77.82	
42528.7083333333	89.06	66.44	
42528.71875	89.06	67.32	
42528.7291666667	89.06	67.47	
42528.7604166667	89.06	71.49	
42528.7708333333	89.06	72.66	
42528.78125	89.06	73.29	
42529.5833333333	89.165	69.54	
42530.5416666667	89.165	68.68	
42528.6979166667	89.18	67.09	
42528.6458333333	89.201	68.93	
42531.5625	89.201	66.51	
42529.6354166667	89.234	69.15	
42529.59375	89.39	68.08	
42530.5520833333	89.39	70.07	
42528.6875	89.405	68.42	
42532.7916666667	89.411	77.76	
42529.6041666667	89.615	66.94	
42530.5625	89.615	67.94	
42528.6770833333	89.63	70.06	
42528.65625	89.696	66.57	
42531.5729166667	89.696	65.96	
42529.625	89.729	65.22	
42532.78125	89.756	77.71	
42529.6145833333	89.84	65.61	
42530.5729166667	89.84	66.31	
42528.6666666667	89.855	67.86	
42530.5833333333	89.96	65.86	
42530.59375	89.96	65.95	
42530.6041666667	89.96	69.61	
42530.6145833333	89.96	69.43	
42532.7708333333	90.0485	77.66	
42530.625	90.086	67.56	
42531.5833333333	90.086	69.91	
42532.7604166667	90.341	77.59	
42530.6354166667	90.356	67.63	
42531.59375	90.356	69.3	
42530.7083333333	90.5184615384615	66.87	
42530.6458333333	90.626	66.66	
42531.6041666667	90.626	67.62	
42532.75	90.6335	77.53	
42530.65625	90.896	66.49	
42532.7395833333	90.926	77.46	
42530.6666666667	91.145	66.02	
42532.7291666667	91.2185	77.37	
42530.6770833333	91.37	68.82	
42532.71875	91.511	77.29	
42530.6875	91.595	68.67	
42532.7083333333	91.8035	77.21	
42530.6979166667	91.82	67.17	
42532.6666666667	91.94	74.92	
42532.6770833333	91.94	76.57	
42532.6875	91.94	76.89	
42532.6979166667	91.94	77.07	
