Date	OADryBulbTemperatureNOAA	ZoneLoadforContainerFPVAV29	
42463.25	42.98	4536	
42463.2604166667	42.98	4536	
42463.2708333333	42.98	3888	
42463.28125	42.98	3888	
42463.2916666667	43.211	3888	
42463.2395833333	43.244	4536	
42463.3020833333	43.706	5184	
42463.2291666667	43.739	4536	
42463.3125	44.201	4536	
42463.21875	44.234	5184	
42463.3229166667	44.696	5184	
42463.2083333333	44.729	5184	
42462.2916666667	45.086	3888	
42462.28125	45.104	5184	
42463.1979166667	45.104	5184	
42462.3020833333	45.356	5184	
42462.2708333333	45.374	5184	
42463.1875	45.374	3888	
42462.3125	45.626	5184	
42462.2604166667	45.644	3888	
42463.1770833333	45.644	3888	
42462.3229166667	45.896	5184	
42462.25	45.914	3888	
42463.1666666667	45.914	2592	
42462.09375	46.04	3240	
42462.1041666667	46.04	4536	
42462.1145833333	46.04	4536	
42462.2083333333	46.04	4536	
42462.21875	46.04	3240	
42462.2291666667	46.04	3888	
42462.2395833333	46.04	5184	
42463.3333333333	46.136	5184	
42462.125	46.145	3888	
42462.1979166667	46.16	4536	
42463.15625	46.16	2592	
42462.1354166667	46.37	3888	
42462.1875	46.385	3240	
42463.1458333333	46.385	2592	
42462.3333333333	46.502	5184	
42462.1458333333	46.595	3888	
42462.1770833333	46.61	3240	
42462.15625	46.82	3240	
42462.1666666667	46.835	3240	
42463.125	46.835	3240	
42461.9895833333	47.204	3888	
42463.1145833333	47.204	3240	
42462.34375	47.492	5184	
42461.9791666667	47.699	2592	
42463.1041666667	47.699	3240	
42467.2083333333	48.125	4536	
42467.2916666667	48.125	3240	
42467.28125	48.14	3240	
42461.96875	48.194	2592	
42463.09375	48.194	3240	
42467.1979166667	48.284	4536	
42467.21875	48.35	3888	
42467.3020833333	48.35	3240	
42467.2708333333	48.365	3888	
42462.3541666667	48.482	5184	
42467.2291666667	48.575	3888	
42467.3125	48.575	3240	
42467.2604166667	48.59	3888	
42463.34375	48.656	4536	
42461.9583333333	48.689	2592	
42463.0833333333	48.689	3240	
42467.1875	48.779	4536	
42467.2395833333	48.8	3888	
42467.3229166667	48.8	4536	
42467.25	48.815	3888	
42461.9166666667	48.92	3240	
42461.9270833333	48.92	3240	
42461.9375	48.92	3240	
42461.9479166667	48.92	3240	
42461.90625	49.208	3240	
42467.1770833333	49.274	3240	
42462.3645833333	49.472	5184	
42461.8958333333	49.748	3240	
42467.1666666667	49.769	3240	
42467.3333333333	50.096	3888	
42464.28125	50.144	3240	
42464.2916666667	50.231	3240	
42467.15625	50.264	3240	
42461.8854166667	50.288	3240	
42464.2708333333	50.414	3240	
42462.375	50.588	5184	
42464.2604166667	50.684	3240	
42464.3020833333	50.726	3240	
42467.1458333333	50.759	3888	
42461.875	50.828	3240	
42464.25	50.954	3240	
42463.3541666667	51.176	4536	
42464.2395833333	51.2	3240	
42464.3125	51.221	3240	
42467.1354166667	51.254	3888	
42461.8645833333	51.344	3240	
42467.09375	51.41	4536	
42464.2291666667	51.425	3240	
42467.1041666667	51.635	3888	
42464.21875	51.65	3240	
42464.3229166667	51.716	4536	
42467.125	51.749	3888	
42461.8541666667	51.839	3888	
42462.3854166667	51.848	5184	
42467.1145833333	51.86	3888	
42464.2083333333	51.875	3240	
42464.1666666667	51.98	2592	
42464.1770833333	51.98	2592	
42464.1875	51.98	1944	
42464.1979166667	51.98	1944	
42465.25	51.98	3240	
42465.2604166667	51.98	3240	
42465.2708333333	51.98	3240	
42465.28125	51.98	3240	
42465.2916666667	51.98	3240	
42465.3020833333	51.98	3888	
42465.3125	51.98	3888	
42465.3229166667	51.98	3888	
42462.9583333333	52.211	1944	
42464.15625	52.244	2592	
42465.2395833333	52.244	7128	
42461.84375	52.334	2592	
42464.3333333333	52.568	3240	
42467.34375	52.616	4536	
42465.3333333333	52.673	4536	
42462.96875	52.706	1944	
42464.1458333333	52.739	2592	
42465.2291666667	52.739	5832	
42462.9479166667	52.772	2592	
42461.8333333333	52.829	2592	
42461.7916666667	53.06	3240	
42461.8020833333	53.06	3240	
42461.8125	53.06	2592	
42461.8229166667	53.06	3240	
42462.3958333333	53.108	4536	
42462.9791666667	53.201	3240	
42464.1354166667	53.234	3240	
42465.21875	53.234	5832	
42461.78125	53.324	3240	
42462.9895833333	53.696	3240	
42463.3645833333	53.696	4536	
42464.125	53.729	3240	
42465.2083333333	53.729	5184	
42461.7708333333	53.819	3888	
42464.34375	53.828	5184	
42464.09375	53.96	3240	
42464.1041666667	53.96	3240	
42464.1145833333	53.96	3240	
42461.7083333333	54.086	3240	
42465.34375	54.158	5184	
42461.6979166667	54.224	3240	
42465.1979166667	54.224	5184	
42462.9375	54.257	2592	
42461.7604166667	54.314	3888	
42461.71875	54.356	3240	
42462.40625	54.368	5184	
42461.7291666667	54.626	3240	
42461.6875	54.719	3240	
42465.1875	54.719	4536	
42461.75	54.809	3888	
42461.7395833333	54.896	3888	
42464.3541666667	55.088	7128	
42467.3541666667	55.136	6480	
42461.6770833333	55.214	3240	
42465.1770833333	55.214	3240	
42475.2395833333	55.4385714285714	5184	
42475.2291666667	55.5832142857143	5184	
42462.4166666667	55.628	3888	
42465.3541666667	55.643	7128	
42461.6666666667	55.709	3240	
42465.1666666667	55.709	3240	
42475.21875	55.7278571428571	3240	
42463.375	55.733	4536	
42462.9270833333	55.742	2592	
42475.2083333333	55.8725	3240	
42465.125	55.94	3240	
42465.1458333333	55.94	3240	
42465.15625	55.94	3240	
42475.25	55.94	5184	
42475.3020833333	55.94	3240	
42475.3125	55.94	3240	
42475.3229166667	55.94	5184	
42468.0833333333	56.066	3240	
42461.65625	56.084	3240	
42466.1979166667	56.084	3240	
42475.1979166667	56.084	4536	
42475.3333333333	56.0920689655172	5832	
42465.1145833333	56.204	3240	
42475.2604166667	56.3194594594595	3240	
42468.09375	56.336	3240	
42461.6458333333	56.354	3240	
42466.1875	56.354	3240	
42475.1875	56.354	3240	
42466.2083333333	56.36	3240	
42475.34375	56.4179310344828	7128	
42466.25	56.57	5832	
42468.1041666667	56.606	3240	
42461.6354166667	56.624	1944	
42466.1770833333	56.624	3240	
42475.1770833333	56.624	3240	
42465.1041666667	56.699	3240	
42475.3541666667	56.7437931034483	7128	
42475.2708333333	56.7572972972973	3240	
42468.1145833333	56.876	3240	
42462.4270833333	56.888	3888	
42461.625	56.894	1944	
42466.1666666667	56.894	3240	
42475.1666666667	56.894	3240	
42461.3229166667	57.02	3240	
42466.2604166667	57.02	5832	
42466.2708333333	57.02	6480	
42466.28125	57.02	6480	
42466.2916666667	57.02	3240	
42468.125	57.02	3240	
42468.1458333333	57.02	3240	
42468.15625	57.02	3240	
42475.2916666667	57.02	3240	
42466.21875	57.0384615384615	3240	
42475.3645833333	57.0696551724138	7128	
42466.2291666667	57.1076923076923	5184	
42475.28125	57.11	3240	
42468.1666666667	57.125	3240	
42469.25	57.125	3240	
42465.3645833333	57.128	7128	
42466.9895833333	57.14	3888	
42469.2395833333	57.14	3240	
42474.28125	57.14	3240	
42466.2395833333	57.1769230769231	5832	
42465.09375	57.194	3240	
42461.3125	57.2114893617021	2592	
42463.3854166667	57.218	3888	
42462.9166666667	57.227	1944	
42475.15625	57.284	3240	
42483.28125	57.284	3240	
42468.1770833333	57.35	3240	
42469.2604166667	57.35	3240	
42466.9791666667	57.365	3888	
42469.2291666667	57.365	3240	
42474.2708333333	57.365	3240	
42466.15625	57.428	3240	
42461.3020833333	57.4987234042553	3240	
42474.2916666667	57.5046153846154	3240	
42468.1875	57.575	3240	
42469.2708333333	57.575	3240	
42466.96875	57.59	3240	
42469.21875	57.59	3240	
42474.2604166667	57.59	3240	
42461.3333333333	57.608	3888	
42466.3020833333	57.614	3240	
42467.3645833333	57.656	4536	
42465.0833333333	57.689	3240	
42464.375	57.713	7128	
42483.2916666667	57.713	3240	
42475.1458333333	57.779	3240	
42483.2708333333	57.779	3240	
42461.2916666667	57.7859574468085	4536	
42468.1979166667	57.8	3240	
42469.28125	57.8	3240	
42466.9583333333	57.815	3888	
42469.2083333333	57.815	3240	
42474.25	57.815	5184	
42469.125	57.92	3240	
42469.1354166667	57.92	3240	
42469.1458333333	57.92	3240	
42469.15625	57.92	3240	
42469.1666666667	57.92	3240	
42469.1770833333	57.92	3240	
42469.1875	57.92	3240	
42469.1979166667	57.92	3240	
42475.375	57.92	8424	
42475.3854166667	57.92	8424	
42461.6145833333	57.956	648	
42475.3958333333	58.0064	8424	
42469.2916666667	58.046	2592	
42469.1145833333	58.064	3240	
42474.2395833333	58.064	5184	
42462.4375	58.148	3888	
42466.1458333333	58.193	3240	
42461.28125	58.208	3240	
42466.9479166667	58.208	3888	
42483.2604166667	58.274	3888	
42469.3020833333	58.316	3240	
42462.90625	58.328	1944	
42463.9895833333	58.328	3240	
42469.1041666667	58.334	4536	
42474.2291666667	58.334	5184	
42466.3125	58.3565	3240	
42468.2083333333	58.508	5184	
42469.3125	58.586	3240	
42469.09375	58.604	3888	
42474.21875	58.604	3240	
42475.40625	58.6544	7776	
42463.3958333333	58.703	3888	
42465.375	58.739	7128	
42461.2708333333	58.748	3240	
42466.9375	58.748	3888	
42475.125	58.769	3240	
42483.25	58.769	3240	
42469.3229166667	58.856	4536	
42461.34375	58.868	3888	
42474.2083333333	58.874	3240	
42466.1354166667	58.958	3240	
42466.3229166667	59	3240	
42474.3020833333	59	3240	
42474.3125	59	3240	
42474.3229166667	59	3240	
42474.3333333333	59	3240	
42475.0833333333	59	3240	
42475.09375	59	3240	
42475.1041666667	59	3240	
42475.1145833333	59	3240	
42483.125	59	3240	
42483.1458333333	59	3240	
42483.15625	59	3240	
42483.1666666667	59	3240	
42483.1770833333	59	3240	
42483.1875	59	4536	
42483.1979166667	59	3888	
42483.2083333333	59	4536	
42483.21875	59	3888	
42483.2291666667	59	3888	
42483.2395833333	59	3888	
42462.8958333333	59.093	1944	
42463.9791666667	59.093	1944	
42474.34375	59.1157142857143	5832	
42468.3229166667	59.144	3240	
42474.9479166667	59.144	3240	
42475.0729166667	59.144	3240	
42464.3854166667	59.198	8424	
42483.3020833333	59.198	3240	
42475.4166666667	59.231	6480	
42474.1979166667	59.2541176470588	3240	
42483.1145833333	59.264	3240	
42484.28125	59.264	3240	
42461.2604166667	59.288	3240	
42466.9270833333	59.288	3888	
42474.9583333333	59.378	3240	
42462.4479166667	59.408	3888	
42468.3125	59.414	3240	
42474.9375	59.414	3240	
42475.0625	59.414	3240	
42469.3333333333	59.462	2592	
42484.2916666667	59.462	3240	
42468.3333333333	59.588	3240	
42466.3333333333	59.63	5184	
42468.3020833333	59.684	3240	
42474.9270833333	59.684	3240	
42474.3541666667	59.6942857142857	7128	
42461.6041666667	59.711	1944	
42466.125	59.723	3240	
42475.4270833333	59.726	6480	
42474.1875	59.7305882352941	3240	
42483.1041666667	59.759	4536	
42484.2708333333	59.759	2592	
42468.21875	59.768	5184	
42461.25	59.828	3240	
42466.9166666667	59.828	3888	
42462.8854166667	59.858	2592	
42463.96875	59.858	648	
42467.375	59.924	5184	
42468.2916666667	59.954	3240	
42474.9166666667	59.954	3888	
42466.09375	60.08	1944	
42466.1041666667	60.08	3240	
42466.1145833333	60.08	3240	
42466.34375	60.08	5832	
42466.3541666667	60.08	5832	
42466.3645833333	60.08	7776	
42474.96875	60.08	3240	
42474.9791666667	60.08	1944	
42474.9895833333	60.08	1944	
42482.25	60.08	3240	
42482.2604166667	60.08	3240	
42482.2708333333	60.08	3240	
42482.28125	60.08	3240	
42466.375	60.1166666666667	8424	
42461.3541666667	60.128	3888	
42463.40625	60.188	3240	
42464.9895833333	60.2	3240	
42474.90625	60.2	3888	
42474.1770833333	60.2184615384615	3240	
42475.4375	60.221	7776	
42483.09375	60.254	3888	
42484.2604166667	60.254	3240	
42482.2916666667	60.311	3240	
42461.2395833333	60.344	3240	
42482.2395833333	60.344	3240	
42464.9791666667	60.425	2592	
42474.8958333333	60.425	3888	
42474.3645833333	60.4261538461538	7128	
42469.34375	60.452	2592	
42484.3020833333	60.452	3888	
42468.28125	60.464	3240	
42465.3854166667	60.494	8424	
42466.90625	60.608	3888	
42476.0833333333	60.6130769230769	5832	
42462.875	60.623	2592	
42463.9583333333	60.623	648	
42462.4583333333	60.647	2592	
42464.96875	60.65	3888	
42474.8854166667	60.65	1944	
42466.3854166667	60.6666666666667	7128	
42464.3958333333	60.683	8424	
42483.3125	60.683	3240	
42475.4479166667	60.716	7776	
42474.1666666667	60.7376923076923	3240	
42483.0833333333	60.749	5832	
42484.25	60.749	3240	
42482.3020833333	60.806	3240	
42461.2291666667	60.839	3240	
42482.2291666667	60.839	3240	
42468.34375	60.848	5184	
42473.2395833333	60.872	5184	
42464.9583333333	60.875	3240	
42474.875	60.875	1944	
42473.2083333333	60.98	3240	
42473.21875	60.98	3240	
42473.2291666667	60.98	5832	
42473.25	60.98	5184	
42473.2604166667	60.98	7128	
42473.2708333333	60.98	7128	
42473.28125	60.98	4536	
42473.2916666667	60.98	4536	
42473.3020833333	60.98	3240	
42473.3125	60.98	1944	
42473.3229166667	60.98	3888	
42474.1458333333	60.98	3240	
42474.15625	60.98	3240	
42480.3333333333	60.98	5832	
42480.34375	60.98	7128	
42480.3541666667	60.98	7128	
42483.0729166667	60.98	5184	
42484.2083333333	60.98	3240	
42484.21875	60.98	3240	
42484.2291666667	60.98	3240	
42484.2395833333	60.98	3240	
42468.2291666667	61.028	3240	
42476.1354166667	61.06	3240	
42474.375	61.106	7128	
42463.9479166667	61.124	648	
42484.1979166667	61.124	3240	
42473.3333333333	61.1342857142857	3240	
42481.34375	61.148	3240	
42473.1979166667	61.1763636363636	3888	
42468.2708333333	61.184	3240	
42466.3958333333	61.2166666666667	7776	
42462.8645833333	61.244	1944	
42464.9479166667	61.244	3888	
42467.9895833333	61.244	1944	
42474.8645833333	61.244	3888	
42482.3125	61.301	3240	
42461.21875	61.334	3240	
42482.21875	61.334	3240	
42474.1354166667	61.34	3240	
42474.3854166667	61.376	7128	
42461.3645833333	61.388	3888	
42463.9375	61.394	648	
42484.1875	61.394	3240	
42469.3541666667	61.442	2592	
42484.3125	61.442	2592	
42463.4166666667	61.442	4536	
42475.4583333333	61.442	7776	
42473.34375	61.4648979591837	5832	
42461.59375	61.466	3240	
42481.3541666667	61.508	5832	
42480.3645833333	61.52	7776	
42473.1875	61.5445454545455	3888	
42466.8958333333	61.598	3888	
42474.3958333333	61.646	7128	
42476.1458333333	61.66	3888	
42463.9270833333	61.664	648	
42484.1770833333	61.664	3240	
42462.8541666667	61.739	1296	
42464.9375	61.739	5184	
42467.9791666667	61.739	3888	
42474.8541666667	61.739	3888	
42476.09375	61.7553846153846	5832	
42466.40625	61.7666666666667	6480	
42473.3541666667	61.7955102040816	5832	
42482.3229166667	61.796	3240	
42461.2083333333	61.829	3240	
42482.2083333333	61.829	3240	
42474.125	61.8309090909091	3240	
42480.3229166667	61.844	3888	
42462.46875	61.862	2592	
42481.3645833333	61.868	7776	
42468.2604166667	61.904	3240	
42467.3854166667	61.904	5184	
42473.1770833333	61.9127272727273	3888	
42474.40625	61.916	6480	
42463.9166666667	61.934	1296	
42484.1666666667	61.934	3240	
42470.25	62.06	2592	
42470.2604166667	62.06	2592	
42470.2708333333	62.06	2592	
42470.28125	62.06	2592	
42470.2916666667	62.06	2592	
42473.0833333333	62.06	3240	
42473.09375	62.06	3240	
42473.125	62.06	3888	
42473.1354166667	62.06	3888	
42473.1458333333	62.06	1944	
42473.15625	62.06	3240	
42473.1666666667	62.06	3240	
42473.3645833333	62.06	5832	
42474.0729166667	62.06	3240	
42474.0833333333	62.06	3240	
42474.09375	62.06	3240	
42474.1041666667	62.06	3240	
42474.1145833333	62.06	1944	
42476.1875	62.06	5184	
42476.1979166667	62.06	5184	
42480.375	62.06	8424	
42480.3854166667	62.06	8424	
42480.3958333333	62.06	6480	
42480.40625	62.06	6480	
42481.375	62.06	7776	
42481.3854166667	62.06	9072	
42484.125	62.06	1944	
42484.1354166667	62.06	3240	
42484.1458333333	62.06	3240	
42484.15625	62.06	3240	
42476.1041666667	62.0975	5832	
42468.3541666667	62.108	5832	
42461.375	62.165	3888	
42465.9583333333	62.165	2592	
42473.375	62.165	7128	
42474.4166666667	62.165	7128	
42464.40625	62.168	8424	
42483.3229166667	62.168	3240	
42470.3020833333	62.1725	2592	
42461.1979166667	62.18	3240	
42470.2395833333	62.18	3240	
42482.1979166667	62.18	3240	
42476.2083333333	62.2257894736842	3240	
42462.84375	62.234	1296	
42464.9270833333	62.234	3888	
42467.96875	62.234	3240	
42474.84375	62.234	3240	
42465.3958333333	62.249	8424	
42473.1041666667	62.2664705882353	3240	
42476.125	62.267	4536	
42468.2395833333	62.288	3240	
42480.4166666667	62.291	9720	
42463.90625	62.324	1296	
42484.1145833333	62.324	1944	
42481.3958333333	62.3511764705882	8424	
42466.4166666667	62.36	9072	
42461.3854166667	62.39	2592	
42465.96875	62.39	3240	
42473.3854166667	62.39	7128	
42474.4270833333	62.39	6480	
42461.1875	62.405	3240	
42470.2291666667	62.405	3240	
42482.1875	62.405	3240	
42476.15625	62.4061538461538	3888	
42476.1770833333	62.4061538461538	3240	
42469.3645833333	62.432	2592	
42484.3229166667	62.432	2592	
42463.4270833333	62.432	4536	
42475.46875	62.432	6480	
42468.9895833333	62.444	3240	
42481.3333333333	62.5	3240	
42473.1145833333	62.5047058823529	1944	
42476.21875	62.5810526315789	3888	
42465.9479166667	62.588	3888	
42466.8854166667	62.588	3888	
42470.3125	62.594375	2592	
42461.3958333333	62.615	3888	
42465.9791666667	62.615	3240	
42473.3958333333	62.615	8424	
42474.4375	62.615	6480	
42468.25	62.624	3240	
42482.3333333333	62.627	3240	
42461.1770833333	62.63	3240	
42470.21875	62.63	3240	
42482.1770833333	62.63	3240	
42470.1145833333	62.6372413793103	3240	
42487.1979166667	62.6439024390244	3240	
42476.1145833333	62.66	4536	
42476.2395833333	62.6635294117647	4536	
42473.0729166667	62.7136842105263	4536	
42462.8333333333	62.729	1296	
42464.9166666667	62.729	3888	
42467.9583333333	62.729	3888	
42474.8333333333	62.729	3240	
42470.1041666667	62.7303448275862	1944	
42481.40625	62.7482352941176	7128	
42487.1875	62.7756097560976	648	
42473.9895833333	62.78	3240	
42480.4270833333	62.786	6480	
42463.8958333333	62.819	1296	
42484.1041666667	62.819	1944	
42461.40625	62.84	3240	
42465.9895833333	62.84	3240	
42473.40625	62.84	8424	
42474.4479166667	62.84	7128	
42461.1666666667	62.855	3240	
42470.2083333333	62.855	3240	
42482.1666666667	62.855	3240	
42487.1770833333	62.9073170731707	3240	
42476.1666666667	62.9253846153846	3888	
42476.2291666667	62.9363157894737	5184	
42461.09375	62.96	1944	
42461.1041666667	62.96	1944	
42461.1145833333	62.96	1944	
42461.125	62.96	3240	
42461.1458333333	62.96	3240	
42461.15625	62.96	3240	
42470.125	62.96	3240	
42470.1354166667	62.96	3240	
42470.1458333333	62.96	3240	
42470.15625	62.96	3240	
42470.1666666667	62.96	3240	
42470.1770833333	62.96	3240	
42470.1875	62.96	3240	
42470.1979166667	62.96	3240	
42470.3229166667	62.96	2592	
42473.9583333333	62.96	2592	
42473.96875	62.96	3888	
42473.9791666667	62.96	3240	
42487.1666666667	62.96	3240	
42487.2083333333	62.96	3240	
42487.21875	62.96	2592	
42487.2291666667	62.96	1944	
42487.2395833333	62.96	3240	
42466.4270833333	63.0615384615385	6480	
42462.4791666667	63.077	2592	
42461.4166666667	63.086	5184	
42461.5416666667	63.086	1944	
42487.25	63.086	3240	
42467.9479166667	63.104	3888	
42473.9479166667	63.104	1944	
42482.15625	63.104	3240	
42468.9791666667	63.164	3888	
42476.25	63.1903225806452	3888	
42461.5833333333	63.221	3240	
42461.53125	63.224	1944	
42474.4583333333	63.2613043478261	6480	
42480.4375	63.281	6480	
42463.8854166667	63.314	3888	
42484.09375	63.314	3240	
42470.3333333333	63.317	2592	
42461.4270833333	63.356	5832	
42461.5520833333	63.356	1944	
42487.2604166667	63.356	3240	
42464.90625	63.368	3888	
42468.3645833333	63.368	7128	
42467.9375	63.374	3888	
42473.9375	63.374	1944	
42482.1458333333	63.374	3240	
42463.4375	63.422	3888	
42469.375	63.422	2592	
42475.4791666667	63.422	6480	
42481.4166666667	63.422	7128	
42484.3333333333	63.422	2592	
42473.4166666667	63.455	7776	
42464.4166666667	63.548	7776	
42465.9375	63.578	3240	
42466.875	63.578	3888	
42461.4375	63.626	5832	
42461.5625	63.626	1944	
42487.2708333333	63.626	3240	
42462.8229166667	63.632	0	
42467.9270833333	63.644	4536	
42473.9270833333	63.644	3240	
42482.1354166667	63.644	3240	
42474.8229166667	63.6486956521739	3888	
42483.3333333333	63.674	3240	
42476.2604166667	63.6838709677419	4536	
42461.5208333333	63.719	1944	
42480.4479166667	63.776	6480	
42463.875	63.809	1296	
42484.0833333333	63.809	1944	
42482.34375	63.842	5184	
42467.3958333333	63.884	4536	
42468.96875	63.884	1944	
42461.4479166667	63.896	3888	
42461.5729166667	63.896	1944	
42487.28125	63.896	1944	
42474.46875	63.9069565217391	7776	
42467.9166666667	63.914	3888	
42473.9166666667	63.914	1944	
42482.125	63.914	3888	
42465.40625	64.004	8424	
42473.8333333333	64.04	3888	
42473.875	64.04	3888	
42473.8854166667	64.04	3240	
42473.8958333333	64.04	3888	
42473.90625	64.04	3240	
42479.0729166667	64.04	3240	
42479.0833333333	64.04	1944	
42479.2916666667	64.04	1944	
42479.3020833333	64.04	3240	
42482.0729166667	64.04	5184	
42482.0833333333	64.04	3888	
42482.09375	64.04	3240	
42482.1041666667	64.04	3240	
42482.1145833333	64.04	3240	
42487.2916666667	64.04	3240	
42487.3020833333	64.04	1944	
42487.3125	64.04	1944	
42487.3229166667	64.04	1944	
42473.84375	64.0676923076923	3240	
42470.34375	64.082	2592	
42480.3125	64.13	3888	
42461.4583333333	64.145	3240	
42480.4583333333	64.145	6480	
42469.9895833333	64.16	1944	
42484.0729166667	64.16	1944	
42476.2708333333	64.1774193548387	4536	
42479.3125	64.2025806451613	3888	
42473.8541666667	64.2061538461539	3888	
42461.5104166667	64.214	3240	
42488.1666666667	64.271	3240	
42479.09375	64.2823076923077	3240	
42462.4895833333	64.292	2592	
42482.9895833333	64.304	3240	
42472.9895833333	64.3066666666667	3888	
42473.8645833333	64.3446153846154	3888	
42461.46875	64.37	3240	
42480.46875	64.37	6480	
42487.3333333333	64.376	1944	
42479.3229166667	64.3767741935484	3888	
42469.9791666667	64.385	1944	
42463.4479166667	64.412	3888	
42469.3854166667	64.412	3240	
42475.4895833333	64.412	6480	
42481.4270833333	64.412	6480	
42484.34375	64.412	3888	
42475.9895833333	64.424	3888	
42479.28125	64.43375	3240	
42481.3229166667	64.4925714285714	3240	
42468.375	64.502	7128	
42473.4270833333	64.5157142857143	6480	
42479.1041666667	64.5419230769231	3240	
42473.8229166667	64.55	1944	
42474.4791666667	64.5526086956522	6480	
42479.2395833333	64.5675862068966	5832	
42465.9270833333	64.568	3888	
42463.8645833333	64.568	1296	
42466.4375	64.5846153846154	6480	
42461.4791666667	64.595	3240	
42480.4791666667	64.595	7776	
42479.2708333333	64.6025	3888	
42468.9583333333	64.604	3240	
42469.96875	64.61	648	
42479.0625	64.6111538461539	3240	
42479.15625	64.67	3888	
42476.28125	64.6709677419355	5184	
42461.5	64.709	1944	
42467.90625	64.712	3888	
42488.15625	64.76	1944	
42488.1770833333	64.766	3240	
42479.2604166667	64.77125	4536	
42482.9791666667	64.799	3888	
42479.1145833333	64.8015384615385	3240	
42472.9791666667	64.8066666666667	3888	
42464.4270833333	64.808	7776	
42461.4895833333	64.82	1944	
42480.4895833333	64.82	6480	
42469.9583333333	64.835	648	
42470.3541666667	64.847	2592	
42462.8125	64.892	0	
42464.8854166667	64.898	3888	
42472.3333333333	64.94	3888	
42472.34375	64.94	5832	
42472.3541666667	64.94	7776	
42472.3645833333	64.94	9072	
42472.375	64.94	8424	
42472.3854166667	64.94	8424	
42472.3958333333	64.94	8424	
42472.40625	64.94	7776	
42472.4166666667	64.94	7776	
42472.9166666667	64.94	5184	
42472.9270833333	64.94	3888	
42472.9375	64.94	5184	
42472.9479166667	64.94	4536	
42472.9583333333	64.94	3888	
42472.96875	64.94	3888	
42473.4375	64.94	7776	
42473.4479166667	64.94	7776	
42473.8020833333	64.94	4536	
42473.8125	64.94	3240	
42474.8125	64.94	3888	
42479.125	64.94	1944	
42479.1666666667	64.94	1944	
42479.25	64.94	5832	
42479.3333333333	64.94	5832	
42479.34375	64.94	5832	
42479.3541666667	64.94	6480	
42481.0833333333	64.94	1944	
42481.09375	64.94	2592	
42481.1041666667	64.94	3240	
42481.1145833333	64.94	3240	
42466.8645833333	64.976	3888	
42479.2291666667	64.9865517241379	5832	
42488.1458333333	65.021	3888	
42482.3541666667	65.057	5832	
42462.5	65.066	2592	
42473.4583333333	65.066	7776	
42480.5	65.066	6480	
42481.125	65.066	1944	
42469.9479166667	65.084	648	
42472.3229166667	65.084	3888	
42472.90625	65.084	3888	
42481.0729166667	65.084	3240	
42481.2395833333	65.084	5832	
42487.34375	65.096	1944	
42472.4270833333	65.1305882352941	7776	
42475.9791666667	65.144	3888	
42481.25	65.1443243243243	5184	
42476.2916666667	65.1645161290323	4536	
42487.15625	65.165	3888	
42481.5	65.171	7776	
42468.9479166667	65.204	3888	
42483.34375	65.204	3240	
42479.1770833333	65.2456603773585	1944	
42481.4895833333	65.2485714285714	6480	
42488.1875	65.261	3888	
42482.96875	65.294	3888	
42479.1458333333	65.3	3240	
42462.5104166667	65.336	3240	
42473.46875	65.336	7776	
42480.5104166667	65.336	6480	
42481.3125	65.3411428571429	3888	
42469.9375	65.354	3240	
42472.3125	65.354	3888	
42472.8958333333	65.354	3888	
42481.0625	65.354	3240	
42481.2291666667	65.354	3888	
42469.3958333333	65.402	2592	
42481.4375	65.402	6480	
42484.3541666667	65.402	2592	
42474.4895833333	65.4028571428571	6480	
42479.21875	65.4055172413793	5184	
42463.4583333333	65.423	2592	
42468.3854166667	65.492	7776	
42479.1875	65.551320754717	3240	
42465.9166666667	65.558	3888	
42463.8541666667	65.558	2592	
42481.2604166667	65.5821621621622	5832	
42462.5208333333	65.606	1944	
42473.4791666667	65.606	6480	
42480.5208333333	65.606	6480	
42481.1458333333	65.606	1944	
42472.4375	65.6070588235294	7776	
42470.3645833333	65.612	2592	
42469.9270833333	65.624	2592	
42472.3020833333	65.624	3240	
42472.8854166667	65.624	5184	
42481.21875	65.624	648	
42465.4166666667	65.654	9720	
42476.3020833333	65.658064516129	3240	
42464.875	65.663	3888	
42481.5104166667	65.666	6480	
42473.7916666667	65.6763636363636	4536	
42475.5	65.696	6480	
42468.9375	65.699	3888	
42474.8020833333	65.7427027027027	3240	
42488.1979166667	65.756	1944	
42482.9583333333	65.789	3240	
42487.3541666667	65.816	3240	
42479.2083333333	65.8244827586207	1944	
42481.4791666667	65.8271428571429	6480	
42488.125	65.831	1944	
42479.3645833333	65.8563636363636	7776	
42479.1979166667	65.8569811320755	3240	
42467.40625	65.864	4536	
42475.96875	65.864	4536	
42462.53125	65.876	1944	
42473.4895833333	65.876	6480	
42480.53125	65.876	6480	
42481.15625	65.876	1944	
42469.9166666667	65.894	3240	
42472.2916666667	65.894	3240	
42472.875	65.894	5184	
42481.2083333333	65.894	3240	
42467.8958333333	65.972	3888	
42472.4479166667	66.02	7776	
42472.4583333333	66.02	7776	
42472.46875	66.02	7776	
42472.4791666667	66.02	7776	
42472.4895833333	66.02	7776	
42472.8333333333	66.02	5184	
42472.84375	66.02	5184	
42472.8541666667	66.02	4536	
42472.8645833333	66.02	5184	
42473.78125	66.02	4536	
42478.3333333333	66.02	3888	
42478.34375	66.02	5832	
42478.3541666667	66.02	5832	
42478.3645833333	66.02	7128	
42478.375	66.02	8424	
42478.3854166667	66.02	8424	
42478.3958333333	66.02	8424	
42478.4166666667	66.02	9720	
42478.4270833333	66.02	9720	
42478.4375	66.02	11016	
42478.4479166667	66.02	10368	
42479.375	66.02	8424	
42481.2708333333	66.02	5184	
42481.3020833333	66.02	1944	
42488.2083333333	66.02	3888	
42464.4375	66.068	6480	
42478.09375	66.0892307692308	648	
42478.1041666667	66.092	648	
42466.4479166667	66.1076923076923	6480	
42473.5	66.125	7776	
42474.5833333333	66.125	10368	
42472.8229166667	66.14	5184	
42488.1145833333	66.14	3240	
42472.5	66.146	7776	
42462.8020833333	66.152	1296	
42476.3125	66.1533333333333	3888	
42481.5208333333	66.161	6480	
42472.28125	66.164	3240	
42478.1145833333	66.1691428571429	3240	
42478.40625	66.1723076923077	8424	
42468.9270833333	66.194	3240	
42481.1979166667	66.2046153846154	3240	
42470.375	66.251	2592	
42474.5	66.251	7128	
42482.3645833333	66.272	7128	
42465.90625	66.284	3240	
42469.90625	66.284	648	
42474.5729166667	66.284	10368	
42480.9895833333	66.284	3240	
42481.9895833333	66.284	5184	
42481.46875	66.30125	6480	
42481.1666666667	66.32	3240	
42473.5104166667	66.35	7776	
42474.59375	66.35	10368	
42472.8125	66.365	3888	
42488.1041666667	66.365	648	
42462.5416666667	66.377	1944	
42485.15625	66.3862068965517	1944	
42472.2083333333	66.3905882352941	3240	
42469.40625	66.392	2592	
42481.4479166667	66.392	6480	
42484.3645833333	66.392	2592	
42472.5104166667	66.416	6480	
42478.3229166667	66.4273684210526	1944	
42482.9479166667	66.428	3888	
42472.2708333333	66.434	4536	
42484.9895833333	66.44	3240	
42463.46875	66.458	2592	
42478.4583333333	66.47	10368	
42478.0729166667	66.4769230769231	3240	
42468.3958333333	66.482	8424	
42480.5416666667	66.482	8424	
42472.1979166667	66.5	3888	
42487.3645833333	66.536	3240	
42474.7916666667	66.5454054054054	3888	
42463.84375	66.548	1296	
42481.1875	66.5507692307692	3240	
42473.5208333333	66.575	7776	
42474.6041666667	66.575	7776	
42479.3854166667	66.5803773584906	8424	
42475.9583333333	66.584	3888	
42481.2916666667	66.5884210526316	3240	
42472.8020833333	66.59	5184	
42488.09375	66.59	3888	
42473.7708333333	66.5911538461538	4536	
42484.9791666667	66.6125	648	
42476.3229166667	66.6533333333333	5184	
42481.53125	66.656	7776	
42475.5104166667	66.68	6480	
42472.5208333333	66.686	8424	
42468.9166666667	66.689	3888	
42472.2604166667	66.704	6480	
42481.4583333333	66.723125	6480	
42466.8541666667	66.731	3240	
42483.3541666667	66.734	3240	
42478.28125	66.74	3240	
42470.3854166667	66.746	2592	
42474.5104166667	66.746	6480	
42465.8958333333	66.779	3888	
42469.8958333333	66.779	1944	
42474.5625	66.779	9720	
42480.9791666667	66.779	3888	
42481.9791666667	66.779	3240	
42473.53125	66.8	7776	
42474.6145833333	66.8	7128	
42464.8645833333	66.812	4536	
42472.7916666667	66.815	3888	
42488.0833333333	66.815	3240	
42485.1458333333	66.851724137931	1944	
42481.1770833333	66.8969230769231	3240	
42472.1875	66.92	3240	
42472.21875	66.92	3888	
42472.2291666667	66.92	5832	
42472.2395833333	66.92	5832	
42472.25	66.92	7128	
42473.5416666667	66.92	6480	
42474.625	66.92	7776	
42474.6354166667	66.92	6480	
42474.6458333333	66.92	7776	
42474.65625	66.92	7776	
42474.6666666667	66.92	7776	
42474.6770833333	66.92	6480	
42474.6875	66.92	7776	
42474.6979166667	66.92	7776	
42474.7083333333	66.92	5832	
42474.71875	66.92	5832	
42474.7291666667	66.92	5832	
42474.7395833333	66.92	4536	
42474.78125	66.92	3888	
42478.0833333333	66.92	1944	
42478.125	66.92	1944	
42478.21875	66.92	3888	
42478.2916666667	66.92	3240	
42478.3020833333	66.92	1944	
42478.3125	66.92	1944	
42478.46875	66.92	7128	
42481.28125	66.92	5184	
42481.5416666667	66.92	7776	
42481.5520833333	66.92	6480	
42483.9583333333	66.92	3888	
42483.96875	66.92	3888	
42483.9791666667	66.92	3888	
42483.9895833333	66.92	2592	
42488.21875	66.92	3240	
42488.2291666667	66.92	2592	
42488.2395833333	66.92	3240	
42488.25	66.92	1944	
42488.2604166667	66.92	3240	
42473.7083333333	67.046	7776	
42473.6979166667	67.064	6480	
42472.53125	67.136	9072	
42479.3958333333	67.1407547169811	8424	
42462.5520833333	67.142	1944	
42473.7604166667	67.1623076923077	5832	
42473.5520833333	67.1624489795918	6480	
42469.4166666667	67.172	3240	
42476.3333333333	67.172	5184	
42484.96875	67.175	1944	
42465.4270833333	67.184	9720	
42482.9375	67.193	3888	
42472.78125	67.208	5184	
42475.9479166667	67.208	3888	
42483.9479166667	67.208	3240	
42488.0729166667	67.208	3240	
42467.8854166667	67.232	3888	
42470.3958333333	67.241	2592	
42474.5208333333	67.241	6480	
42465.8854166667	67.274	3888	
42469.8854166667	67.274	3888	
42474.5520833333	67.274	9072	
42480.96875	67.274	3888	
42481.96875	67.274	3240	
42484.375	67.277	3888	
42487.375	67.277	3240	
42474.75	67.298	4536	
42488.2708333333	67.31	3240	
42473.71875	67.316	7776	
42485.1354166667	67.3172413793103	1944	
42464.4479166667	67.328	6480	
42468.90625	67.328	3888	
42478.1354166667	67.3314285714286	3240	
42473.6875	67.334	7776	
42474.7708333333	67.3442857142857	4536	
42478.4791666667	67.352	7128	
42478.2708333333	67.388	3240	
42462.7916666667	67.412	1296	
42468.40625	67.472	7776	
42480.5520833333	67.472	9720	
42463.4791666667	67.493	3240	
42473.5625	67.4930612244898	7776	
42478.9895833333	67.496	3888	
42475.5208333333	67.505	7128	
42482.375	67.508	7128	
42463.8333333333	67.538	2592	
42473.7291666667	67.586	7776	
42472.1770833333	67.595	3888	
42473.6770833333	67.604	7776	
42485.1666666667	67.6072727272727	1944	
42466.4583333333	67.634	6480	
42479.40625	67.7011320754717	7776	
42469.4270833333	67.712	3240	
42476.34375	67.712	3888	
42473.75	67.7334615384615	5832	
42470.40625	67.736	1944	
42474.53125	67.736	7776	
42487.1458333333	67.736	3888	
42484.9583333333	67.7375	2592	
42467.4166666667	67.739	4536	
42472.7708333333	67.748	5184	
42475.9375	67.748	3888	
42483.9375	67.748	3888	
42488.28125	67.76	1944	
42465.875	67.769	3888	
42469.875	67.769	648	
42474.5416666667	67.769	9720	
42480.9583333333	67.769	3888	
42481.9583333333	67.769	3888	
42485.125	67.7827586206897	1944	
42478.4895833333	67.8148571428572	6480	
42473.5729166667	67.8236734693878	7776	
42473.7395833333	67.856	7776	
42473.6666666667	67.874	7776	
42462.5625	67.907	1944	
42474.7604166667	67.9228571428571	3240	
42478.2604166667	67.928	3240	
42482.9270833333	67.958	3888	
42470.4166666667	68	2592	
42473.5833333333	68	7776	
42473.59375	68	7776	
42473.6041666667	68	7776	
42473.6145833333	68	7776	
42473.625	68	7776	
42473.6354166667	68	6480	
42473.6458333333	68	7128	
42473.65625	68	7776	
42478.1458333333	68	648	
42478.2083333333	68	1944	
42478.2291666667	68	5832	
42478.2395833333	68	5832	
42478.25	68	5832	
42478.5	68	6480	
42478.96875	68	2592	
42478.9791666667	68	3888	
42481.5625	68	7776	
42484.875	68	3240	
42484.8854166667	68	3240	
42484.8958333333	68	3888	
42484.90625	68	2592	
42484.9166666667	68	648	
42484.9270833333	68	648	
42484.9375	68	648	
42484.9479166667	68	648	
42485.0625	68	1296	
42485.0729166667	68	1944	
42485.09375	68	648	
42485.1041666667	68	648	
42485.1145833333	68	1944	
42485.1770833333	68	1944	
42485.1875	68	648	
42485.1979166667	68	2592	
42485.2083333333	68	1944	
42485.21875	68	1944	
42485.2291666667	68	1944	
42485.2395833333	68	3240	
42488.2916666667	68	2592	
42488.3020833333	68	3240	
42488.3125	68	3240	
42488.3229166667	68	3888	
42490.2916666667	68	3240	
42490.3020833333	68	2592	
42484.3854166667	68.042	3888	
42487.3854166667	68.042	1944	
42468.8958333333	68.093	3888	
42471.9895833333	68.108	3888	
42472.5416666667	68.126	7776	
42485.25	68.126	3240	
42462.78125	68.144	648	
42478.5208333333	68.144	7776	
42481.9479166667	68.144	3240	
42488.3333333333	68.231	3240	
42469.4375	68.252	3240	
42476.3541666667	68.252	5184	
42469.8645833333	68.264	3888	
42480.9479166667	68.264	3240	
42483.3645833333	68.264	3240	
42484.8645833333	68.264	1296	
42472.7604166667	68.288	4536	
42475.9270833333	68.288	3888	
42483.9270833333	68.288	3888	
42464.8541666667	68.297	5184	
42468.4166666667	68.357	6480	
42478.1979166667	68.375652173913	1944	
42472.5520833333	68.396	7776	
42485.2604166667	68.396	3240	
42462.7708333333	68.414	648	
42481.9375	68.414	3240	
42480.5625	68.462	9720	
42475.53125	68.4628571428571	7776	
42466.84375	68.486	5184	
42467.875	68.492	3888	
42470.4270833333	68.5109677419355	2592	
42463.4895833333	68.528	1296	
42487.9895833333	68.528	3240	
42478.15625	68.54	648	
42464.4583333333	68.588	5832	
42471.9791666667	68.648	3888	
42472.5625	68.666	7776	
42485.2708333333	68.666	1944	
42462.5729166667	68.672	648	
42463.8229166667	68.672	1296	
42465.8645833333	68.672	3888	
42472.1666666667	68.6821052631579	2592	
42478.9583333333	68.6821052631579	3888	
42462.7604166667	68.684	648	
42481.9270833333	68.684	4536	
42479.4166666667	68.693	7128	
42490.3125	68.7071428571429	2592	
42465.4375	68.714	9072	
42482.9166666667	68.723	3240	
42488.34375	68.726	3888	
42469.8541666667	68.759	3888	
42480.9375	68.759	3888	
42484.8541666667	68.759	3240	
42482.3854166667	68.768	7128	
42469.4479166667	68.792	2592	
42476.3645833333	68.792	3240	
42484.3958333333	68.807	2592	
42487.3958333333	68.807	3240	
42472.75	68.828	4536	
42475.9166666667	68.828	3240	
42483.9166666667	68.828	3888	
42468.8854166667	68.858	3888	
42472.5729166667	68.936	7776	
42485.28125	68.936	1944	
42462.75	68.954	-648	
42481.9166666667	68.954	3888	
42478.5104166667	68.9818181818182	7776	
42471.0833333333	69.08	648	
42472.15625	69.08	1944	
42472.5833333333	69.08	8424	
42472.59375	69.08	11016	
42472.6041666667	69.08	9072	
42472.6145833333	69.08	11016	
42472.625	69.08	9720	
42472.6354166667	69.08	10368	
42472.6458333333	69.08	7128	
42472.65625	69.08	7128	
42477.0833333333	69.08	3888	
42477.09375	69.08	3888	
42477.1041666667	69.08	3888	
42477.1145833333	69.08	3240	
42477.125	69.08	3888	
42477.1458333333	69.08	3888	
42477.15625	69.08	3888	
42477.1666666667	69.08	3240	
42477.1770833333	69.08	3888	
42477.1875	69.08	3240	
42477.1979166667	69.08	2592	
42477.2083333333	69.08	3240	
42477.21875	69.08	3240	
42477.2291666667	69.08	1944	
42477.2395833333	69.08	1944	
42478.1666666667	69.08	3240	
42478.1770833333	69.08	3240	
42478.1875	69.08	2592	
42478.5416666667	69.08	7776	
42478.9166666667	69.08	5184	
42478.9270833333	69.08	3888	
42478.9375	69.08	3888	
42478.9479166667	69.08	3888	
42480.2291666667	69.08	3888	
42480.2395833333	69.08	3888	
42480.25	69.08	3240	
42480.2604166667	69.08	3888	
42490.28125	69.08	2592	
42468.4270833333	69.122	6480	
42466.46875	69.164	6480	
42477.25	69.1668965517241	3240	
42485.2916666667	69.1668965517241	1944	
42477.0729166667	69.1828571428571	3888	
42462.5833333333	69.185	1296	
42472.6666666667	69.185	7776	
42477.2916666667	69.185	3888	
42471.96875	69.188	3888	
42462.7395833333	69.2	648	
42472.7395833333	69.2	4536	
42478.90625	69.2	3888	
42488.3541666667	69.221	3240	
42485.3333333333	69.2375	648	
42480.2708333333	69.24	1944	
42469.84375	69.254	2592	
42480.9270833333	69.254	3240	
42484.84375	69.254	3888	
42478.53125	69.26	7776	
42463.5	69.311	1944	
42475.90625	69.344	3888	
42481.90625	69.344	3888	
42482.90625	69.344	3888	
42477.2604166667	69.3531034482759	3888	
42485.3020833333	69.3531034482759	3240	
42480.21875	69.36125	3240	
42472.1458333333	69.3718918918919	3888	
42490.3333333333	69.3841379310345	4536	
42462.59375	69.41	1296	
42472.6770833333	69.41	7776	
42477.3020833333	69.41	1944	
42469.4583333333	69.416	3240	
42475.5416666667	69.416	8424	
42462.7291666667	69.425	1944	
42472.7291666667	69.425	4536	
42478.8958333333	69.425	3888	
42480.5729166667	69.452	11016	
42483.90625	69.464	3888	
42477.0625	69.4864516129032	3888	
42467.4270833333	69.494	3240	
42487.9791666667	69.518	3888	
42476.375	69.5182608695652	5184	
42480.2916666667	69.53	3240	
42471.0625	69.5393103448276	1944	
42477.2708333333	69.5393103448276	3240	
42485.3125	69.5393103448276	1944	
42472.0625	69.5395744680851	3888	
42483.375	69.542	3240	
42484.40625	69.572	2592	
42487.40625	69.572	3240	
42485.34375	69.575	1944	
42478.5520833333	69.5886956521739	7776	
42490.3229166667	69.5942857142857	648	
42468.875	69.623	3888	
42462.6041666667	69.635	1296	
42472.6875	69.635	7776	
42477.3125	69.635	3240	
42480.28125	69.64	3888	
42462.71875	69.65	1944	
42472.71875	69.65	5832	
42478.8854166667	69.65	3888	
42490.2708333333	69.6936363636364	1944	
42487.1354166667	69.716	3888	
42488.3645833333	69.716	3240	
42471.0729166667	69.7255172413793	1944	
42477.28125	69.7255172413793	3240	
42485.3229166667	69.7255172413793	1944	
42467.8645833333	69.728	3888	
42471.9583333333	69.728	3888	
42469.8333333333	69.749	2592	
42480.9166666667	69.749	3888	
42484.8333333333	69.749	3888	
42464.84375	69.782	5184	
42480.2083333333	69.783125	3240	
42463.5104166667	69.806	1944	
42480.15625	69.8098181818182	3240	
42477.40625	69.8220408163265	3240	
42472.0729166667	69.8268085106383	3240	
42475.8958333333	69.839	3888	
42481.8958333333	69.839	5184	
42482.8958333333	69.839	3888	
42464.46875	69.848	5832	
42480.1458333333	69.8589090909091	3240	
42462.6145833333	69.86	1944	
42472.6979166667	69.86	7776	
42477.3229166667	69.86	3888	
42471.09375	69.8675	3240	
42462.7083333333	69.875	1296	
42472.7083333333	69.875	5832	
42478.875	69.875	3888	
42477.3958333333	69.8771428571429	3240	
42468.4375	69.887	6480	
42472.1145833333	69.9	3888	
42480.1354166667	69.908	2592	
42485.3541666667	69.9125	3240	
42480.0729166667	69.9303448275862	3888	
42463.8125	69.932	1296	
42465.8541666667	69.932	5184	
42477.3854166667	69.9322448979592	3240	
42480.125	69.9570909090909	1296	
42471.1041666667	69.98	1944	
42471.1145833333	69.98	1944	
42472.0833333333	69.98	3888	
42472.09375	69.98	3888	
42472.1041666667	69.98	3888	
42472.125	69.98	3888	
42477.3333333333	69.98	1944	
42477.34375	69.98	3888	
42477.3541666667	69.98	1944	
42477.3645833333	69.98	1944	
42477.375	69.98	1944	
42480.0833333333	69.98	3888	
42480.09375	69.98	3888	
42480.1041666667	69.98	3888	
42480.1145833333	69.98	3888	
42480.1666666667	69.98	2592	
42480.1770833333	69.98	3240	
42480.1875	69.98	3888	
42480.1979166667	69.98	3888	
42480.3020833333	69.98	2592	
42490.2395833333	69.98	3888	
42490.25	69.98	3888	
42490.2604166667	69.98	3888	
42481.5729166667	69.995652173913	6480	
42482.3958333333	70.028	7128	
42490.34375	70.0358620689655	1944	
42462.625	70.106	1944	
42480.5833333333	70.106	11016	
42462.6979166667	70.124	1296	
42468.8645833333	70.124	3888	
42471.9479166667	70.124	3888	
42469.46875	70.136	3240	
42475.5520833333	70.136	8424	
42471.125	70.1408510638298	1944	
42471.3333333333	70.1558139534884	5832	
42483.8958333333	70.184	3888	
42487.4166666667	70.211	5184	
42490.2291666667	70.2341176470588	3888	
42466.8333333333	70.241	3888	
42465.4479166667	70.244	7776	
42470.9895833333	70.244	3240	
42478.8645833333	70.244	3888	
42480.90625	70.244	3888	
42479.4270833333	70.2581818181818	7776	
42484.8229166667	70.2885714285714	3888	
42463.5208333333	70.301	1944	
42475.8854166667	70.334	5184	
42481.8854166667	70.334	5184	
42482.8854166667	70.334	3888	
42484.4166666667	70.337	2592	
42488.375	70.337	2592	
42462.6354166667	70.376	648	
42480.59375	70.376	11016	
42469.8229166667	70.388	3888	
42462.6875	70.394	1296	
42468.8541666667	70.394	3888	
42471.9375	70.394	3888	
42470.4375	70.4270967741935	2592	
42490.1145833333	70.4347368421053	4536	
42476.3854166667	70.4573913043478	3888	
42477.4166666667	70.484	3240	
42487.96875	70.508	3888	
42483.3854166667	70.532	3240	
42471.34375	70.5325581395349	5832	
42485.3645833333	70.628	1944	
42478.5625	70.6376923076923	6480	
42462.6458333333	70.646	648	
42480.6041666667	70.646	10368	
42468.4479166667	70.652	6480	
42462.6770833333	70.664	1296	
42468.84375	70.664	3888	
42471.9270833333	70.664	3888	
42490.3541666667	70.6875862068966	3240	
42466.4791666667	70.694	5832	
42487.4270833333	70.706	2592	
42490.21875	70.7105882352941	3888	
42470.9791666667	70.739	1944	
42478.8541666667	70.739	3888	
42480.8958333333	70.739	3888	
42471.3229166667	70.7654545454545	3240	
42463.53125	70.796	1944	
42490.125	70.82	3240	
42475.875	70.829	3888	
42481.875	70.829	5832	
42482.875	70.829	3888	
42471.1458333333	70.8302127659575	1944	
42469.4791666667	70.856	3240	
42475.5625	70.856	8424	
42484.8125	70.8671428571429	3888	
42483.8854166667	70.904	3888	
42471.3541666667	70.9093023255814	7776	
42462.65625	70.916	648	
42480.6145833333	70.916	8424	
42462.6666666667	70.934	1296	
42468.8333333333	70.934	3888	
42471.9166666667	70.934	3240	
42467.8541666667	70.943	3888	
42471.15625	71.06	648	
42471.1666666667	71.06	3240	
42471.1770833333	71.06	648	
42471.1875	71.06	2592	
42471.25	71.06	5832	
42471.2604166667	71.06	3240	
42471.2708333333	71.06	3888	
42471.28125	71.06	648	
42471.2916666667	71.06	3888	
42471.3020833333	71.06	2592	
42471.3125	71.06	3888	
42471.375	71.06	7776	
42471.3854166667	71.06	8424	
42471.3958333333	71.06	8424	
42471.40625	71.06	9720	
42477.4270833333	71.06	3240	
42477.8333333333	71.06	2592	
42477.875	71.06	1944	
42477.8854166667	71.06	3240	
42477.8958333333	71.06	3888	
42477.90625	71.06	3240	
42477.9166666667	71.06	3888	
42477.9270833333	71.06	3888	
42477.9375	71.06	3888	
42477.9583333333	71.06	3888	
42477.96875	71.06	3888	
42477.9791666667	71.06	1944	
42484.7916666667	71.06	3240	
42484.8020833333	71.06	2592	
42490.0833333333	71.06	5184	
42490.09375	71.06	5832	
42490.1041666667	71.06	4536	
42490.1979166667	71.06	3240	
42490.2083333333	71.06	3888	
42484.4270833333	71.102	2592	
42488.3854166667	71.102	3888	
42464.4791666667	71.108	5184	
42477.9895833333	71.1371428571429	3888	
42469.8125	71.153	1944	
42484.6666666667	71.165	2592	
42471.2395833333	71.18	5184	
42471.90625	71.18	4536	
42476.9895833333	71.18	3888	
42463.8020833333	71.192	1296	
42465.84375	71.192	3888	
42471.4166666667	71.2	7776	
42487.4375	71.201	3888	
42484.78125	71.2069387755102	3888	
42470.96875	71.234	1944	
42478.84375	71.234	3888	
42480.8854166667	71.234	3888	
42467.4375	71.249	3240	
42477.4375	71.2563636363636	3240	
42464.8333333333	71.267	3888	
42477.8645833333	71.2781818181818	3240	
42482.40625	71.288	10368	
42463.5416666667	71.291	648	
42469.7083333333	71.291	3240	
42481.5833333333	71.291	7776	
42485.375	71.291	3240	
42471.1979166667	71.3054545454546	3240	
42469.6979166667	71.324	2592	
42482.8645833333	71.324	3888	
42490.3645833333	71.3393103448276	1944	
42471.3645833333	71.384	7776	
42484.6770833333	71.39	648	
42465.4583333333	71.396	8424	
42468.4583333333	71.396	6480	
42490.375	71.396	1944	
42476.3958333333	71.3965217391304	5184	
42471.2291666667	71.405	4536	
42471.8958333333	71.405	3888	
42476.9791666667	71.405	3888	
42475.8645833333	71.444	3888	
42481.8645833333	71.444	10368	
42484.65625	71.444	2592	
42477.84375	71.46	3888	
42477.9479166667	71.465	1296	
42480.625	71.48	7128	
42484.7708333333	71.4824489795918	3888	
42487.9583333333	71.498	3888	
42471.4270833333	71.5	7776	
42477.4479166667	71.5018181818182	648	
42483.3958333333	71.522	3240	
42477.4583333333	71.5733333333333	3240	
42469.4895833333	71.576	1944	
42475.5729166667	71.576	9072	
42484.6875	71.615	1296	
42483.875	71.624	3888	
42471.21875	71.63	648	
42471.8854166667	71.63	3888	
42476.96875	71.63	3888	
42477.8541666667	71.6872727272727	3240	
42487.4479166667	71.696	2592	
42466.8229166667	71.708	3888	
42468.8229166667	71.708	3240	
42477.8229166667	71.7145454545454	3240	
42470.9583333333	71.729	1296	
42478.8333333333	71.729	3888	
42480.875	71.729	3888	
42471.4479166667	71.75	7128	
42484.7604166667	71.7579591836735	1296	
42463.5520833333	71.786	648	
42469.71875	71.786	3888	
42481.59375	71.786	6480	
42485.3854166667	71.786	5184	
42471.4375	71.8	7776	
42469.6875	71.819	3240	
42482.8541666667	71.819	3888	
42484.6979166667	71.84	3888	
42471.2083333333	71.855	1944	
42471.875	71.855	5184	
42476.9583333333	71.855	3888	
42484.4375	71.867	2592	
42488.3958333333	71.867	3240	
42471.8645833333	71.87	3888	
42469.8020833333	71.918	3888	
42470.9166666667	71.96	648	
42470.9270833333	71.96	3888	
42470.9375	71.96	2592	
42470.9479166667	71.96	3888	
42471.4583333333	71.96	7776	
42471.8541666667	71.96	3888	
42476.40625	71.96	3240	
42484.7395833333	71.96	3888	
42484.75	71.96	1296	
42487.9166666667	71.96	4536	
42487.9270833333	71.96	3888	
42487.9375	71.96	3240	
42487.9479166667	71.96	3240	
42490.1458333333	71.96	2592	
42490.15625	71.96	3888	
42490.1666666667	71.96	3888	
42490.1770833333	71.96	3888	
42490.1875	71.96	3888	
42470.90625	72.104	3888	
42476.9479166667	72.104	3888	
42478.8229166667	72.104	3240	
42480.8645833333	72.104	3888	
42465.46875	72.116	9072	
42468.46875	72.116	6480	
42490.3854166667	72.116	3888	
42476.4166666667	72.1337931034483	3888	
42467.84375	72.158	5184	
42475.8541666667	72.164	3888	
42481.8541666667	72.164	16200	
42484.6458333333	72.164	3888	
42480.6354166667	72.17	7776	
42469.5	72.191	3240	
42475.5833333333	72.191	10368	
42466.4895833333	72.224	6480	
42470.4479166667	72.2545454545455	2592	
42463.5625	72.281	1296	
42469.7291666667	72.281	3888	
42481.6041666667	72.281	7776	
42485.3958333333	72.281	5184	
42469.6770833333	72.314	2592	
42482.84375	72.314	3888	
42471.46875	72.32	7776	
42471.84375	72.3411764705882	3888	
42479.4375	72.3445454545455	6480	
42487.125	72.3527272727273	3888	
42483.8645833333	72.368	3888	
42487.90625	72.368	4536	
42464.4895833333	72.368	6480	
42470.8958333333	72.374	1296	
42476.9375	72.374	3240	
42478.8125	72.374	3240	
42480.8541666667	72.374	3888	
42478.5833333333	72.422	5832	
42482.4166666667	72.422	6480	
42487.4583333333	72.422	3240	
42479.4479166667	72.44	6480	
42463.7916666667	72.452	1296	
42465.8333333333	72.452	5184	
42476.4270833333	72.5062068965517	3888	
42483.40625	72.512	3240	
42478.5729166667	72.6107692307692	7776	
42480.6458333333	72.62	7128	
42484.4479166667	72.632	2592	
42488.40625	72.632	3240	
42470.8854166667	72.644	3888	
42476.9270833333	72.644	3240	
42478.8020833333	72.644	5184	
42480.84375	72.644	3888	
42477.46875	72.6733333333333	3240	
42469.7916666667	72.683	1944	
42469.5104166667	72.686	1944	
42475.59375	72.686	11016	
42479.4583333333	72.716	7776	
42464.8229166667	72.776	5184	
42463.5729166667	72.776	1296	
42469.7395833333	72.776	3888	
42481.6145833333	72.776	6480	
42485.40625	72.776	3240	
42469.6666666667	72.809	3240	
42482.8333333333	72.809	3888	
42471.4791666667	72.8109090909091	6480	
42471.8333333333	72.8176470588235	3888	
42465.4791666667	72.836	7776	
42468.4791666667	72.836	6480	
42490.3958333333	72.836	3240	
42476.4375	72.8786206896552	5184	
42475.84375	72.884	3888	
42481.84375	72.884	22032	
42484.6354166667	72.884	2592	
42470.875	72.914	3888	
42476.9166666667	72.914	5184	
42478.7916666667	72.914	3888	
42480.8333333333	72.914	3888	
42466.8125	72.923	3888	
42468.8125	72.923	3888	
42477.8125	72.95	3888	
42484.7291666667	72.9628571428571	648	
42467.4479166667	73.004	3240	
42490.0729166667	73.04	5184	
42463.5833333333	73.04	1944	
42463.59375	73.04	648	
42463.6041666667	73.04	648	
42463.6145833333	73.04	648	
42469.75	73.04	1944	
42469.7604166667	73.04	1944	
42469.7708333333	73.04	2592	
42469.78125	73.04	2592	
42470.4583333333	73.04	2592	
42471.4895833333	73.04	7776	
42476.8958333333	73.04	4536	
42476.90625	73.04	5184	
42477.5	73.04	648	
42477.5104166667	73.04	648	
42477.5208333333	73.04	3240	
42477.53125	73.04	3888	
42477.5416666667	73.04	2592	
42477.5520833333	73.04	648	
42477.5625	73.04	3240	
42479.9166666667	73.04	3888	
42479.9270833333	73.04	3240	
42479.9375	73.04	3888	
42479.9479166667	73.04	3888	
42479.9583333333	73.04	5184	
42479.96875	73.04	3888	
42479.9791666667	73.04	3888	
42479.9895833333	73.04	3888	
42485.4166666667	73.04	1944	
42486.1666666667	73.04	3888	
42486.1770833333	73.04	3888	
42486.1875	73.04	3888	
42486.1979166667	73.04	3888	
42486.2083333333	73.04	3888	
42486.21875	73.04	3888	
42486.2291666667	73.04	3888	
42486.2395833333	73.04	3888	
42486.25	73.04	3240	
42486.2604166667	73.04	3888	
42486.2708333333	73.04	3888	
42486.28125	73.04	2592	
42484.7083333333	73.115	3888	
42483.8541666667	73.133	3888	
42487.8958333333	73.133	3888	
42463.625	73.145	1296	
42466.5	73.145	6480	
42477.5833333333	73.145	3888	
42484.5833333333	73.145	1296	
42486.2916666667	73.145	3888	
42463.78125	73.16	1296	
42469.5729166667	73.16	648	
42470.8645833333	73.16	3888	
42479.90625	73.16	5184	
42486.15625	73.16	3888	
42490.9895833333	73.16	3888	
42469.5208333333	73.181	1944	
42475.6041666667	73.181	8424	
42471.5	73.186511627907	7776	
42470.46875	73.2507317073171	2592	
42476.4479166667	73.2510344827586	5184	
42480.65625	73.26	7776	
42477.5729166667	73.2941176470588	3240	
42478.78125	73.304	3240	
42484.4583333333	73.355	3240	
42463.6354166667	73.37	0	
42466.5104166667	73.37	7128	
42477.59375	73.37	3240	
42484.59375	73.37	1296	
42486.3020833333	73.37	3888	
42467.8333333333	73.373	4536	
42464.5	73.376	6480	
42469.5833333333	73.376	1296	
42483.4166666667	73.376	1944	
42463.7708333333	73.385	1296	
42469.5625	73.385	648	
42470.8541666667	73.385	3888	
42479.8958333333	73.385	3888	
42486.1458333333	73.385	3888	
42490.9791666667	73.385	3888	
42477.4895833333	73.4	1944	
42478.59375	73.412	6480	
42482.4270833333	73.412	6480	
42487.46875	73.412	3888	
42469.65625	73.424	3888	
42480.8229166667	73.424	3888	
42484.5729166667	73.424	648	
42471.8229166667	73.44	5184	
42471.5729166667	73.4558620689655	12312	
42471.5104166667	73.5004651162791	7776	
42481.625	73.502	7776	
42465.4895833333	73.556	8424	
42468.4895833333	73.556	6480	
42490.40625	73.556	3240	
42484.71875	73.565	2592	
42487.1145833333	73.5675862068966	3888	
42463.6458333333	73.595	648	
42466.5208333333	73.595	6480	
42477.6041666667	73.595	3240	
42484.6041666667	73.595	3888	
42486.3125	73.595	3888	
42471.5625	73.5955172413793	11016	
42475.8333333333	73.604	3888	
42481.8333333333	73.604	27864	
42484.625	73.604	2592	
42463.7604166667	73.61	1296	
42469.5520833333	73.61	648	
42470.84375	73.61	3888	
42479.8854166667	73.61	3888	
42486.1354166667	73.61	3888	
42490.96875	73.61	3240	
42469.53125	73.676	1944	
42475.6145833333	73.676	6480	
42476.8854166667	73.69	5184	
42465.8229166667	73.712	3888	
42482.8229166667	73.712	5184	
42477.4791666667	73.7323076923077	3240	
42471.5520833333	73.7351724137931	11016	
42478.7708333333	73.799	3888	
42485.4270833333	73.8064516129032	2592	
42488.4166666667	73.81	3240	
42471.5208333333	73.8144186046512	7776	
42463.65625	73.82	-648	
42466.53125	73.82	7128	
42477.6145833333	73.82	648	
42484.6145833333	73.82	3240	
42486.3229166667	73.82	3888	
42463.75	73.835	1296	
42469.5416666667	73.835	648	
42470.8333333333	73.835	3888	
42479.875	73.835	3888	
42486.125	73.835	3888	
42490.9583333333	73.835	3888	
42471.5416666667	73.8748275862069	8424	
42483.84375	73.898	3888	
42487.8854166667	73.898	5184	
42471.53125	73.94	7776	
42471.5833333333	73.94	8424	
42471.59375	73.94	7128	
42471.6041666667	73.94	7776	
42471.6145833333	73.94	7776	
42476.875	73.94	5184	
42486.0729166667	73.94	3888	
42486.0833333333	73.94	3888	
42486.09375	73.94	3888	
42486.1041666667	73.94	3888	
42486.1145833333	73.94	3888	
42486.3333333333	73.94	3888	
42486.34375	73.94	3888	
42486.3541666667	73.94	3888	
42486.3645833333	73.94	3888	
42487.1041666667	73.9865517241379	2592	
42463.6666666667	74.066	0	
42468.5	74.066	6480	
42477.625	74.066	3888	
42486.375	74.066	3888	
42477.8020833333	74.0696	3240	
42479.46875	74.0730434782609	7776	
42463.7395833333	74.084	648	
42470.8229166667	74.084	3888	
42490.9479166667	74.084	3888	
42464.5104166667	74.096	6480	
42469.59375	74.096	3888	
42483.4270833333	74.096	3240	
42476.8645833333	74.1363636363636	3888	
42466.8020833333	74.138	5184	
42468.8020833333	74.138	3888	
42469.6458333333	74.144	1296	
42480.8125	74.144	3888	
42484.5625	74.144	648	
42484.4791666667	74.1684615384615	1944	
42471.8125	74.1757142857143	5184	
42475.8229166667	74.204	3888	
42478.7604166667	74.294	5184	
42465.5	74.297	9720	
42471.625	74.297	7776	
42475.625	74.297	5832	
42490.4166666667	74.297	3888	
42470.4791666667	74.3043902439024	1296	
42464.8125	74.306	4536	
42463.6770833333	74.336	0	
42468.5104166667	74.336	6480	
42477.6354166667	74.336	3888	
42486.3854166667	74.336	3888	
42467.8229166667	74.348	5184	
42481.8229166667	74.348	-2592	
42463.7291666667	74.354	648	
42470.8125	74.354	3888	
42490.9375	74.354	3888	
42478.6041666667	74.402	6480	
42482.4375	74.402	7776	
42487.4791666667	74.402	3888	
42487.09375	74.4055172413793	3888	
42466.5416666667	74.423	6480	
42467.4583333333	74.423	3240	
42479.8645833333	74.492	3888	
42481.6354166667	74.492	6480	
42476.8541666667	74.5045454545455	5184	
42463.6875	74.606	0	
42468.5208333333	74.606	7128	
42477.6458333333	74.606	2592	
42486.3958333333	74.606	3888	
42463.71875	74.624	-648	
42470.8020833333	74.624	3888	
42490.9270833333	74.624	3888	
42483.8333333333	74.663	3888	
42487.875	74.663	5184	
42475.8125	74.699	3888	
42477.7916666667	74.7176	1944	
42485.4375	74.7645161290323	2592	
42478.75	74.789	3240	
42464.5208333333	74.816	6480	
42469.6041666667	74.816	3888	
42483.4375	74.816	3240	
42487.0833333333	74.8244827586207	3888	
42469.6354166667	74.864	1944	
42480.8020833333	74.864	3240	
42484.5520833333	74.864	648	
42476.84375	74.8727272727273	3888	
42463.6979166667	74.876	648	
42468.53125	74.876	6480	
42477.65625	74.876	3240	
42486.40625	74.876	3888	
42471.8020833333	74.8828571428571	3888	
42463.7083333333	74.894	648	
42470.7916666667	74.894	3888	
42490.9166666667	74.894	3888	
42465.8125	74.972	3240	
42482.8125	74.972	3888	
42476.4583333333	75.0061538461539	5184	
42476.8333333333	75.02	4536	
42477.75	75.02	1296	
42477.7604166667	75.02	3240	
42477.7708333333	75.02	1944	
42477.78125	75.02	1296	
42479.4791666667	75.02	6480	
42489.0833333333	75.02	3888	
42489.09375	75.02	3888	
42465.5104166667	75.062	7128	
42471.6354166667	75.062	7776	
42475.6354166667	75.062	5832	
42490.4270833333	75.062	3240	
42486.9895833333	75.092	3240	
42467.8125	75.113	5184	
42481.8125	75.113	-5184	
42479.4895833333	75.12	7128	
42477.6666666667	75.125	3888	
42480.6666666667	75.125	7776	
42486.4166666667	75.125	3888	
42478.7083333333	75.1325	4536	
42477.7395833333	75.14	3888	
42485.9895833333	75.14	3888	
42478.7395833333	75.18	4536	
42475.8020833333	75.194	3888	
42486.9791666667	75.22625	3888	
42468.5416666667	75.251	8424	
42470.78125	75.284	2592	
42476.8229166667	75.284	5184	
42490.90625	75.284	4536	
42489.1041666667	75.2927272727273	3888	
42484.4895833333	75.3107692307692	1944	
42488.4270833333	75.3114285714286	3888	
42477.6770833333	75.35	3888	
42480.6770833333	75.35	7776	
42486.4270833333	75.35	3888	
42466.7916666667	75.353	3888	
42468.7916666667	75.353	3240	
42470.4895833333	75.3580487804878	3240	
42477.7291666667	75.365	3888	
42485.9791666667	75.365	3240	
42485.9479166667	75.3862068965517	5184	
42486.90625	75.3862068965517	3888	
42486.9479166667	75.3862068965517	3888	
42478.6145833333	75.392	6480	
42482.4479166667	75.392	7776	
42487.4895833333	75.392	3888	
42487.8645833333	75.428	3888	
42466.5520833333	75.458	8424	
42467.46875	75.458	3888	
42478.7291666667	75.48	4536	
42481.6458333333	75.482	8424	
42486.96875	75.5075	3240	
42479.8541666667	75.527	3888	
42464.53125	75.536	5184	
42469.6145833333	75.536	1944	
42483.4479166667	75.536	1944	
42485.4479166667	75.541052631579	3240	
42483.8229166667	75.548	3888	
42477.6875	75.575	3240	
42480.6875	75.575	5832	
42486.4375	75.575	3888	
42469.625	75.584	1296	
42480.7916666667	75.584	3888	
42484.5416666667	75.584	648	
42471.7916666667	75.59	3888	
42477.71875	75.59	3888	
42485.96875	75.59	3888	
42475.7916666667	75.689	3888	
42489.1145833333	75.7018181818182	3888	
42468.5520833333	75.746	7776	
42470.7708333333	75.779	3888	
42476.8125	75.779	5184	
42490.8958333333	75.779	3240	
42478.71875	75.78	5832	
42486.9583333333	75.78875	3888	
42477.6979166667	75.8	3888	
42480.6979166667	75.8	5832	
42486.4479166667	75.8	3888	
42477.7083333333	75.815	3888	
42485.9583333333	75.815	3888	
42465.5208333333	75.827	7128	
42471.6458333333	75.827	7776	
42475.6458333333	75.827	4536	
42490.4375	75.827	1296	
42464.8020833333	75.836	3888	
42485.9375	75.851724137931	3888	
42486.8958333333	75.851724137931	3888	
42486.9375	75.851724137931	4536	
42467.8020833333	75.878	3888	
42481.8020833333	75.878	-5832	
42471.7395833333	75.92	5832	
42471.75	75.92	5832	
42471.7604166667	75.92	4536	
42471.7708333333	75.92	3240	
42471.78125	75.92	5184	
42478.625	75.92	6480	
42478.6354166667	75.92	6480	
42478.6458333333	75.92	6480	
42478.65625	75.92	6480	
42478.6666666667	75.92	6480	
42478.6770833333	75.92	6480	
42478.6875	75.92	6480	
42478.6979166667	75.92	6480	
42484.5	75.92	648	
42484.5104166667	75.92	648	
42484.5208333333	75.92	648	
42484.53125	75.92	648	
42485.4583333333	75.92	2592	
42464.5416666667	76.046	6480	
42480.7083333333	76.046	5832	
42489.125	76.046	3888	
42479.5	76.0503448275862	6480	
42468.78125	76.064	3888	
42471.6979166667	76.064	7776	
42480.78125	76.064	3888	
42488.9895833333	76.064	3888	
42470.5	76.172	2592	
42482.4583333333	76.172	6480	
42483.4583333333	76.172	2592	
42486.4583333333	76.172	3888	
42487.5	76.172	2592	
42487.8541666667	76.193	3888	
42466.78125	76.208	5184	
42475.78125	76.208	3888	
42465.8020833333	76.232	5184	
42482.8020833333	76.232	3888	
42468.5625	76.241	8424	
42470.7604166667	76.274	3888	
42476.8020833333	76.274	5184	
42490.8854166667	76.274	5184	
42464.5520833333	76.316	6480	
42480.71875	76.316	5832	
42489.1354166667	76.316	3888	
42485.9270833333	76.3172413793103	3888	
42486.8854166667	76.3172413793103	5184	
42486.9270833333	76.3172413793103	3888	
42479.5104166667	76.3296551724138	6480	
42476.46875	76.3336170212766	3888	
42468.7708333333	76.334	3888	
42471.6875	76.334	7776	
42480.7708333333	76.334	3888	
42488.9791666667	76.334	3888	
42488.4375	76.4042857142857	3240	
42471.7083333333	76.4413793103448	6480	
42481.65625	76.472	9720	
42466.5625	76.493	8424	
42467.4791666667	76.493	3240	
42483.8125	76.538	3888	
42479.84375	76.562	5184	
42464.5625	76.586	6480	
42480.7291666667	76.586	4536	
42489.1458333333	76.586	3888	
42465.53125	76.592	5832	
42471.65625	76.592	7128	
42475.65625	76.592	4536	
42490.4479166667	76.592	1296	
42468.7604166667	76.604	3240	
42471.6770833333	76.604	7776	
42480.7604166667	76.604	3888	
42488.96875	76.604	3888	
42479.5208333333	76.6089655172414	6480	
42467.7916666667	76.643	3888	
42481.7916666667	76.643	-5184	
42470.5104166667	76.712	648	
42482.46875	76.712	6480	
42483.46875	76.712	2592	
42486.46875	76.712	3888	
42487.5104166667	76.712	3888	
42468.5729166667	76.736	8424	
42466.7708333333	76.748	4536	
42475.7708333333	76.748	3888	
42471.7291666667	76.7507692307692	5832	
42470.75	76.769	3888	
42476.7916666667	76.769	5184	
42490.875	76.769	4536	
42485.9166666667	76.7827586206897	3888	
42486.875	76.7827586206897	5184	
42486.9166666667	76.7827586206897	3888	
42464.5729166667	76.856	6480	
42480.7395833333	76.856	4536	
42489.15625	76.856	3888	
42468.75	76.874	4536	
42471.6666666667	76.874	7776	
42480.75	76.874	3240	
42488.9583333333	76.874	4536	
42479.53125	76.888275862069	8424	
42487.84375	76.958	3888	
42468.5833333333	77	10368	
42468.59375	77	7776	
42468.6041666667	77	9072	
42468.6145833333	77	9072	
42468.7083333333	77	5832	
42468.71875	77	3888	
42468.7291666667	77	5832	
42468.7395833333	77	4536	
42475.6666666667	77	4536	
42475.6770833333	77	4536	
42475.6875	77	3888	
42475.6979166667	77	3240	
42479.5416666667	77	9720	
42489.28125	77	3888	
42489.2916666667	77	3888	
42489.3020833333	77	3888	
42489.3125	77	3888	
42489.3229166667	77	3888	
42489.3333333333	77	3888	
42489.34375	77	3888	
42489.3541666667	77	3888	
42489.3645833333	77	3888	
42489.9791666667	77	3888	
42489.9895833333	77	3240	
42476.4791666667	77.0229787234043	3888	
42489.96875	77.0469565217391	3888	
42475.7083333333	77.126	3888	
42481.6666666667	77.126	9720	
42489.1666666667	77.142641509434	3888	
42476.78125	77.144	5184	
42481.78125	77.144	-5184	
42485.46875	77.144	3888	
42488.9479166667	77.144	3888	
42489.2708333333	77.1506976744186	3888	
42464.5833333333	77.231	7128	
42468.625	77.231	9072	
42489.375	77.231	4536	
42470.5208333333	77.252	648	
42482.4791666667	77.252	6480	
42483.4791666667	77.252	3240	
42486.4791666667	77.252	3888	
42487.5208333333	77.252	3888	
42468.6979166667	77.264	7128	
42470.7395833333	77.264	1296	
42485.90625	77.264	3888	
42486.8645833333	77.264	3888	
42466.7604166667	77.288	5184	
42475.7604166667	77.288	3888	
42465.5416666667	77.357	7128	
42490.4583333333	77.357	3240	
42464.7916666667	77.366	3888	
42475.71875	77.396	3888	
42481.6770833333	77.396	7776	
42476.7708333333	77.414	3888	
42481.7708333333	77.414	-3888	
42488.9375	77.414	3888	
42489.1770833333	77.4483018867925	3888	
42465.7916666667	77.492	4536	
42482.7916666667	77.492	3888	
42488.4479166667	77.4971428571429	3888	
42489.2604166667	77.5274418604651	2592	
42466.5729166667	77.528	9072	
42467.4895833333	77.528	3888	
42483.8020833333	77.528	3888	
42490.8645833333	77.528	3888	
42479.5520833333	77.5321739130435	11016	
42471.71875	77.5586206896552	5832	
42479.8333333333	77.597	3240	
42475.7291666667	77.666	4536	
42481.6875	77.666	7128	
42467.78125	77.672	3888	
42476.7604166667	77.684	5184	
42481.7604166667	77.684	-2592	
42488.9270833333	77.684	4536	
42476.4895833333	77.7123404255319	4536	
42487.8333333333	77.723	3888	
42464.59375	77.726	6480	
42468.6354166667	77.726	7776	
42489.3854166667	77.726	4536	
42489.9583333333	77.7513043478261	3888	
42489.1875	77.7539622641509	3888	
42468.6875	77.759	7128	
42470.7291666667	77.759	2592	
42485.8958333333	77.759	3888	
42486.8541666667	77.759	5184	
42470.53125	77.792	648	
42482.4895833333	77.792	6480	
42483.4895833333	77.792	1944	
42486.4895833333	77.792	3888	
42487.53125	77.792	3888	
42466.75	77.828	4536	
42475.75	77.828	3888	
42489.25	77.9041860465116	3888	
42475.7395833333	77.936	3888	
42481.6979166667	77.936	7776	
42476.75	77.954	5184	
42481.75	77.954	-1944	
42488.9166666667	77.954	5184	
42489.1979166667	78.0596226415094	3888	
42476.7083333333	78.08	5184	
42476.71875	78.08	5184	
42476.7291666667	78.08	5184	
42476.7395833333	78.08	5184	
42481.7083333333	78.08	6480	
42481.71875	78.08	7776	
42481.7291666667	78.08	5832	
42481.7395833333	78.08	648	
42482.5	78.08	8424	
42482.5104166667	78.08	11016	
42482.5208333333	78.08	11016	
42482.53125	78.08	11016	
42483.5	78.08	648	
42483.5104166667	78.08	648	
42483.5208333333	78.08	648	
42483.53125	78.08	648	
42485.4791666667	78.08	1944	
42485.4895833333	78.08	2592	
42489.2083333333	78.08	3888	
42489.21875	78.08	3888	
42489.2291666667	78.08	3888	
42489.2395833333	78.08	3888	
42489.875	78.08	5184	
42489.8854166667	78.08	5184	
42489.8958333333	78.08	3888	
42489.90625	78.08	3888	
42489.9166666667	78.08	3888	
42489.9270833333	78.08	5184	
42489.9375	78.08	3888	
42489.9479166667	78.08	3888	
42465.5520833333	78.122	6480	
42490.46875	78.122	3240	
42466.5833333333	78.185	9072	
42467.5	78.185	3888	
42470.5416666667	78.185	648	
42476.625	78.185	5184	
42482.5416666667	78.185	10368	
42483.5416666667	78.185	648	
42466.7395833333	78.2	4536	
42476.6979166667	78.2	5184	
42479.8229166667	78.2	5184	
42482.78125	78.2	3888	
42488.90625	78.2	5184	
42489.8645833333	78.2	3888	
42464.6041666667	78.221	7128	
42468.6458333333	78.221	7776	
42489.3958333333	78.221	6480	
42468.6770833333	78.254	10368	
42470.71875	78.254	2592	
42485.8854166667	78.254	5184	
42486.84375	78.254	3888	
42476.5	78.311	5184	
42487.5416666667	78.311	3888	
42465.78125	78.344	3240	
42466.59375	78.41	11016	
42467.5104166667	78.41	3888	
42470.5520833333	78.41	648	
42476.6354166667	78.41	5184	
42482.5520833333	78.41	10368	
42483.5520833333	78.41	1296	
42466.7291666667	78.425	6480	
42476.6875	78.425	3888	
42479.8125	78.425	5184	
42482.7708333333	78.425	5184	
42488.8958333333	78.425	3888	
42489.8541666667	78.425	5184	
42476.6145833333	78.464	4536	
42486.5	78.4832	3888	
42483.7916666667	78.518	3888	
42490.8541666667	78.518	3888	
42479.5625	78.53	7776	
42488.4583333333	78.542	3888	
42485.5	78.56	3888	
42487.8229166667	78.608	3888	
42466.6041666667	78.635	9072	
42467.5208333333	78.635	5832	
42470.5625	78.635	648	
42476.6458333333	78.635	5184	
42482.5625	78.635	10368	
42483.5625	78.635	1296	
42466.71875	78.65	6480	
42476.6770833333	78.65	5184	
42479.8020833333	78.65	3888	
42482.7604166667	78.65	3888	
42488.8854166667	78.65	4536	
42489.84375	78.65	4536	
42464.6145833333	78.716	6480	
42468.65625	78.716	7776	
42489.40625	78.716	5832	
42468.6666666667	78.749	9072	
42470.7083333333	78.749	3888	
42485.875	78.749	4536	
42486.8333333333	78.749	3888	
42476.5104166667	78.806	4536	
42487.5520833333	78.806	3888	
42489.8229166667	78.8284210526316	5184	
42464.7708333333	78.839	4536	
42465.7708333333	78.839	3888	
42466.6145833333	78.86	7776	
42467.53125	78.86	5832	
42470.5729166667	78.86	648	
42476.65625	78.86	5184	
42482.5729166667	78.86	7128	
42483.5729166667	78.86	648	
42466.7083333333	78.875	6480	
42476.6666666667	78.875	3888	
42479.7916666667	78.875	3888	
42482.75	78.875	3240	
42488.875	78.875	5184	
42489.8333333333	78.875	5184	
42465.5625	78.887	6480	
42490.4791666667	78.887	2592	
42489.8125	78.8994736842105	3888	
42467.7708333333	78.932	3240	
42489.8020833333	78.9705263157895	5184	
42464.625	78.98	7128	
42464.6354166667	78.98	6480	
42464.6458333333	78.98	6480	
42464.65625	78.98	6480	
42489.4166666667	78.98	5832	
42489.7708333333	79.0781818181818	5184	
42464.6666666667	79.106	6480	
42466.625	79.106	7776	
42470.5833333333	79.106	1296	
42482.5833333333	79.106	7128	
42483.5833333333	79.106	3888	
42466.6979166667	79.124	6480	
42479.6979166667	79.124	8424	
42482.7395833333	79.124	3240	
42483.78125	79.124	3888	
42485.8645833333	79.124	3888	
42476.6041666667	79.184	4536	
42479.7083333333	79.211	7776	
42479.78125	79.244	5184	
42486.8229166667	79.244	5184	
42488.8645833333	79.244	3888	
42476.5208333333	79.301	3888	
42487.5625	79.301	2592	
42464.7604166667	79.334	5184	
42465.7604166667	79.334	4536	
42467.5416666667	79.337	5832	
42486.5104166667	79.3472	3888	
42464.6770833333	79.376	7128	
42466.6354166667	79.376	7128	
42470.59375	79.376	1296	
42482.59375	79.376	7128	
42483.59375	79.376	2592	
42470.6979166667	79.388	3888	
42466.6875	79.394	6480	
42479.6875	79.394	8424	
42482.7291666667	79.394	4536	
42483.7708333333	79.394	3888	
42485.8541666667	79.394	5184	
42490.84375	79.508	5184	
42479.5729166667	79.5278260869565	7776	
42488.46875	79.532	3888	
42485.5104166667	79.5885714285714	1944	
42487.8125	79.598	3888	
42464.6875	79.646	6480	
42466.6458333333	79.646	6480	
42470.6041666667	79.646	1296	
42482.6041666667	79.646	7128	
42483.6041666667	79.646	1944	
42489.78125	79.6485714285714	4536	
42465.5729166667	79.652	6480	
42490.4895833333	79.652	3888	
42466.6770833333	79.664	6480	
42479.6770833333	79.664	7776	
42482.71875	79.664	4536	
42483.7604166667	79.664	3888	
42485.84375	79.664	3888	
42489.7916666667	79.682	5184	
42479.71875	79.706	7128	
42479.7708333333	79.739	3240	
42486.8125	79.739	3888	
42488.8541666667	79.739	3888	
42476.53125	79.796	3888	
42487.5729166667	79.796	4536	
42489.7604166667	79.8145454545455	3888	
42464.75	79.829	4536	
42465.75	79.829	4536	
42476.59375	79.904	5184	
42466.65625	79.916	7776	
42470.6145833333	79.916	3888	
42482.6145833333	79.916	7776	
42483.6145833333	79.916	3888	
42466.6666666667	79.934	7776	
42479.6666666667	79.934	7776	
42482.7083333333	79.934	4536	
42483.75	79.934	3888	
42485.8333333333	79.934	3888	
42464.7083333333	80.06	6480	
42464.7291666667	80.06	5832	
42464.7395833333	80.06	4536	
42465.5833333333	80.06	6480	
42465.59375	80.06	6480	
42465.6041666667	80.06	7776	
42465.6145833333	80.06	6480	
42482.625	80.06	7776	
42482.6354166667	80.06	8424	
42482.6458333333	80.06	11016	
42482.65625	80.06	8424	
42482.6666666667	80.06	7128	
42482.6770833333	80.06	6480	
42482.6875	80.06	5832	
42482.6979166667	80.06	5832	
42483.625	80.06	1296	
42483.6354166667	80.06	3240	
42483.6458333333	80.06	3240	
42483.65625	80.06	2592	
42489.4270833333	80.06	7128	
42489.75	80.06	5184	
42467.5520833333	80.102	7128	
42470.6875	80.153	2592	
42465.625	80.165	6480	
42476.5416666667	80.165	4536	
42479.5833333333	80.165	7776	
42483.6666666667	80.165	3888	
42490.5	80.165	3888	
42465.7395833333	80.18	5832	
42479.65625	80.18	7776	
42483.7395833333	80.18	4536	
42467.7604166667	80.192	3240	
42479.7291666667	80.201	5832	
42486.5208333333	80.2112	3888	
42479.7604166667	80.234	4536	
42486.8020833333	80.234	3888	
42488.84375	80.234	3888	
42470.625	80.291	2592	
42487.5833333333	80.291	3888	
42489.4375	80.3511764705882	7128	
42465.6354166667	80.39	7128	
42476.5520833333	80.39	3888	
42479.59375	80.39	7128	
42483.6770833333	80.39	3888	
42490.5104166667	80.39	2592	
42465.7291666667	80.405	5832	
42479.6458333333	80.405	7776	
42483.7291666667	80.405	3888	
42485.8229166667	80.444	3888	
42490.8333333333	80.498	3888	
42488.4791666667	80.522	3888	
42487.8020833333	80.588	3888	
42465.6458333333	80.615	6480	
42476.5625	80.615	3888	
42479.6041666667	80.615	6480	
42483.6875	80.615	3888	
42490.5208333333	80.615	3888	
42485.5208333333	80.6171428571429	3888	
42476.5833333333	80.624	5184	
42465.71875	80.63	7776	
42479.6354166667	80.63	7776	
42483.71875	80.63	3888	
42479.7395833333	80.696	5832	
42479.75	80.729	5832	
42486.7916666667	80.729	3888	
42488.8333333333	80.729	3888	
42489.4479166667	80.7482352941176	7776	
42489.7395833333	80.78	5184	
42470.6354166667	80.786	1944	
42487.59375	80.786	4536	
42465.65625	80.84	6480	
42476.5729166667	80.84	3888	
42479.6145833333	80.84	6480	
42483.6979166667	80.84	3888	
42490.53125	80.84	3888	
42465.7083333333	80.855	7776	
42479.625	80.855	6480	
42483.7083333333	80.855	3888	
42467.5625	80.867	8424	
42470.6770833333	80.918	2592	
42465.6666666667	80.96	6480	
42465.6770833333	80.96	6480	
42465.6875	80.96	6480	
42465.6979166667	80.96	6480	
42485.53125	80.96	3888	
42489.7291666667	80.9884210526316	5184	
42485.8125	81.164	5184	
42485.5416666667	81.191	2592	
42490.5416666667	81.191	1296	
42486.5520833333	81.268	3888	
42470.6458333333	81.281	1296	
42487.6041666667	81.281	3888	
42488.8229166667	81.368	3888	
42490.8229166667	81.368	3888	
42486.53125	81.3714285714286	3888	
42489.71875	81.4147368421053	3888	
42467.75	81.452	4536	
42486.78125	81.488	3888	
42488.4895833333	81.512	3888	
42487.7916666667	81.578	3888	
42467.5729166667	81.632	8424	
42489.4583333333	81.6472727272727	4536	
42470.6666666667	81.683	3888	
42485.5520833333	81.686	2592	
42490.5520833333	81.686	3888	
42470.65625	81.776	3888	
42487.6145833333	81.776	3888	
42489.7083333333	81.8410526315789	5184	
42485.8020833333	81.884	4536	
42486.5625	81.928	3888	
42467.7083333333	82.04	6480	
42467.71875	82.04	5832	
42467.7291666667	82.04	5832	
42467.7395833333	82.04	5832	
42486.5416666667	82.04	3888	
42488.8125	82.133	5184	
42490.8125	82.133	3888	
42467.5833333333	82.145	8424	
42487.625	82.145	3888	
42467.6979166667	82.16	7128	
42487.78125	82.16	3888	
42485.5625	82.181	3888	
42490.5625	82.181	3888	
42488.5	82.271	3888	
42467.59375	82.37	8424	
42487.6354166667	82.37	3888	
42467.6875	82.385	7128	
42487.7708333333	82.385	3888	
42486.7708333333	82.478	5184	
42489.4895833333	82.4875675675676	3888	
42486.5729166667	82.588	3888	
42467.6041666667	82.595	11016	
42487.6458333333	82.595	3888	
42485.7916666667	82.604	3888	
42467.6770833333	82.61	7776	
42487.7604166667	82.61	3888	
42489.6979166667	82.64	5184	
42485.5729166667	82.676	3888	
42490.5729166667	82.676	2592	
42489.4791666667	82.7064864864865	3240	
42488.5104166667	82.766	3888	
42467.6145833333	82.82	11016	
42487.65625	82.82	3888	
42467.6666666667	82.835	7776	
42487.75	82.835	3888	
42488.8020833333	82.898	5184	
42490.8020833333	82.898	3888	
42489.46875	82.9254054054054	4536	
42467.625	82.94	10368	
42467.6354166667	82.94	7776	
42467.6458333333	82.94	7776	
42467.65625	82.94	7776	
42487.6666666667	82.94	3888	
42487.6770833333	82.94	3888	
42487.6875	82.94	3888	
42487.6979166667	82.94	3888	
42487.7083333333	82.94	3888	
42487.71875	82.94	3888	
42487.7291666667	82.94	5184	
42487.7395833333	82.94	3888	
42489.5	82.94	3888	
42489.5104166667	82.94	3240	
42489.5208333333	82.94	3888	
42489.53125	82.94	3888	
42490.5833333333	83.066	3888	
42486.5833333333	83.171	3888	
42489.6875	83.1875	5184	
42488.5208333333	83.261	3888	
42489.5416666667	83.2686956521739	3888	
42485.5833333333	83.297	3888	
42490.59375	83.336	3888	
42485.78125	83.348	3888	
42486.7604166667	83.468	3888	
42489.6770833333	83.525	5184	
42490.6041666667	83.606	3888	
42488.7916666667	83.663	3888	
42490.7916666667	83.663	3888	
42486.59375	83.666	4536	
42488.53125	83.756	3888	
42489.6666666667	83.8625	3888	
42490.6145833333	83.876	2592	
42489.5520833333	83.9730434782609	5184	
42489.5625	84.02	3888	
42489.5729166667	84.02	4536	
42490.625	84.02	3888	
42490.6354166667	84.02	3888	
42490.6458333333	84.02	4536	
42490.65625	84.02	3888	
42485.59375	84.062	3888	
42485.7708333333	84.113	3888	
42490.78125	84.14	3888	
42486.6041666667	84.161	3888	
42488.5416666667	84.251	4536	
42489.5833333333	84.251	3888	
42490.6666666667	84.251	3888	
42488.78125	84.284	3888	
42489.65625	84.284	3888	
42490.7708333333	84.365	3888	
42486.75	84.458	3888	
42490.7604166667	84.59	4536	
42486.6145833333	84.656	3888	
42488.5520833333	84.746	3888	
42489.59375	84.746	5832	
42490.6770833333	84.746	3888	
42488.7708333333	84.779	3888	
42489.6458333333	84.779	5184	
42490.75	84.815	3888	
42485.6041666667	84.827	3888	
42485.7604166667	84.878	3888	
42486.625	84.92	3888	
42486.6354166667	84.92	3888	
42486.6458333333	84.92	4536	
42486.65625	84.92	3888	
42486.6666666667	84.92	3888	
42486.6770833333	84.92	3888	
42486.6875	84.92	5832	
42486.6979166667	84.92	3888	
42486.7083333333	84.92	3888	
42486.71875	84.92	3888	
42486.7291666667	84.92	4536	
42486.7395833333	84.92	4536	
42490.7395833333	85.064	3888	
42488.5625	85.241	2592	
42489.6041666667	85.241	3888	
42490.6875	85.241	3888	
42488.7604166667	85.274	3888	
42489.6354166667	85.274	5184	
42490.7291666667	85.334	3888	
42485.6145833333	85.592	3888	
42490.71875	85.604	3888	
42485.75	85.643	3888	
42488.5729166667	85.736	3888	
42489.6145833333	85.736	3888	
42490.6979166667	85.736	4536	
42488.75	85.769	5184	
42489.625	85.769	3888	
42490.7083333333	85.874	3888	
42485.625	86.126	3888	
42488.5833333333	86.126	3888	
42485.7395833333	86.144	3888	
42488.7395833333	86.144	3888	
42485.6354166667	86.396	4536	
42488.59375	86.396	3888	
42485.7291666667	86.414	3888	
42488.7291666667	86.414	3888	
42485.6458333333	86.666	3888	
42488.6041666667	86.666	3888	
42485.71875	86.684	3888	
42488.71875	86.684	3888	
42485.65625	86.936	3888	
42488.6145833333	86.936	3888	
42485.7083333333	86.954	3888	
42488.7083333333	86.954	3888	
42485.6666666667	87.08	3888	
42485.6770833333	87.08	4536	
42485.6875	87.08	3888	
42485.6979166667	87.08	3888	
42488.625	87.08	4536	
42488.6354166667	87.08	3888	
42488.6458333333	87.08	4536	
42488.65625	87.08	4536	
42488.6666666667	87.08	3888	
42488.6770833333	87.08	3888	
42488.6875	87.08	3888	
42488.6979166667	87.08	4536	
