Date	OADryBulbTemperature(NOAA)	AHU13MixedAirTemp	
42494.125	53.96	69.49	
42494.1354166667	53.96	69.49	
42494.1458333333	53.96	69.51	
42494.15625	53.96	69.52	
42494.1666666667	53.96	69.54	
42494.1770833333	53.96	69.54	
42494.1875	53.96	69.55	
42494.1979166667	53.96	69.56	
42494.2083333333	54.086	69.57	
42494.28125	54.104	59.47	
42494.1145833333	54.224	69.47	
42494.2916666667	54.317	58.57	
42494.21875	54.356	69.57	
42494.2708333333	54.374	60.49	
42494.2291666667	54.626	69.58	
42494.2604166667	54.644	63.12	
42494.1041666667	54.719	69.44	
42494.2395833333	54.896	69.59	
42494.25	54.914	69.59	
42494.3020833333	55.082	65.27	
42494.09375	55.214	69.41	
42494.0833333333	55.709	69.39	
42496.28125	55.712	64.91	
42496.2916666667	55.733	63.32	
42494.3125	55.847	65.1	
42494.0729166667	56.492	69.37	
42494.3229166667	56.612	64.81	
42496.2708333333	56.972	65.84	
42496.3020833333	57.218	66.15	
42483.28125	57.284	69.98	
42494.0625	57.527	69.34	
42494.3333333333	57.608	64.87	
42483.2916666667	57.713	69.98	
42483.2708333333	57.779	69.97	
42495.25	57.92	69.51	
42495.2604166667	57.92	64.72	
42495.2708333333	57.92	62.89	
42495.28125	57.92	61.91	
42496.2604166667	58.232	66.56	
42483.2604166667	58.274	69.96	
42495.2395833333	58.328	69.49	
42494.0520833333	58.562	69.31	
42496.3125	58.703	65.38	
42483.25	58.769	69.95	
42495.2916666667	58.865	61.87	
42494.34375	58.868	65.35	
42483.125	59	69.47	
42483.1354166667	59	69.55	
42483.1458333333	59	69.61	
42483.15625	59	69.66	
42483.1666666667	59	69.71	
42483.1770833333	59	69.75	
42483.1875	59	69.79	
42483.1979166667	59	69.83	
42483.2083333333	59	69.87	
42483.21875	59	69.89	
42483.2291666667	59	69.91	
42483.2395833333	59	69.94	
42495.2291666667	59.093	69.5	
42492.9895833333	59.144	69.43	
42483.3020833333	59.198	69.98	
42483.1145833333	59.264	69.41	
42484.28125	59.264	70.04	
42492.9791666667	59.414	69.41	
42484.2916666667	59.462	70.1	
42496.25	59.492	69.67	
42492.96875	59.684	69.36	
42483.1041666667	59.759	69.33	
42484.2708333333	59.759	69.99	
42495.21875	59.858	69.49	
42492.9583333333	59.954	69.29	
42482.25	60.08	69.52	
42482.2604166667	60.08	62.29	
42482.2708333333	60.08	62.89	
42482.28125	60.08	62.49	
42494.3541666667	60.128	65.72	
42492.2916666667	60.185	62.06	
42496.3229166667	60.188	65.65	
42492.28125	60.2	62.61	
42492.9479166667	60.2	69.24	
42496.2395833333	60.2	69.66	
42483.09375	60.254	69.24	
42484.2604166667	60.254	69.94	
42482.2916666667	60.311	62.07	
42476.0729166667	60.344	68.8	
42482.2395833333	60.344	69.54	
42497.28125	60.344	70.41	
42492.3020833333	60.41	67.95	
42492.2708333333	60.425	63.51	
42492.9375	60.425	69.19	
42496.2291666667	60.425	69.66	
42484.3020833333	60.452	70.13	
42497.2916666667	60.542	70.44	
42476.0833333333	60.6130769230769	68.88	
42495.2083333333	60.623	69.49	
42492.3125	60.635	67.73	
42492.2604166667	60.65	65.43	
42492.9270833333	60.65	69.12	
42496.21875	60.65	69.66	
42483.3125	60.683	69.99	
42483.0833333333	60.749	69.15	
42484.25	60.749	69.89	
42482.3020833333	60.806	67.26	
42476.0625	60.839	68.71	
42482.2291666667	60.839	69.53	
42497.2708333333	60.839	70.38	
42492.3229166667	60.86	68.13	
42492.25	60.875	71.34	
42492.9166666667	60.875	69.06	
42496.2083333333	60.875	69.64	
42495.3020833333	60.89	67.49	
42480.3333333333	60.98	66.93	
42480.34375	60.98	67.17	
42480.3541666667	60.98	66.87	
42483.0520833333	60.98	68.87	
42483.0625	60.98	68.97	
42483.0729166667	60.98	69.06	
42484.2083333333	60.98	69.61	
42484.21875	60.98	69.69	
42484.2291666667	60.98	69.76	
42484.2395833333	60.98	69.83	
42492.3333333333	60.98	68.08	
42492.34375	60.98	67.13	
42492.3541666667	60.98	66.47	
42492.3645833333	60.98	67.43	
42495.0833333333	60.98	69.21	
42495.09375	60.98	69.26	
42495.1041666667	60.98	69.29	
42495.1145833333	60.98	69.33	
42495.125	60.98	69.36	
42495.1354166667	60.98	69.37	
42495.1458333333	60.98	69.39	
42495.15625	60.98	69.42	
42495.1666666667	60.98	69.43	
42495.1770833333	60.98	69.46	
42495.1875	60.98	69.47	
42495.1979166667	60.98	69.49	
42476.1354166667	61.06	69.21	
42484.1979166667	61.124	69.52	
42492.2395833333	61.124	71.36	
42492.90625	61.124	68.98	
42496.1979166667	61.124	69.64	
42481.34375	61.148	67.02	
42492.375	61.211	68.27	
42495.0729166667	61.244	69.17	
42482.3125	61.301	66.88	
42476.0520833333	61.334	68.62	
42482.21875	61.334	69.53	
42497.2604166667	61.334	70.34	
42494.3645833333	61.388	66.09	
42484.1875	61.394	69.44	
42492.2291666667	61.394	71.37	
42492.8958333333	61.394	68.91	
42496.1875	61.394	69.64	
42484.3125	61.442	70.18	
42481.3541666667	61.508	66.94	
42480.3645833333	61.52	66.9	
42497.3020833333	61.532	70.49	
42476.1458333333	61.66	69.26	
42484.1770833333	61.664	69.36	
42492.21875	61.664	71.37	
42492.8854166667	61.664	68.84	
42496.1770833333	61.664	69.63	
42492.3854166667	61.706	67.68	
42495.0625	61.739	69.12	
42476.09375	61.7553846153846	68.96	
42482.3229166667	61.796	67.26	
42482.2083333333	61.829	69.51	
42497.25	61.829	70.3	
42480.3229166667	61.844	66.61	
42481.3645833333	61.868	67.17	
42496.3333333333	61.925	66.11	
42484.1666666667	61.934	69.26	
42492.2083333333	61.934	71.38	
42492.875	61.934	68.74	
42496.1666666667	61.934	69.62	
42476.1875	62.06	69.43	
42476.1979166667	62.06	69.46	
42480.375	62.06	66.92	
42480.3854166667	62.06	66.71	
42480.3958333333	62.06	65.07	
42480.40625	62.06	64.57	
42481.375	62.06	67.32	
42481.3854166667	62.06	67.17	
42484.125	62.06	68.82	
42484.1354166667	62.06	68.94	
42484.1458333333	62.06	69.04	
42484.15625	62.06	69.15	
42497.1666666667	62.06	69.82	
42497.1770833333	62.06	69.9	
42497.1875	62.06	69.96	
42497.1979166667	62.06	70.03	
42497.2083333333	62.06	70.09	
42497.21875	62.06	70.14	
42497.2291666667	62.06	70.21	
42497.2395833333	62.06	70.25	
42476.1041666667	62.0975	69.03	
42483.3229166667	62.168	69.99	
42482.1979166667	62.18	69.52	
42492.8645833333	62.18	68.66	
42496.15625	62.18	69.59	
42497.15625	62.18	69.74	
42492.3958333333	62.201	67.51	
42476.2083333333	62.2257894736842	69.5	
42476.125	62.267	69.15	
42480.4166666667	62.291	65.12	
42484.1145833333	62.324	68.71	
42481.3958333333	62.3511764705882	66.04	
42482.1875	62.405	69.5	
42492.8541666667	62.405	68.57	
42496.1458333333	62.405	69.59	
42497.1458333333	62.405	69.64	
42476.15625	62.4061538461538	69.32	
42476.1770833333	62.4061538461538	69.39	
42484.3229166667	62.432	70.21	
42492.1979166667	62.444	71.4	
42481.3333333333	62.5	67.23	
42497.3125	62.522	70.5	
42476.21875	62.5810526315789	69.51	
42482.3333333333	62.627	67.79	
42494.375	62.627	66.59	
42482.1770833333	62.63	69.49	
42492.84375	62.63	68.48	
42496.1354166667	62.63	69.55	
42497.1354166667	62.63	69.54	
42487.1979166667	62.6439024390244	70.61	
42476.1145833333	62.66	69.1	
42476.2395833333	62.6635294117647	69.56	
42492.40625	62.696	67.79	
42481.40625	62.7482352941176	67.04	
42487.1875	62.7756097560976	70.59	
42480.4270833333	62.786	65.58	
42484.1041666667	62.819	68.59	
42482.1666666667	62.855	69.47	
42492.8333333333	62.855	68.36	
42496.125	62.855	69.52	
42497.125	62.855	69.43	
42487.1770833333	62.9073170731707	70.57	
42495.3125	62.915	67.62	
42476.1666666667	62.9253846153846	69.36	
42476.2291666667	62.9363157894737	69.54	
42487.1666666667	62.96	70.54	
42487.2083333333	62.96	70.65	
42487.21875	62.96	70.64	
42487.2291666667	62.96	70.65	
42487.2395833333	62.96	70.65	
42492.4166666667	62.96	67.85	
42492.4270833333	62.96	68.07	
42492.4375	62.96	68.17	
42492.4479166667	62.96	67.92	
42487.25	63.086	70.66	
42482.15625	63.104	69.45	
42497.1145833333	63.104	69.34	
42492.1875	63.164	71.41	
42476.25	63.1903225806452	69.57	
42492.8229166667	63.224	68.27	
42496.1145833333	63.224	69.5	
42480.4375	63.281	66.47	
42476.0104166667	63.314	68.64	
42484.09375	63.314	68.51	
42487.2604166667	63.356	66.47	
42482.1458333333	63.374	69.44	
42497.1041666667	63.374	69.22	
42481.4166666667	63.422	67.43	
42484.3333333333	63.422	70.22	
42492.4583333333	63.422	68.17	
42497.3229166667	63.512	70.53	
42487.2708333333	63.626	65.45	
42482.1354166667	63.644	69.42	
42497.09375	63.644	69.1	
42483.3333333333	63.674	69.99	
42476.2604166667	63.6838709677419	69.59	
42492.8125	63.719	68.17	
42496.1041666667	63.719	69.47	
42480.4479166667	63.776	66.34	
42484.0833333333	63.809	68.41	
42482.34375	63.842	67.83	
42494.3854166667	63.842	67.1	
42492.1770833333	63.884	71.42	
42487.28125	63.896	64.98	
42482.125	63.914	69.39	
42497.0833333333	63.914	68.97	
42496.34375	63.95	66.59	
42479.0729166667	64.04	69.57	
42479.0833333333	64.04	69.57	
42479.2916666667	64.04	65.74	
42479.3020833333	64.04	67.32	
42482.0520833333	64.04	69.06	
42482.0625	64.04	69.14	
42482.0729166667	64.04	69.19	
42482.0833333333	64.04	69.24	
42482.09375	64.04	69.29	
42482.1041666667	64.04	69.31	
42482.1145833333	64.04	69.36	
42487.2916666667	64.04	64.74	
42487.3020833333	64.04	67.51	
42487.3125	64.04	65.02	
42487.3229166667	64.04	67.49	
42480.3125	64.13	63.96	
42480.4583333333	64.145	62.75	
42484.0729166667	64.16	68.32	
42497.0729166667	64.16	68.87	
42476.2708333333	64.1774193548387	69.61	
42479.3125	64.2025806451613	63.93	
42492.8020833333	64.214	68.04	
42496.09375	64.214	69.43	
42488.1666666667	64.271	69.86	
42498.25	64.271	70.04	
42479.09375	64.2823076923077	69.57	
42482.9895833333	64.304	68.17	
42498.2395833333	64.304	69.94	
42480.46875	64.37	65.37	
42487.3333333333	64.376	68.48	
42479.3229166667	64.3767741935484	67.91	
42484.0625	64.385	68.26	
42497.0625	64.385	68.74	
42481.4270833333	64.412	67.2	
42484.34375	64.412	70.25	
42492.46875	64.412	68.74	
42479.28125	64.43375	65.97	
42481.3229166667	64.4925714285714	67.94	
42479.1041666667	64.5419230769231	69.59	
42492.1145833333	64.5421052631579	71.45	
42479.2395833333	64.5675862068966	69.55	
42480.4791666667	64.595	66.46	
42479.2708333333	64.6025	66.28	
42492.1666666667	64.604	71.42	
42484.0520833333	64.61	68.21	
42497.0520833333	64.61	68.61	
42479.0625	64.6111538461539	69.56	
42497.3333333333	64.628	70.56	
42479.15625	64.67	69.59	
42476.28125	64.6709677419355	69.61	
42492.7916666667	64.709	67.91	
42496.0833333333	64.709	69.39	
42488.15625	64.76	69.79	
42488.1770833333	64.766	69.9	
42498.2604166667	64.766	70.14	
42479.2604166667	64.77125	66.81	
42482.9791666667	64.799	68.07	
42498.2291666667	64.799	69.82	
42479.1145833333	64.8015384615385	69.59	
42480.4895833333	64.82	63.65	
42479.125	64.94	69.6	
42479.1666666667	64.94	69.58	
42479.25	64.94	69.54	
42479.3333333333	64.94	68.76	
42479.34375	64.94	69.11	
42479.3541666667	64.94	68.71	
42481.0833333333	64.94	69.49	
42481.09375	64.94	69.51	
42481.1041666667	64.94	69.52	
42481.1145833333	64.94	69.53	
42492.125	64.94	71.46	
42492.1354166667	64.94	71.45	
42492.1458333333	64.94	71.44	
42492.15625	64.94	71.44	
42495.3229166667	64.94	67.87	
42496.0520833333	64.94	69.22	
42496.0625	64.94	69.28	
42496.0729166667	64.94	69.34	
42505.2083333333	64.94	71.49	
42505.21875	64.94	71.49	
42505.2291666667	64.94	71.47	
42505.2395833333	64.94	71.47	
42505.25	64.94	71.46	
42505.2604166667	64.94	71.45	
42505.2708333333	64.94	71.45	
42505.28125	64.94	71.45	
42505.2916666667	64.94	71.44	
42505.3020833333	64.94	71.44	
42479.2291666667	64.9865517241379	69.56	
42492.1041666667	65.0205263157895	71.49	
42488.1458333333	65.021	69.73	
42482.3541666667	65.057	68.27	
42494.3958333333	65.057	67.72	
42480.5	65.066	59.52	
42481.125	65.066	69.53	
42481.0729166667	65.084	69.46	
42481.2395833333	65.084	69.56	
42492.78125	65.084	67.71	
42487.34375	65.096	69.36	
42481.25	65.1443243243243	69.56	
42476.2916666667	65.1645161290323	69.61	
42487.15625	65.165	70.57	
42481.5	65.171	63.16	
42492.625	65.171	64.96	
42479.0520833333	65.1823076923077	69.56	
42483.34375	65.204	69.99	
42492.6145833333	65.204	67.58	
42479.1770833333	65.2456603773585	69.59	
42481.4895833333	65.2485714285714	67.57	
42488.1875	65.261	69.95	
42498.2708333333	65.261	70.22	
42482.96875	65.294	67.97	
42498.21875	65.294	69.72	
42479.1458333333	65.3	69.59	
42505.1979166667	65.3327272727273	71.5	
42480.5104166667	65.336	64.62	
42481.1354166667	65.336	69.54	
42481.3125	65.3411428571429	64.48	
42481.0625	65.354	69.46	
42481.2291666667	65.354	69.56	
42492.7708333333	65.354	67.41	
42481.4375	65.402	68.16	
42484.3541666667	65.402	70.28	
42492.4791666667	65.402	69.44	
42479.21875	65.4055172413793	69.56	
42488.1354166667	65.426	69.67	
42479.1875	65.551320754717	69.58	
42481.2604166667	65.5821621621622	66.57	
42480.5208333333	65.606	66.77	
42481.1458333333	65.606	69.55	
42481.0520833333	65.624	69.44	
42481.21875	65.624	69.56	
42492.7604166667	65.624	66.81	
42476.3020833333	65.658064516129	69.63	
42481.5104166667	65.666	60.54	
42492.6354166667	65.666	64.21	
42492.6041666667	65.699	69.88	
42488.1979166667	65.756	69.99	
42498.28125	65.756	70.31	
42482.9583333333	65.789	67.88	
42498.2083333333	65.789	69.61	
42487.3541666667	65.816	69.73	
42479.2083333333	65.8244827586207	69.57	
42481.4791666667	65.8271428571429	68.81	
42488.125	65.831	69.59	
42479.3645833333	65.8563636363636	69.03	
42479.1979166667	65.8569811320755	69.58	
42480.53125	65.876	65.24	
42481.15625	65.876	69.55	
42497.34375	65.888	70.57	
42505.3125	65.8929411764706	71.43	
42481.2083333333	65.894	69.56	
42492.75	65.894	65.06	
42479.1354166667	65.9	69.6	
42496.3541666667	65.975	67.44	
42478.3333333333	66.02	67.84	
42478.34375	66.02	67.95	
42478.3541666667	66.02	68.01	
42478.3645833333	66.02	68.03	
42478.375	66.02	67.94	
42478.3854166667	66.02	68.3	
42478.3958333333	66.02	68.13	
42478.4166666667	66.02	68.48	
42478.4270833333	66.02	68.34	
42478.4375	66.02	68.04	
42478.4479166667	66.02	68.12	
42479.375	66.02	68.82	
42481.2708333333	66.02	66.46	
42481.3020833333	66.02	67.05	
42488.2083333333	66.02	70.03	
42498.125	66.02	68.81	
42498.1354166667	66.02	68.87	
42498.1458333333	66.02	68.94	
42498.15625	66.02	69.03	
42498.1666666667	66.02	69.15	
42498.1770833333	66.02	69.27	
42498.1875	66.02	69.37	
42498.1979166667	66.02	69.5	
42501.125	66.02	70.83	
42501.1354166667	66.02	70.84	
42501.1458333333	66.02	70.85	
42501.15625	66.02	70.84	
42501.2291666667	66.02	70.82	
42501.2395833333	66.02	70.81	
42505.1666666667	66.02	71.5	
42505.1770833333	66.02	71.49	
42505.1875	66.02	71.49	
42505.3229166667	66.02	71.42	
42505.3333333333	66.02	71.4	
42505.34375	66.02	71.39	
42505.3541666667	66.02	71.39	
42492.5104166667	66.0430769230769	64.85	
42478.09375	66.0892307692308	70.04	
42478.1041666667	66.092	69.99	
42498.2916666667	66.125	70.41	
42501.1666666667	66.125	70.84	
42501.25	66.125	70.8	
42501.21875	66.128	70.82	
42488.1145833333	66.14	69.51	
42492.7395833333	66.14	65.83	
42498.1145833333	66.14	68.8	
42501.1145833333	66.14	70.84	
42476.3125	66.1533333333333	69.62	
42481.5208333333	66.161	58.41	
42492.6458333333	66.161	65.86	
42478.1145833333	66.1691428571429	70.02	
42478.40625	66.1723076923077	68.48	
42492.59375	66.194	68.53	
42481.1979166667	66.2046153846154	69.56	
42492.09375	66.2284210526316	71.49	
42482.3645833333	66.272	68.57	
42494.40625	66.272	68.23	
42492.6979166667	66.2744827586207	69.68	
42480.9895833333	66.284	69.23	
42481.9895833333	66.284	68.54	
42481.46875	66.30125	68.91	
42481.1666666667	66.32	69.56	
42498.3020833333	66.35	70.49	
42501.1770833333	66.35	70.82	
42501.2604166667	66.35	67.13	
42488.1041666667	66.365	69.42	
42492.7291666667	66.365	69.29	
42498.1041666667	66.365	68.83	
42501.1041666667	66.365	70.82	
42485.15625	66.3862068965517	71.17	
42492.5208333333	66.3892307692308	67.61	
42481.4479166667	66.392	68.58	
42484.3645833333	66.392	70.31	
42492.4895833333	66.392	68.32	
42478.3229166667	66.4273684210526	67.27	
42482.9479166667	66.428	67.82	
42484.9895833333	66.44	71.15	
42492.6875	66.4606896551724	69.49	
42478.4583333333	66.47	68.76	
42478.0729166667	66.4769230769231	70.04	
42480.5416666667	66.482	61.69	
42487.3645833333	66.536	70.36	
42496.9895833333	66.548	67.96	
42481.1875	66.5507692307692	69.56	
42505.3645833333	66.56	71.37	
42498.3125	66.575	70.56	
42501.1875	66.575	70.84	
42501.2708333333	66.575	66.7	
42479.3854166667	66.5803773584906	68.87	
42481.2916666667	66.5884210526316	65.97	
42488.09375	66.59	69.33	
42492.71875	66.59	69.11	
42498.09375	66.59	68.92	
42501.09375	66.59	70.84	
42495.3333333333	66.608	68.39	
42484.9791666667	66.6125	71.14	
42492.5	66.62	65.12	
42505.15625	66.62	71.5	
42492.6770833333	66.6468965517241	69.4	
42476.3229166667	66.6533333333333	69.63	
42481.53125	66.656	59.4	
42492.65625	66.656	67.54	
42501.2083333333	66.668	70.82	
42484	66.689	68.67	
42492.5833333333	66.689	66.81	
42481.4583333333	66.723125	68.62	
42483.3541666667	66.734	69.99	
42492.53125	66.7353846153846	69.37	
42478.28125	66.74	66.28	
42480.9791666667	66.779	69.18	
42481.9791666667	66.779	68.42	
42498.3229166667	66.8	70.62	
42501.1979166667	66.8	70.84	
42501.28125	66.8	66.28	
42488.0833333333	66.815	69.23	
42492.7083333333	66.815	68.96	
42498.0833333333	66.815	69.06	
42501.0833333333	66.815	70.82	
42492.6666666667	66.8331034482759	68.66	
42485.1458333333	66.851724137931	71.17	
42481.1770833333	66.8969230769231	69.55	
42478.0833333333	66.92	70.03	
42478.125	66.92	69.99	
42478.21875	66.92	69.97	
42478.2916666667	66.92	66.17	
42478.3020833333	66.92	69.05	
42478.3125	66.92	67.5	
42478.46875	66.92	68.3	
42481.28125	66.92	66.42	
42481.5416666667	66.92	61.2	
42481.5520833333	66.92	65.3	
42483.9583333333	66.92	71.57	
42483.96875	66.92	70.44	
42483.9791666667	66.92	69.66	
42483.9895833333	66.92	69.12	
42488.21875	66.92	70.07	
42488.2291666667	66.92	70.1	
42488.2395833333	66.92	70.12	
42488.25	66.92	70.14	
42488.2604166667	66.92	66.97	
42492.5416666667	66.92	69.41	
42492.5520833333	66.92	69.4	
42492.5625	66.92	69.11	
42492.5729166667	66.92	66.81	
42494.9583333333	66.92	68.34	
42494.96875	66.92	68.45	
42494.9791666667	66.92	68.53	
42494.9895833333	66.92	68.64	
42505.125	66.92	71.47	
42505.1354166667	66.92	71.47	
42505.1458333333	66.92	71.47	
42505.8333333333	66.92	71.43	
42505.84375	66.92	71.43	
42505.8541666667	66.92	71.41	
42505.8645833333	66.92	71.42	
42505.875	66.92	71.42	
42505.8854166667	66.92	71.4	
42505.8958333333	66.92	71.41	
42505.90625	66.92	71.4	
42505.9166666667	66.92	71.4	
42505.9270833333	66.92	71.39	
42505.9375	66.92	71.39	
42505.9479166667	66.92	71.39	
42505.9583333333	66.92	71.39	
42505.96875	66.92	71.37	
42505.9791666667	66.92	71.37	
42505.9895833333	66.92	71.37	
42505.1145833333	67.064	71.46	
42505.8229166667	67.1163636363636	71.42	
42479.3958333333	67.1407547169811	66.27	
42497.3541666667	67.148	70.59	
42476.3333333333	67.172	69.63	
42498.3333333333	67.172	70.71	
42484.96875	67.175	71.14	
42482.9375	67.193	67.77	
42483.9479166667	67.208	73.16	
42488.0729166667	67.208	69.14	
42498.0729166667	67.208	69.32	
42480.96875	67.274	69.14	
42481.96875	67.274	68.31	
42484.375	67.277	70.34	
42487.375	67.277	66.87	
42501.2916666667	67.277	66.05	
42488.2708333333	67.31	66.56	
42485.1354166667	67.3172413793103	71.17	
42505.375	67.3178947368421	71.37	
42495.9895833333	67.328	68.71	
42478.1354166667	67.3314285714286	70	
42505.1041666667	67.334	71.46	
42478.4791666667	67.352	67.97	
42478.2708333333	67.388	66.54	
42494.4166666667	67.403	67.82	
42492.0833333333	67.4363157894737	71.49	
42480.5520833333	67.472	59.57	
42494.9479166667	67.472	68.24	
42501.0729166667	67.472	70.81	
42505.8125	67.4845454545455	71.41	
42478.9895833333	67.496	69.46	
42482.375	67.508	68.27	
42478.0625	67.5153846153846	70.06	
42496.9791666667	67.538	67.92	
42505.09375	67.604	71.46	
42485.1666666667	67.6072727272727	71.17	
42479.40625	67.7011320754717	64.08	
42476.34375	67.712	69.61	
42498.34375	67.712	70.75	
42487.1458333333	67.736	70.49	
42484.9583333333	67.7375	71.12	
42483.9375	67.748	75.74	
42488.0625	67.748	69.03	
42498.0625	67.748	69.69	
42488.28125	67.76	66.24	
42480.9583333333	67.769	69.1	
42481.9583333333	67.769	68.18	
42485.125	67.7827586206897	71.19	
42478.4895833333	67.8148571428572	67.52	
42505.8020833333	67.8527272727273	71.42	
42495.34375	67.868	68.72	
42505.0833333333	67.874	71.44	
42478.2604166667	67.928	66.87	
42482.9270833333	67.958	67.76	
42478.1458333333	68	69.99	
42478.2083333333	68	69.98	
42478.2291666667	68	69.97	
42478.2395833333	68	69.96	
42478.25	68	69.95	
42478.5	68	65.64	
42478.96875	68	69.42	
42478.9791666667	68	69.44	
42481.5625	68	67.06	
42484.875	68	71.05	
42484.8854166667	68	71.06	
42484.8958333333	68	71.07	
42484.90625	68	71.07	
42484.9166666667	68	71.09	
42484.9270833333	68	71.11	
42484.9375	68	71.11	
42484.9479166667	68	71.12	
42485.0520833333	68	71.19	
42485.0625	68	71.19	
42485.0729166667	68	71.19	
42485.0833333333	68	71.2	
42485.09375	68	71.19	
42485.1041666667	68	71.19	
42485.1145833333	68	71.19	
42485.1770833333	68	71.17	
42485.1875	68	71.17	
42485.1979166667	68	71.17	
42485.2083333333	68	71.16	
42485.21875	68	71.16	
42485.2291666667	68	71.15	
42485.2395833333	68	71.15	
42488.2916666667	68	66.19	
42488.3020833333	68	69.26	
42488.3125	68	68.74	
42488.3229166667	68	68.97	
42490.2916666667	68	70.81	
42490.3020833333	68	70.77	
42491.25	68	69.99	
42491.2604166667	68	70.07	
42491.2708333333	68	70.16	
42491.28125	68	70.23	
42492.0520833333	68	71.49	
42492.0625	68	71.49	
42492.0729166667	68	71.49	
42496.3645833333	68	68.63	
42499.2083333333	68	71.67	
42499.21875	68	71.68	
42499.2291666667	68	71.67	
42499.2395833333	68	71.64	
42499.25	68	71.64	
42499.2604166667	68	67.72	
42499.2708333333	68	67.22	
42499.28125	68	67.11	
42505.0520833333	68	71.43	
42505.0625	68	71.44	
42505.0729166667	68	71.44	
42484.3854166667	68.042	70.36	
42487.3854166667	68.042	64.22	
42501.3020833333	68.042	67.86	
42495.9791666667	68.093	68.59	
42485.25	68.126	71.17	
42491.2916666667	68.126	70.31	
42478.5208333333	68.144	67.19	
42481.9479166667	68.144	68.05	
42491.2395833333	68.144	69.89	
42505.3854166667	68.1448780487805	71.35	
42488.3333333333	68.231	69.36	
42499.2916666667	68.231	66.24	
42476.3541666667	68.252	69.62	
42498.3541666667	68.252	70.81	
42480.9479166667	68.264	69.04	
42483.3645833333	68.264	70	
42484.8645833333	68.264	71.04	
42499.1979166667	68.264	71.69	
42483.9270833333	68.288	76.61	
42488.0520833333	68.288	68.92	
42498.0520833333	68.288	70.24	
42478.1979166667	68.375652173913	69.96	
42485.2604166667	68.396	67.37	
42491.3020833333	68.396	70.39	
42497.3645833333	68.408	70.61	
42481.9375	68.414	67.91	
42491.2291666667	68.414	69.81	
42494.4270833333	68.438	67.72	
42480.5625	68.462	63.14	
42494.9375	68.507	68.12	
42501.0625	68.507	70.81	
42478.0520833333	68.5082352941176	70.04	
42487.9895833333	68.528	68.18	
42496.96875	68.528	67.94	
42478.15625	68.54	69.98	
42485.2708333333	68.666	66.94	
42491.3125	68.666	70.45	
42478.9583333333	68.6821052631579	69.39	
42481.9270833333	68.684	67.76	
42491.21875	68.684	69.69	
42479.4166666667	68.693	66.39	
42490.3125	68.7071428571429	70.75	
42482.9166666667	68.723	67.78	
42488.34375	68.726	69.52	
42499.3020833333	68.726	72.54	
42480.9375	68.759	68.99	
42484.8541666667	68.759	71.04	
42499.1875	68.759	71.69	
42482.3854166667	68.768	66.82	
42476.3645833333	68.792	69.62	
42498.3645833333	68.792	70.86	
42484.3958333333	68.807	70.37	
42487.3958333333	68.807	61.69	
42501.3125	68.807	64.54	
42483.9166666667	68.828	76.68	
42498.0416666667	68.828	71.01	
42495.96875	68.858	68.47	
42505.3958333333	68.8692682926829	71.36	
42485.28125	68.936	66.69	
42491.3229166667	68.936	70.51	
42481.9166666667	68.954	67.6	
42491.2083333333	68.954	69.59	
42478.5104166667	68.9818181818182	63.37	
42505.7916666667	69.0125	71.42	
42477.0833333333	69.08	70.17	
42477.09375	69.08	70.17	
42477.1041666667	69.08	70.16	
42477.1145833333	69.08	70.16	
42477.125	69.08	70.14	
42477.1354166667	69.08	70.14	
42477.1458333333	69.08	70.14	
42477.15625	69.08	70.14	
42477.1666666667	69.08	70.14	
42477.1770833333	69.08	70.12	
42477.1875	69.08	70.12	
42477.1979166667	69.08	70.11	
42477.2083333333	69.08	70.11	
42477.21875	69.08	70.11	
42477.2291666667	69.08	70.1	
42477.2395833333	69.08	70.11	
42478.1666666667	69.08	69.99	
42478.1770833333	69.08	69.97	
42478.1875	69.08	69.98	
42478.5416666667	69.08	62.47	
42478.9166666667	69.08	69.23	
42478.9270833333	69.08	69.28	
42478.9375	69.08	69.31	
42478.9479166667	69.08	69.35	
42480.2291666667	69.08	70.02	
42480.2395833333	69.08	70.02	
42480.25	69.08	70.01	
42480.2604166667	69.08	66.93	
42490.28125	69.08	70.84	
42491.1666666667	69.08	69.12	
42491.1770833333	69.08	69.24	
42491.1875	69.08	69.37	
42491.1979166667	69.08	69.47	
42498	69.08	77.04	
42498.0104166667	69.08	76.04	
42498.0208333333	69.08	73.02	
42498.03125	69.08	72.02	
42504.75	69.08	71.5	
42504.7604166667	69.08	71.51	
42504.7708333333	69.08	71.49	
42504.78125	69.08	71.49	
42504.7916666667	69.08	71.5	
42504.8020833333	69.08	71.49	
42504.8125	69.08	71.47	
42504.8229166667	69.08	71.47	
42504.8333333333	69.08	71.47	
42504.90625	69.08	71.45	
42504.9479166667	69.08	71.41	
42504.9583333333	69.08	71.41	
42504.96875	69.08	71.41	
42504.9791666667	69.08	71.4	
42504.9895833333	69.08	71.38	
42495.3541666667	69.128	69.06	
42477.25	69.1668965517241	70.08	
42485.2916666667	69.1668965517241	66.52	
42477.0729166667	69.1828571428571	70.17	
42477.2916666667	69.185	70.06	
42495.9166666667	69.185	67.73	
42478.90625	69.2	69.16	
42491.15625	69.2	69.02	
42497.9895833333	69.2	77.25	
42504.84375	69.22	71.47	
42488.3541666667	69.221	69.78	
42499.3125	69.221	69.8	
42491.9791666667	69.2285	71.5	
42485.3333333333	69.2375	72.15	
42480.2708333333	69.24	66.67	
42480.9270833333	69.254	68.92	
42484.84375	69.254	71.01	
42499.1770833333	69.254	71.69	
42478.53125	69.26	68.03	
42504.9166666667	69.2709090909091	71.43	
42491.3333333333	69.311	70.56	
42504.8958333333	69.3270588235294	71.46	
42481.90625	69.344	67.44	
42482.90625	69.344	67.83	
42477.2604166667	69.3531034482759	70.09	
42485.3020833333	69.3531034482759	72.24	
42480.21875	69.36125	70.01	
42490.3333333333	69.3841379310345	70.76	
42477.3020833333	69.41	70.06	
42495.9270833333	69.41	67.89	
42498.375	69.416	70.91	
42504.7395833333	69.4228571428571	71.49	
42478.8958333333	69.425	69.07	
42491.1458333333	69.425	68.89	
42497.9791666667	69.425	77.33	
42480.5729166667	69.452	66.42	
42483.90625	69.464	76.73	
42495.90625	69.464	67.55	
42494.4375	69.473	68.53	
42477.0625	69.4864516129032	70.18	
42487.9791666667	69.518	68.06	
42496.9583333333	69.518	67.99	
42476.375	69.5182608695652	69.63	
42504.8541666667	69.52	71.46	
42480.2916666667	69.53	66.26	
42477.2708333333	69.5393103448276	70.07	
42485.3125	69.5393103448276	72.08	
42483.375	69.542	70	
42494.9270833333	69.542	68.01	
42497.375	69.542	70.62	
42501.0520833333	69.542	70.79	
42491.9895833333	69.56	71.5	
42484.40625	69.572	70.4	
42487.40625	69.572	65.91	
42501.3229166667	69.572	68.37	
42485.34375	69.575	72.22	
42478.5520833333	69.5886956521739	59.22	
42504.8854166667	69.5917647058824	71.46	
42505.40625	69.5936585365854	71.35	
42490.3229166667	69.5942857142857	70.74	
42495.9583333333	69.623	68.35	
42477.3125	69.635	70.05	
42495.9375	69.635	68.05	
42480.28125	69.64	66.37	
42496.375	69.647	68.13	
42478.8854166667	69.65	69.02	
42491.1354166667	69.65	68.79	
42497.96875	69.65	77.39	
42504.9375	69.6527272727273	71.42	
42504.9270833333	69.68	71.42	
42490.2708333333	69.6936363636364	70.76	
42487.1354166667	69.716	70.43	
42488.3645833333	69.716	69.68	
42499.3229166667	69.716	67.44	
42477.28125	69.7255172413793	70.07	
42485.3229166667	69.7255172413793	72.02	
42480.9166666667	69.749	68.87	
42484.8333333333	69.749	71	
42499.1666666667	69.749	71.71	
42480.2083333333	69.783125	70	
42491.34375	69.806	70.61	
42480.15625	69.8098181818182	69.95	
42504.8645833333	69.82	71.46	
42477.40625	69.8220408163265	69.99	
42481.8958333333	69.839	67.27	
42482.8958333333	69.839	67.97	
42504.875	69.8564705882353	71.46	
42480.1458333333	69.8589090909091	69.92	
42477.3229166667	69.86	70.04	
42495.9479166667	69.86	68.21	
42478.875	69.875	68.97	
42491.125	69.875	68.7	
42497.9583333333	69.875	77.43	
42477.3958333333	69.8771428571429	70.01	
42480.1354166667	69.908	69.92	
42485.3541666667	69.9125	72.34	
42502.28125	69.92	66.7	
42477.0520833333	69.921935483871	70.17	
42480.0729166667	69.9303448275862	69.79	
42477.3854166667	69.9322448979592	70.03	
42480.125	69.9570909090909	69.91	
42491.96875	69.971	71.5	
42477.3333333333	69.98	70.04	
42477.34375	69.98	70.04	
42477.3541666667	69.98	70.04	
42477.3645833333	69.98	70.04	
42477.375	69.98	70.02	
42480.0833333333	69.98	69.81	
42480.09375	69.98	69.84	
42480.1041666667	69.98	69.87	
42480.1145833333	69.98	69.88	
42480.1666666667	69.98	69.95	
42480.1770833333	69.98	69.96	
42480.1875	69.98	69.99	
42480.1979166667	69.98	69.99	
42480.3020833333	69.98	67.41	
42490.2395833333	69.98	70.77	
42490.25	69.98	70.79	
42490.2604166667	69.98	70.79	
42503.25	69.98	70.31	
42503.2604166667	69.98	66.94	
42503.2708333333	69.98	66.61	
42503.28125	69.98	66.64	
42504.7083333333	69.98	71.5	
42504.71875	69.98	71.5	
42504.7291666667	69.98	71.51	
42481.5729166667	69.995652173913	65.62	
42482.3958333333	70.028	61.04	
42490.34375	70.0358620689655	70.76	
42480.5833333333	70.106	66.49	
42504.25	70.106	71.3	
42491.1145833333	70.124	68.62	
42496.9479166667	70.124	68.12	
42499.15625	70.124	71.73	
42503.2395833333	70.124	70.29	
42504.2395833333	70.124	71.3	
42498.3854166667	70.136	70.96	
42483.8958333333	70.184	76.78	
42495.8958333333	70.184	67.36	
42487.4166666667	70.211	66.19	
42501.3333333333	70.211	69.28	
42503.2916666667	70.211	66.54	
42505.4166666667	70.21625	71.34	
42504.6979166667	70.218064516129	71.5	
42490.2291666667	70.2341176470588	70.79	
42478.8645833333	70.244	68.93	
42480.90625	70.244	68.8	
42502.2708333333	70.2444897959184	66.94	
42480.0625	70.2562068965517	69.76	
42479.4270833333	70.2581818181818	67.77	
42502.2916666667	70.288	66.44	
42484.8229166667	70.2885714285714	70.99	
42491.3541666667	70.301	70.66	
42481.8854166667	70.334	67.11	
42482.8854166667	70.334	68.19	
42484.4166666667	70.337	70.41	
42488.375	70.337	69.37	
42499.3333333333	70.337	66.41	
42480.59375	70.376	68.89	
42504.2604166667	70.376	71.3	
42495.3645833333	70.388	68.57	
42497.9479166667	70.388	77.51	
42491.1041666667	70.394	68.57	
42496.9375	70.394	68.32	
42499.1458333333	70.394	71.72	
42503.2291666667	70.394	70.27	
42504.2291666667	70.394	71.29	
42490.1145833333	70.4347368421053	70.66	
42476.3854166667	70.4573913043478	69.63	
42477.4166666667	70.484	69.99	
42505.78125	70.496	71.41	
42487.96875	70.508	67.95	
42494.4479166667	70.508	68.21	
42483.3854166667	70.532	70	
42497.3854166667	70.532	70.66	
42502.2604166667	70.5751020408163	67.19	
42494.9166666667	70.577	67.87	
42480.0520833333	70.5820689655172	69.72	
42485.3645833333	70.628	72.74	
42478.5625	70.6376923076923	64.56	
42480.6041666667	70.646	68.66	
42504.2708333333	70.646	71.3	
42491.09375	70.664	68.56	
42496.9270833333	70.664	68.64	
42499.1354166667	70.664	71.73	
42503.21875	70.664	70.26	
42504.21875	70.664	71.28	
42490.3541666667	70.6875862068966	70.76	
42487.4270833333	70.706	63.03	
42501.34375	70.706	68.97	
42503.3020833333	70.706	67.34	
42490.21875	70.7105882352941	70.76	
42491.9583333333	70.7135	71.5	
42505.4270833333	70.7225	71.36	
42478.8541666667	70.739	68.86	
42480.8958333333	70.739	68.71	
42491.3645833333	70.796	70.7	
42490.125	70.82	70.67	
42481.875	70.829	66.93	
42482.875	70.829	68.52	
42498.3958333333	70.856	70.98	
42496.3854166667	70.862	67.86	
42484.8125	70.8671428571429	70.97	
42483.8854166667	70.904	76.87	
42495.8854166667	70.904	67.16	
42502.25	70.9057142857143	70.56	
42480.6145833333	70.916	69.04	
42504.28125	70.916	71.3	
42491.0833333333	70.934	68.58	
42496.9166666667	70.934	69.14	
42499.125	70.934	71.72	
42503.2083333333	70.934	70.26	
42504.2083333333	70.934	71.27	
42502.3020833333	70.948	67.33	
42477.4270833333	71.06	70.01	
42477.8333333333	71.06	70.04	
42477.875	71.06	70.06	
42477.8854166667	71.06	70.06	
42477.8958333333	71.06	70.04	
42477.90625	71.06	70.04	
42477.9166666667	71.06	70.07	
42477.9270833333	71.06	70.06	
42477.9375	71.06	70.05	
42477.9583333333	71.06	70.04	
42477.96875	71.06	70.05	
42477.9791666667	71.06	70.04	
42484.7916666667	71.06	70.94	
42484.8020833333	71.06	70.97	
42490.0833333333	71.06	70.62	
42490.09375	71.06	70.62	
42490.1041666667	71.06	70.66	
42490.1979166667	71.06	70.77	
42490.2083333333	71.06	70.77	
42494.875	71.06	67.31	
42494.8854166667	71.06	67.46	
42494.8958333333	71.06	67.6	
42494.90625	71.06	67.73	
42498.9583333333	71.06	71.74	
42498.96875	71.06	71.74	
42498.9791666667	71.06	71.74	
42498.9895833333	71.06	71.76	
42499.0520833333	71.06	71.76	
42499.0625	71.06	71.73	
42499.0729166667	71.06	71.74	
42499.0833333333	71.06	71.74	
42499.09375	71.06	71.75	
42499.1041666667	71.06	71.72	
42499.1145833333	71.06	71.72	
42504.2916666667	71.06	71.31	
42504.3020833333	71.06	71.29	
42504.3125	71.06	71.29	
42484.4270833333	71.102	70.44	
42488.3854166667	71.102	66.95	
42499.34375	71.102	65.89	
42477.9895833333	71.1371428571429	70.05	
42497.9375	71.153	77.57	
42484.6666666667	71.165	70.76	
42476.9895833333	71.18	70.16	
42491.0729166667	71.18	68.66	
42498.9479166667	71.18	71.76	
42502.2395833333	71.18	70.57	
42504.1979166667	71.18	71.27	
42487.4375	71.201	62.24	
42501.3541666667	71.201	68.88	
42503.3125	71.201	64.54	
42484.78125	71.2069387755102	70.93	
42505.4375	71.2207142857143	71.34	
42478.84375	71.234	68.79	
42480.8854166667	71.234	68.63	
42477.4375	71.2563636363636	69.98	
42504.6875	71.2632258064516	71.49	
42477.8645833333	71.2781818181818	70.05	
42482.40625	71.288	60.54	
42481.5833333333	71.291	63.07	
42485.375	71.291	72.95	
42491.375	71.291	70.74	
42482.8645833333	71.324	69.04	
42491.9479166667	71.324	71.49	
42490.3645833333	71.3393103448276	70.74	
42484.6770833333	71.39	70.77	
42490.375	71.396	70.74	
42494.4583333333	71.396	68.49	
42476.3958333333	71.3965217391304	69.61	
42476.9791666667	71.405	70.14	
42491.0625	71.405	68.81	
42498.9375	71.405	71.74	
42502.2291666667	71.405	70.56	
42503.1875	71.405	70.23	
42504.1875	71.405	71.24	
42481.8645833333	71.444	66.74	
42484.65625	71.444	70.75	
42496.90625	71.444	69.84	
42477.84375	71.46	70.04	
42477.9479166667	71.465	70.06	
42480.625	71.48	69.76	
42484.7708333333	71.4824489795918	70.92	
42487.9583333333	71.498	67.84	
42477.4479166667	71.5018181818182	69.99	
42483.3958333333	71.522	70	
42495.375	71.522	68.19	
42497.3958333333	71.522	70.66	
42477.4583333333	71.5733333333333	69.97	
42498.40625	71.576	71.02	
42502.3125	71.608	65.17	
42484.6875	71.615	70.8	
42483.875	71.624	76.94	
42495.875	71.624	66.96	
42476.96875	71.63	70.13	
42491.0520833333	71.63	69.05	
42498.9270833333	71.63	71.74	
42502.21875	71.63	70.54	
42503.1770833333	71.63	70.22	
42504.1770833333	71.63	71.23	
42504.3229166667	71.6469565217391	71.3	
42477.8541666667	71.6872727272727	70.05	
42487.4479166667	71.696	61.09	
42501.3645833333	71.696	68.93	
42503.3229166667	71.696	68.71	
42505.4479166667	71.7028571428571	71.33	
42477.8229166667	71.7145454545454	70.04	
42478.8333333333	71.729	68.73	
42480.875	71.729	68.57	
42484.7604166667	71.7579591836735	70.91	
42481.59375	71.786	61.18	
42485.3854166667	71.786	73.01	
42491.3854166667	71.786	70.77	
42505.7708333333	71.801	71.41	
42482.8541666667	71.819	69.74	
42491.9375	71.819	71.47	
42484.6979166667	71.84	70.81	
42490.1354166667	71.84	70.7	
42494.8645833333	71.852	67.16	
42476.9583333333	71.855	70.13	
42498.9166666667	71.855	71.74	
42502.2083333333	71.855	70.54	
42503.1666666667	71.855	70.18	
42504.1666666667	71.855	71.22	
42484.4375	71.867	70.45	
42488.3958333333	71.867	65.04	
42499.3541666667	71.867	65.41	
42497.9270833333	71.918	77.64	
42476.40625	71.96	69.61	
42484.7395833333	71.96	70.87	
42484.75	71.96	70.89	
42487.9166666667	71.96	67.71	
42487.9270833333	71.96	67.67	
42487.9375	71.96	67.71	
42487.9479166667	71.96	67.76	
42490.1458333333	71.96	70.71	
42490.15625	71.96	70.74	
42490.1666666667	71.96	70.76	
42490.1770833333	71.96	70.75	
42490.1875	71.96	70.75	
42498.7916666667	71.96	71.68	
42498.8020833333	71.96	71.68	
42498.8125	71.96	71.69	
42498.8229166667	71.96	71.71	
42498.8333333333	71.96	71.71	
42498.84375	71.96	71.72	
42498.8541666667	71.96	71.69	
42498.8645833333	71.96	71.72	
42498.875	71.96	71.72	
42498.8854166667	71.96	71.74	
42498.8958333333	71.96	71.74	
42498.90625	71.96	71.76	
42504.125	71.96	71.12	
42504.1354166667	71.96	71.16	
42504.1458333333	71.96	71.18	
42504.15625	71.96	71.21	
42496.3958333333	72.077	68.51	
42498.7083333333	72.086	71.59	
42476.9479166667	72.104	70.12	
42478.8229166667	72.104	68.66	
42480.8645833333	72.104	68.49	
42491.03125	72.104	69.56	
42495.8645833333	72.104	66.73	
42498.78125	72.104	71.69	
42502.1979166667	72.104	70.53	
42503.15625	72.104	70.17	
42504.1145833333	72.104	71.11	
42490.3854166667	72.116	70.74	
42494.46875	72.116	68.25	
42476.4166666667	72.1337931034483	69.62	
42498.4166666667	72.149	71.07	
42481.8541666667	72.164	66.57	
42484.6458333333	72.164	70.74	
42496.8958333333	72.164	70.86	
42480.6354166667	72.17	69.96	
42501.375	72.191	68.76	
42503.3333333333	72.191	69.81	
42505.4583333333	72.2507692307692	71.33	
42500.9895833333	72.2703448275862	70.64	
42481.6041666667	72.281	58.78	
42485.3958333333	72.281	73.31	
42491.3958333333	72.281	70.81	
42482.84375	72.314	70.76	
42491.9270833333	72.314	71.47	
42479.4375	72.3445454545455	67.17	
42487.125	72.3527272727273	70.42	
42498.71875	72.356	71.66	
42483.8645833333	72.368	77.01	
42487.90625	72.368	67.79	
42498.6979166667	72.368	71.6	
42476.9375	72.374	70.12	
42478.8125	72.374	68.58	
42480.8541666667	72.374	68.41	
42491.0208333333	72.374	70.56	
42495.8541666667	72.374	66.52	
42498.7708333333	72.374	71.69	
42502.1875	72.374	70.52	
42504.1041666667	72.374	71.07	
42478.5833333333	72.422	68.75	
42482.4166666667	72.422	67.96	
42487.4583333333	72.422	61.59	
42479.4479166667	72.44	63.06	
42476.4270833333	72.5062068965517	69.63	
42483.40625	72.512	70	
42495.3854166667	72.512	68.51	
42497.40625	72.512	70.67	
42498.4270833333	72.554	71.11	
42478.5729166667	72.6107692307692	66.71	
42480.6458333333	72.62	68.09	
42498.7291666667	72.626	71.63	
42484.4479166667	72.632	70.47	
42488.40625	72.632	64.11	
42499.3645833333	72.632	64.84	
42476.9270833333	72.644	70.11	
42478.8020833333	72.644	68.49	
42480.84375	72.644	68.32	
42491.0104166667	72.644	71.57	
42495.84375	72.644	66.31	
42498.7604166667	72.644	71.66	
42502.1770833333	72.644	70.52	
42503.1354166667	72.644	70.11	
42504.09375	72.644	71.05	
42477.46875	72.6733333333333	69.97	
42497.9166666667	72.683	77.69	
42501.3854166667	72.686	68.63	
42503.34375	72.686	69.94	
42504.6770833333	72.6933333333333	71.51	
42479.4583333333	72.716	60.72	
42481.6145833333	72.776	65.57	
42485.40625	72.776	73.1	
42491.40625	72.776	70.84	
42482.8333333333	72.809	72.22	
42491.9166666667	72.809	71.47	
42490.3958333333	72.836	70.73	
42494.4791666667	72.836	68.61	
42505.46875	72.8738461538462	71.33	
42502.3229166667	72.8763636363636	69.06	
42476.4375	72.8786206896552	69.61	
42481.84375	72.884	66.4	
42484.6354166667	72.884	70.72	
42496.8854166667	72.884	72.34	
42498.7395833333	72.896	71.63	
42476.9166666667	72.914	70.09	
42478.7916666667	72.914	68.39	
42480.8333333333	72.914	68.24	
42491	72.914	72.57	
42495.8333333333	72.914	66.07	
42498.75	72.914	71.66	
42502.1666666667	72.914	70.52	
42503.125	72.914	70.08	
42504.0833333333	72.914	71.01	
42477.8125	72.95	70.04	
42498.4375	72.959	71.15	
42484.7291666667	72.9628571428571	70.85	
42490.0729166667	73.04	70.59	
42476.8958333333	73.04	70.07	
42476.90625	73.04	70.08	
42477.5	73.04	69.96	
42477.5104166667	73.04	69.96	
42477.5208333333	73.04	69.96	
42477.53125	73.04	69.96	
42477.5416666667	73.04	69.96	
42477.5520833333	73.04	69.95	
42477.5625	73.04	69.96	
42479.9166666667	73.04	68.93	
42479.9270833333	73.04	69.01	
42479.9375	73.04	69.1	
42479.9479166667	73.04	69.17	
42479.9583333333	73.04	69.24	
42479.96875	73.04	69.31	
42479.9791666667	73.04	69.37	
42479.9895833333	73.04	69.43	
42485.4166666667	73.04	73.06	
42486.1666666667	73.04	70.65	
42486.1770833333	73.04	70.68	
42486.1875	73.04	70.71	
42486.1979166667	73.04	70.73	
42486.2083333333	73.04	70.75	
42486.21875	73.04	70.79	
42486.2291666667	73.04	70.79	
42486.2395833333	73.04	70.82	
42486.25	73.04	70.83	
42486.2604166667	73.04	67.52	
42486.2708333333	73.04	67.26	
42486.28125	73.04	67.17	
42502.0520833333	73.04	70.29	
42502.0625	73.04	70.31	
42502.0729166667	73.04	70.34	
42502.125	73.04	70.46	
42502.1354166667	73.04	70.47	
42502.1458333333	73.04	70.49	
42504.0520833333	73.04	70.89	
42504.0625	73.04	70.94	
42504.0729166667	73.04	70.97	
42504.3333333333	73.04	71.3	
42502.0833333333	73.085	70.37	
42505.7604166667	73.106	71.42	
42484.7083333333	73.115	70.82	
42483.8541666667	73.133	77.09	
42487.8958333333	73.133	67.95	
42498.6875	73.133	71.57	
42477.5833333333	73.145	69.97	
42484.5833333333	73.145	70.66	
42486.2916666667	73.145	66.56	
42479.90625	73.16	68.84	
42486.15625	73.16	70.62	
42490.9895833333	73.16	75.67	
42491.90625	73.16	71.45	
42497.90625	73.16	77.74	
42498.53125	73.16	71.39	
42499.9895833333	73.16	70.51	
42501.3958333333	73.181	68.58	
42503.3541666667	73.181	69.87	
42502.09375	73.1814285714286	70.41	
42476.4479166667	73.2510344827586	69.62	
42480.65625	73.26	65.95	
42491.4166666667	73.271	70.87	
42502.3333333333	73.271	69.18	
42502.1041666667	73.2778571428571	70.42	
42496.40625	73.292	68.94	
42477.5729166667	73.2941176470588	69.96	
42478.78125	73.304	68.24	
42503.1145833333	73.304	70.06	
42494.8541666667	73.337	66.99	
42484.4583333333	73.355	70.48	
42477.59375	73.37	69.96	
42484.59375	73.37	70.67	
42486.3020833333	73.37	69.29	
42502.1145833333	73.3742857142857	70.45	
42483.4166666667	73.376	70	
42499.375	73.376	63.87	
42479.8958333333	73.385	68.75	
42486.1458333333	73.385	70.58	
42490.9791666667	73.385	75.7	
42491.8958333333	73.385	71.46	
42497.8958333333	73.385	77.81	
42498.5208333333	73.385	71.37	
42499.9791666667	73.385	70.45	
42477.4895833333	73.4	69.96	
42478.59375	73.412	69.17	
42482.4270833333	73.412	69.51	
42487.46875	73.412	68.14	
42480.8229166667	73.424	68.16	
42484.5729166667	73.424	70.65	
42498.4895833333	73.4558620689655	71.31	
42504.34375	73.461875	71.31	
42495.3958333333	73.502	68.83	
42481.625	73.502	68.12	
42498.5416666667	73.502	71.4	
42490.40625	73.556	70.73	
42494.4895833333	73.556	68.61	
42484.71875	73.565	70.84	
42487.1145833333	73.5675862068966	70.4	
42498.4479166667	73.58	71.2	
42477.6041666667	73.595	69.96	
42484.6041666667	73.595	70.69	
42486.3125	73.595	67.27	
42498.4791666667	73.5955172413793	71.27	
42481.8333333333	73.604	66.22	
42484.625	73.604	70.71	
42496.875	73.604	74.85	
42500.0520833333	73.6057142857143	70.7	
42479.8854166667	73.61	68.67	
42486.1354166667	73.61	70.54	
42490.96875	73.61	75.74	
42491.8854166667	73.61	71.44	
42497.8854166667	73.61	77.87	
42498.5104166667	73.61	71.36	
42499.96875	73.61	70.41	
42497.4166666667	73.628	70.69	
42501.40625	73.676	68.98	
42503.3645833333	73.676	68.76	
42505.4791666667	73.6805882352941	71.32	
42476.8854166667	73.69	70.06	
42482.8229166667	73.712	74.86	
42477.4791666667	73.7323076923077	69.96	
42498.46875	73.7351724137931	71.24	
42502.15625	73.76	70.51	
42491.4270833333	73.766	70.91	
42502.34375	73.766	69.06	
42478.7708333333	73.799	68.02	
42503.1041666667	73.799	70.02	
42485.4270833333	73.8064516129032	71.1	
42488.4166666667	73.81	63.75	
42477.6145833333	73.82	69.96	
42484.6145833333	73.82	70.7	
42486.3229166667	73.82	66.17	
42479.875	73.835	68.58	
42486.125	73.835	70.51	
42490.9583333333	73.835	75.77	
42491.875	73.835	71.44	
42497.875	73.835	77.93	
42498.5	73.835	71.33	
42499.9583333333	73.835	70.36	
42498.4583333333	73.8748275862069	71.22	
42504.3541666667	73.88375	71.29	
42483.84375	73.898	77.16	
42487.8854166667	73.898	68.23	
42498.6770833333	73.898	71.57	
42476.875	73.94	70.04	
42484.46875	73.94	70.51	
42486.0520833333	73.94	70.07	
42486.0625	73.94	70.14	
42486.0729166667	73.94	70.22	
42486.0833333333	73.94	70.29	
42486.09375	73.94	70.34	
42486.1041666667	73.94	70.41	
42486.1145833333	73.94	70.46	
42486.3333333333	73.94	65.78	
42486.34375	73.94	67.26	
42486.3541666667	73.94	70.44	
42486.3645833333	73.94	69.16	
42500.0625	73.94	70.73	
42500.0729166667	73.94	70.74	
42500.0833333333	73.94	70.77	
42500.09375	73.94	70.8	
42500.1041666667	73.94	70.81	
42500.1145833333	73.94	70.82	
42500.125	73.94	70.84	
42500.1354166667	73.94	70.86	
42500.1458333333	73.94	70.87	
42500.15625	73.94	70.87	
42500.1666666667	73.94	70.88	
42500.1770833333	73.94	70.88	
42500.1875	73.94	70.89	
42500.1979166667	73.94	70.89	
42500.2083333333	73.94	70.91	
42500.21875	73.94	70.89	
42500.2291666667	73.94	70.91	
42500.2395833333	73.94	70.91	
42500.25	73.94	70.91	
42500.2604166667	73.94	68.39	
42500.2708333333	73.94	66.97	
42500.28125	73.94	66.47	
42500.2916666667	73.94	66.63	
42500.3020833333	73.94	71.97	
42500.3125	73.94	71.76	
42500.3229166667	73.94	71.45	
42504.3645833333	73.94	71.28	
42500.9791666667	73.9462068965517	70.64	
42495.8229166667	73.976	65.87	
42487.1041666667	73.9865517241379	70.27	
42477.625	74.066	69.96	
42486.375	74.066	67.01	
42500.3333333333	74.066	67.86	
42477.8020833333	74.0696	70.01	
42479.46875	74.0730434782609	63.78	
42490.9479166667	74.084	75.82	
42491.8645833333	74.084	71.42	
42483.4270833333	74.096	70	
42499.3854166667	74.096	68.52	
42476.8645833333	74.1363636363636	70.04	
42480.8125	74.144	68.08	
42484.5625	74.144	70.65	
42484.4791666667	74.1684615384615	70.52	
42499.9479166667	74.204	70.31	
42501.9895833333	74.204	70.02	
42503.9895833333	74.204	70.62	
42491.4375	74.261	70.92	
42502.3541666667	74.261	69.23	
42478.7604166667	74.294	67.59	
42503.09375	74.294	69.98	
42490.4166666667	74.297	70.72	
42494.5	74.297	68.75	
42504.375	74.3093103448276	71.28	
42477.6354166667	74.336	69.96	
42486.3854166667	74.336	65.91	
42500.34375	74.336	65.76	
42481.8229166667	74.348	66.07	
42497.8645833333	74.348	77.97	
42490.9375	74.354	75.86	
42491.8541666667	74.354	71.42	
42478.6041666667	74.402	68.94	
42482.4375	74.402	69.12	
42487.4791666667	74.402	65.82	
42487.09375	74.4055172413793	70.22	
42505.75	74.411	71.42	
42496.4166666667	74.423	68.24	
42501.4166666667	74.423	68.07	
42503.375	74.423	67.37	
42495.40625	74.492	68.98	
42479.8645833333	74.492	68.48	
42481.6354166667	74.492	68.19	
42496.8645833333	74.492	75.76	
42498.5520833333	74.492	71.41	
42476.8541666667	74.5045454545455	70.03	
42505.4895833333	74.5541176470588	71.33	
42477.6458333333	74.606	69.96	
42486.3958333333	74.606	65.33	
42500.3541666667	74.606	65.13	
42490.9270833333	74.624	75.91	
42491.84375	74.624	71.41	
42483.8333333333	74.663	77.22	
42487.875	74.663	68.64	
42498.6666666667	74.663	71.56	
42499.9375	74.699	70.25	
42501.9791666667	74.699	69.96	
42503.9791666667	74.699	70.57	
42477.7916666667	74.7176	70.02	
42491.4479166667	74.756	70.94	
42502.3645833333	74.756	69.06	
42485.4375	74.7645161290323	69.11	
42478.75	74.789	66.39	
42503.0833333333	74.789	69.94	
42483.4375	74.816	70.01	
42499.3958333333	74.816	69.79	
42494.84375	74.822	66.84	
42487.0833333333	74.8244827586207	70.17	
42480.8020833333	74.864	67.99	
42484.5520833333	74.864	70.62	
42476.84375	74.8727272727273	70.02	
42477.65625	74.876	69.96	
42486.40625	74.876	65.31	
42500.3645833333	74.876	69.22	
42497.4270833333	74.888	70.71	
42504.6666666667	74.8933333333333	71.49	
42490.9166666667	74.894	75.93	
42491.8333333333	74.894	71.39	
42482.8125	74.972	74.94	
42476.4583333333	75.0061538461539	69.61	
42476.8333333333	75.02	70	
42477.75	75.02	69.99	
42477.7604166667	75.02	70	
42477.7708333333	75.02	70.02	
42477.78125	75.02	70	
42479.4791666667	75.02	67.66	
42487.0520833333	75.02	69.92	
42487.0625	75.02	70	
42487.0729166667	75.02	70.07	
42489.0833333333	75.02	69.66	
42489.09375	75.02	69.71	
42502.9166666667	75.02	68.49	
42502.9270833333	75.02	68.63	
42502.9375	75.02	68.77	
42502.9479166667	75.02	68.91	
42503.0520833333	75.02	69.81	
42503.0625	75.02	69.84	
42503.0729166667	75.02	69.89	
42505.5	75.02	71.32	
42505.6979166667	75.02	71.38	
42505.7395833333	75.02	71.4	
42490.4270833333	75.062	70.72	
42494.5104166667	75.062	68.75	
42489.0520833333	75.088275862069	69.44	
42486.9895833333	75.092	69.31	
42504.3854166667	75.1006896551724	71.29	
42481.8125	75.113	65.94	
42497.8541666667	75.113	78.09	
42479.4895833333	75.12	67.81	
42505.5104166667	75.1246511627907	71.34	
42477.6666666667	75.125	69.97	
42480.6666666667	75.125	68.21	
42486.4166666667	75.125	69.99	
42491.4583333333	75.125	70.96	
42502.9583333333	75.125	69.01	
42505.625	75.125	71.37	
42478.7083333333	75.1325	66.24	
42489.0625	75.1348275862069	69.5	
42477.7395833333	75.14	69.99	
42485.9895833333	75.14	69.43	
42478.7395833333	75.18	66.31	
42489.0729166667	75.1813793103448	69.58	
42499.9270833333	75.194	70.19	
42501.96875	75.194	69.9	
42503.96875	75.194	70.51	
42486.9791666667	75.22625	69.17	
42505.6145833333	75.245	71.38	
42495.4166666667	75.251	68.67	
42505.6875	75.2796153846154	71.39	
42505.7291666667	75.2796153846154	71.4	
42476.8229166667	75.284	69.98	
42490.90625	75.284	75.98	
42491.8229166667	75.284	71.38	
42502.90625	75.284	68.35	
42489.1041666667	75.2927272727273	69.76	
42484.4895833333	75.3107692307692	70.53	
42488.4270833333	75.3114285714286	66.47	
42477.6770833333	75.35	69.96	
42480.6770833333	75.35	69.34	
42486.4270833333	75.35	67.07	
42491.46875	75.35	70.97	
42502.96875	75.35	69.12	
42505.6354166667	75.35	71.38	
42477.7291666667	75.365	69.99	
42485.9791666667	75.365	69.31	
42485.9479166667	75.3862068965517	68.84	
42486.90625	75.3862068965517	68	
42486.9479166667	75.3862068965517	68.72	
42478.6145833333	75.392	69.54	
42482.4479166667	75.392	69.19	
42487.4895833333	75.392	64.23	
42487.8645833333	75.428	69.27	
42498.65625	75.428	71.57	
42505.5208333333	75.4386046511628	71.33	
42502.375	75.44	69.1	
42496.4270833333	75.458	68.58	
42501.4270833333	75.458	69.11	
42503.3854166667	75.458	68.91	
42500.375	75.4762068965517	70.69	
42478.7291666667	75.48	69.92	
42481.6458333333	75.482	66.05	
42498.5625	75.482	71.43	
42486.96875	75.5075	69.04	
42479.8541666667	75.527	68.4	
42496.8541666667	75.527	75.79	
42483.4479166667	75.536	70.02	
42499.40625	75.536	66.24	
42505.6770833333	75.5392307692308	71.37	
42505.71875	75.5392307692308	71.4	
42485.4479166667	75.541052631579	68.51	
42483.8229166667	75.548	77.29	
42477.6875	75.575	69.99	
42480.6875	75.575	69.41	
42486.4375	75.575	65.2	
42491.4791666667	75.575	70.98	
42502.9791666667	75.575	69.22	
42505.6458333333	75.575	71.36	
42480.7916666667	75.584	67.88	
42484.5416666667	75.584	70.61	
42477.71875	75.59	69.98	
42485.96875	75.59	69.15	
42500.96875	75.6220689655172	70.59	
42505.6041666667	75.666875	71.37	
42499.9166666667	75.689	70.12	
42501.9583333333	75.689	69.83	
42503.9583333333	75.689	70.46	
42489.1145833333	75.7018181818182	69.82	
42495.8125	75.731	65.66	
42495.4270833333	75.746	68.26	
42505.53125	75.7525581395349	71.34	
42476.8125	75.779	69.96	
42490.8958333333	75.779	76.01	
42491.8125	75.779	71.38	
42502.8958333333	75.779	68.21	
42478.71875	75.78	68.91	
42486.9583333333	75.78875	68.88	
42505.6666666667	75.7988461538462	71.37	
42505.7083333333	75.7988461538462	71.4	
42477.6979166667	75.8	69.97	
42480.6979166667	75.8	69.22	
42486.4479166667	75.8	65.01	
42491.4895833333	75.8	70.99	
42502.9895833333	75.8	69.33	
42505.65625	75.8	71.37	
42477.7083333333	75.815	69.97	
42485.9583333333	75.815	69.01	
42490.4375	75.827	70.71	
42494.5208333333	75.827	68.59	
42485.9375	75.851724137931	68.66	
42486.8958333333	75.851724137931	67.78	
42486.9375	75.851724137931	68.57	
42481.8020833333	75.878	65.87	
42497.84375	75.878	78.16	
42504.3958333333	75.8920689655172	71.28	
42478.625	75.92	69.95	
42478.6354166667	75.92	69.36	
42478.6458333333	75.92	66.63	
42478.65625	75.92	64.93	
42478.6666666667	75.92	67.12	
42478.6770833333	75.92	69.36	
42478.6875	75.92	69.92	
42478.6979166667	75.92	67.44	
42484.5	75.92	70.56	
42484.5104166667	75.92	70.57	
42484.5208333333	75.92	70.58	
42484.53125	75.92	70.59	
42485.4583333333	75.92	67.66	
42490.0520833333	75.92	70.57	
42490.0625	75.92	70.58	
42505.5416666667	75.92	71.34	
42505.5520833333	75.92	71.36	
42505.59375	75.92	71.37	
42480.7083333333	76.046	68.67	
42489.125	76.046	69.85	
42479.5	76.0503448275862	64.68	
42480.78125	76.064	67.73	
42488.9895833333	76.064	68.84	
42499.90625	76.064	70.04	
42501.9479166667	76.064	69.76	
42505.5625	76.1434482758621	71.36	
42497.4375	76.148	70.71	
42482.4583333333	76.172	69.31	
42483.4583333333	76.172	70.01	
42486.4583333333	76.172	67.86	
42487.5	76.172	62.41	
42487.8541666667	76.193	70.17	
42498.6458333333	76.193	71.54	
42503.9479166667	76.208	70.4	
42482.8020833333	76.232	74.91	
42495.4375	76.241	67.37	
42476.8020833333	76.274	69.95	
42490.8854166667	76.274	76.04	
42491.8020833333	76.274	71.37	
42502.8854166667	76.274	68.04	
42499.4166666667	76.277	64.78	
42494.8333333333	76.307	66.68	
42480.71875	76.316	66.86	
42489.1354166667	76.316	69.91	
42485.9270833333	76.3172413793103	68.48	
42486.8854166667	76.3172413793103	67.57	
42486.9270833333	76.3172413793103	68.39	
42479.5104166667	76.3296551724138	62.54	
42476.46875	76.3336170212766	69.61	
42480.7708333333	76.334	67.54	
42488.9791666667	76.334	68.72	
42499.8958333333	76.334	69.97	
42501.9375	76.334	69.68	
42505.5833333333	76.37	71.36	
42502.3854166667	76.3888372093023	69.21	
42491.5	76.403	71.01	
42488.4375	76.4042857142857	68.92	
42500.3854166667	76.4537931034483	68.39	
42504.65625	76.464	71.47	
42481.65625	76.472	62.85	
42498.5729166667	76.472	71.44	
42496.4375	76.493	68.72	
42501.4375	76.493	69.11	
42503.3958333333	76.493	69.87	
42483.8125	76.538	77.31	
42479.84375	76.562	68.31	
42496.84375	76.562	75.75	
42480.7291666667	76.586	68.75	
42489.1458333333	76.586	69.95	
42490.4479166667	76.592	70.71	
42494.53125	76.592	68.92	
42480.7604166667	76.604	67.17	
42488.96875	76.604	68.59	
42499.8854166667	76.604	69.89	
42501.9270833333	76.604	69.62	
42479.5208333333	76.6089655172414	61.57	
42481.7916666667	76.643	65.84	
42497.8333333333	76.643	78.23	
42504.40625	76.6834482758621	71.28	
42505.5729166667	76.7020689655172	71.36	
42482.46875	76.712	69.42	
42483.46875	76.712	70.01	
42486.46875	76.712	69.96	
42487.5104166667	76.712	62.86	
42495.4479166667	76.736	67.04	
42503.9375	76.748	70.34	
42476.7916666667	76.769	69.94	
42490.875	76.769	76.08	
42491.7916666667	76.769	71.35	
42502.875	76.769	67.87	
42485.9166666667	76.7827586206897	68.28	
42486.875	76.7827586206897	67.34	
42486.9166666667	76.7827586206897	68.19	
42480.7395833333	76.856	66.23	
42489.15625	76.856	69.99	
42480.75	76.874	66.19	
42488.9583333333	76.874	68.48	
42499.875	76.874	69.81	
42501.9166666667	76.874	69.52	
42479.53125	76.888275862069	61.82	
42487.84375	76.958	71.65	
42498.6354166667	76.958	71.53	
42479.5416666667	77	60.51	
42489.28125	77	66.97	
42489.2916666667	77	66.21	
42489.3020833333	77	69.11	
42489.3125	77	66.91	
42489.3229166667	77	65.96	
42489.3333333333	77	65.42	
42489.34375	77	69.71	
42489.3541666667	77	66.82	
42489.3645833333	77	64.77	
42489.9791666667	77	70.4	
42489.9895833333	77	70.42	
42490	77	70.57	
42476.4791666667	77.0229787234043	69.62	
42499.4270833333	77.042	64.06	
42489.96875	77.0469565217391	70.37	
42481.6666666667	77.126	60.56	
42498.5833333333	77.126	71.46	
42489.1666666667	77.142641509434	70.02	
42476.78125	77.144	69.92	
42481.78125	77.144	65.88	
42485.46875	77.144	66.97	
42488.9479166667	77.144	68.32	
42491.78125	77.144	71.33	
42502.53125	77.144	69.29	
42489.2708333333	77.1506976744186	66.51	
42489.375	77.231	63.15	
42482.4791666667	77.252	69.44	
42483.4791666667	77.252	70.02	
42486.4791666667	77.252	69.9	
42487.5208333333	77.252	62.16	
42485.90625	77.264	68.08	
42486.8645833333	77.264	67.12	
42499.8645833333	77.264	69.72	
42501.90625	77.264	69.44	
42503.9270833333	77.288	70.27	
42500.9583333333	77.2979310344828	70.56	
42490.4583333333	77.357	70.69	
42494.5416666667	77.357	69.33	
42495.4583333333	77.357	67.46	
42502.3958333333	77.393488372093	69.29	
42481.6770833333	77.396	60.62	
42498.59375	77.396	71.47	
42497.4479166667	77.408	70.74	
42497.8229166667	77.408	78.29	
42476.7708333333	77.414	69.91	
42481.7708333333	77.414	66.05	
42488.9375	77.414	68.17	
42491.7708333333	77.414	71.33	
42502.5208333333	77.414	68.87	
42500.3958333333	77.4313793103448	66.12	
42491.5104166667	77.438	71.02	
42489.1770833333	77.4483018867925	70.06	
42504.6458333333	77.484	71.46	
42495.8020833333	77.486	65.46	
42482.7916666667	77.492	74.78	
42488.4479166667	77.4971428571429	69.22	
42489.2604166667	77.5274418604651	67.62	
42496.4479166667	77.528	68.49	
42501.4479166667	77.528	69.17	
42503.40625	77.528	69.36	
42483.8020833333	77.528	77.3	
42490.8645833333	77.528	76.11	
42494.8229166667	77.528	66.54	
42502.8645833333	77.528	67.71	
42479.5520833333	77.5321739130435	63.93	
42502.5416666667	77.588	69.38	
42479.8333333333	77.597	68.24	
42496.8333333333	77.597	75.64	
42481.6875	77.666	68.31	
42498.6041666667	77.666	71.47	
42476.7604166667	77.684	69.89	
42481.7604166667	77.684	66.48	
42488.9270833333	77.684	68.01	
42491.7604166667	77.684	71.32	
42502.5104166667	77.684	69.26	
42476.4895833333	77.7123404255319	69.62	
42487.8333333333	77.723	73.86	
42498.625	77.723	71.52	
42489.3854166667	77.726	63.82	
42489.9583333333	77.7513043478261	70.32	
42489.1875	77.7539622641509	70.08	
42485.8958333333	77.759	67.87	
42486.8541666667	77.759	66.89	
42499.8541666667	77.759	69.59	
42501.8958333333	77.759	69.34	
42482.4895833333	77.792	68.93	
42483.4895833333	77.792	70.02	
42486.4895833333	77.792	65.47	
42487.53125	77.792	61.92	
42499.4375	77.807	68.67	
42503.9166666667	77.828	70.19	
42489.25	77.9041860465116	70.22	
42481.6979166667	77.936	69.92	
42498.6145833333	77.936	71.51	
42476.75	77.954	69.87	
42481.75	77.954	68.9	
42488.9166666667	77.954	67.84	
42491.75	77.954	71.3	
42502.5	77.954	69.54	
42489.1979166667	78.0596226415094	70.11	
42476.7083333333	78.08	69.81	
42476.71875	78.08	69.82	
42476.7291666667	78.08	69.83	
42476.7395833333	78.08	69.85	
42481.7083333333	78.08	69.68	
42481.71875	78.08	67.46	
42481.7291666667	78.08	65.38	
42481.7395833333	78.08	66.87	
42482.5	78.08	69.04	
42482.5104166667	78.08	69.15	
42482.5208333333	78.08	69.19	
42482.53125	78.08	69.22	
42483.5	78.08	70.03	
42483.5104166667	78.08	70.04	
42483.5208333333	78.08	70.03	
42483.53125	78.08	70.04	
42485.4791666667	78.08	66.61	
42485.4895833333	78.08	66.33	
42489.2083333333	78.08	70.14	
42489.21875	78.08	70.17	
42489.2291666667	78.08	70.19	
42489.2395833333	78.08	70.21	
42489.875	78.08	69.94	
42489.8854166667	78.08	70.02	
42489.8958333333	78.08	70.08	
42489.90625	78.08	70.14	
42489.9166666667	78.08	70.19	
42489.9270833333	78.08	70.25	
42489.9375	78.08	70.27	
42489.9479166667	78.08	70.3	
42500.4166666667	78.08	68.96	
42500.9166666667	78.08	70.37	
42500.9270833333	78.08	70.4	
42500.9375	78.08	70.46	
42500.9479166667	78.08	70.5	
42504.4166666667	78.08	71.28	
42504.4270833333	78.08	71.28	
42490.46875	78.122	70.68	
42494.5520833333	78.122	68.87	
42495.46875	78.122	67.64	
42497.8125	78.173	78.33	
42476.625	78.185	69.71	
42482.5416666667	78.185	69.18	
42483.5416666667	78.185	70.05	
42497.4583333333	78.185	70.76	
42476.6979166667	78.2	69.79	
42479.8229166667	78.2	68.17	
42482.78125	78.2	74.49	
42488.90625	78.2	67.66	
42489.8645833333	78.2	69.85	
42491.7395833333	78.2	71.29	
42489.3958333333	78.221	68.88	
42485.8854166667	78.254	67.64	
42486.84375	78.254	66.66	
42499.84375	78.254	69.51	
42501.8854166667	78.254	69.26	
42476.5	78.311	69.63	
42487.5416666667	78.311	59.92	
42503.4166666667	78.311	67.6	
42500.90625	78.344	70.29	
42502.40625	78.3981395348837	69.44	
42500.40625	78.4089655172414	64.94	
42476.6354166667	78.41	69.72	
42482.5520833333	78.41	69.06	
42483.5520833333	78.41	70.05	
42497.46875	78.41	70.77	
42496.4583333333	78.416	68.53	
42476.6875	78.425	69.77	
42479.8125	78.425	68.12	
42482.7708333333	78.425	74.08	
42488.8958333333	78.425	67.49	
42489.8541666667	78.425	69.74	
42491.7291666667	78.425	71.28	
42476.6145833333	78.464	69.68	
42496.8229166667	78.464	75.46	
42503.90625	78.464	70.11	
42491.5208333333	78.473	71.02	
42486.5	78.4832	64.37	
42504.6354166667	78.504	71.46	
42483.7916666667	78.518	77.23	
42490.8541666667	78.518	76.15	
42494.8125	78.518	66.39	
42502.8541666667	78.518	67.54	
42479.5625	78.53	67.88	
42488.4583333333	78.542	69.29	
42501.4583333333	78.542	68.96	
42485.5	78.56	66.41	
42499.4479166667	78.572	70.04	
42487.8229166667	78.608	73.58	
42476.6458333333	78.635	69.72	
42482.5625	78.635	68.75	
42483.5625	78.635	70.06	
42497.4791666667	78.635	70.77	
42476.6770833333	78.65	69.75	
42479.8020833333	78.65	68.05	
42482.7604166667	78.65	73.15	
42488.8854166667	78.65	67.31	
42489.84375	78.65	69.63	
42491.71875	78.65	71.27	
42489.40625	78.716	67.71	
42485.875	78.749	67.42	
42486.8333333333	78.749	66.43	
42499.8333333333	78.749	69.37	
42501.875	78.749	69.14	
42500.4270833333	78.7686956521739	70.53	
42476.5104166667	78.806	69.62	
42487.5520833333	78.806	60.85	
42503.4270833333	78.806	68.63	
42502.4895833333	78.8128571428571	69.34	
42489.8229166667	78.8284210526316	69.35	
42504.4375	78.8291891891892	71.28	
42500.8958333333	78.839	70.21	
42502.5520833333	78.848	69.56	
42476.65625	78.86	69.73	
42482.5729166667	78.86	68.59	
42483.5729166667	78.86	70.07	
42497.4895833333	78.86	70.8	
42502.4791666667	78.8610714285714	69.15	
42476.6666666667	78.875	69.74	
42479.7916666667	78.875	67.98	
42482.75	78.875	66.04	
42488.875	78.875	67.11	
42489.8333333333	78.875	69.49	
42491.7083333333	78.875	71.23	
42490.4791666667	78.887	70.67	
42494.5625	78.887	68.81	
42495.4791666667	78.887	66.3	
42489.8125	78.8994736842105	69.17	
42502.46875	78.9092857142857	67.91	
42497.8020833333	78.938	78.31	
42502.4583333333	78.9575	68.92	
42489.8020833333	78.9705263157895	68.98	
42489.4166666667	78.98	65.81	
42491.6666666667	78.98	71.19	
42491.6770833333	78.98	71.21	
42491.6875	78.98	71.22	
42491.6979166667	78.98	71.23	
42502.4166666667	78.98	69.46	
42502.4270833333	78.98	69.55	
42502.4375	78.98	69.49	
42502.4479166667	78.98	69.68	
42489.7708333333	79.0781818181818	68.05	
42482.5833333333	79.106	68.96	
42483.5833333333	79.106	70.07	
42479.6979166667	79.124	68.57	
42482.7395833333	79.124	65.99	
42483.78125	79.124	77.09	
42485.8645833333	79.124	67.17	
42491.5729166667	79.124	71.07	
42496.46875	79.136	68.42	
42476.6041666667	79.184	69.68	
42496.8125	79.184	75.02	
42503.8958333333	79.184	70.01	
42479.7083333333	79.211	69.56	
42497.5	79.211	70.8	
42499.4583333333	79.211	67.11	
42499.5416666667	79.211	64.31	
42495.7916666667	79.241	65.29	
42479.78125	79.244	67.88	
42486.8229166667	79.244	66.24	
42488.8645833333	79.244	66.92	
42499.53125	79.244	65.11	
42501.8645833333	79.244	69.02	
42476.5208333333	79.301	69.62	
42487.5625	79.301	66.74	
42503.4375	79.301	69.82	
42500.8854166667	79.334	70.14	
42491.5833333333	79.337	71.1	
42486.5104166667	79.3472	63.84	
42482.59375	79.376	69.01	
42483.59375	79.376	70.08	
42491.65625	79.388	71.19	
42479.6875	79.394	63.08	
42482.7291666667	79.394	65.92	
42483.7708333333	79.394	76.92	
42485.8541666667	79.394	66.96	
42491.5625	79.394	71.06	
42490.84375	79.508	76.15	
42491.53125	79.508	71.04	
42494.8020833333	79.508	66.26	
42502.84375	79.508	67.37	
42499.8229166667	79.508	69.24	
42479.5729166667	79.5278260869565	66.37	
42488.46875	79.532	69.38	
42501.46875	79.532	69.46	
42504.625	79.556	71.43	
42485.5104166667	79.5885714285714	66.31	
42487.8125	79.598	73.09	
42504.4479166667	79.6318918918919	71.29	
42482.6041666667	79.646	69.11	
42483.6041666667	79.646	70.11	
42489.78125	79.6485714285714	68.44	
42490.4895833333	79.652	70.66	
42494.5729166667	79.652	68.87	
42495.4895833333	79.652	62.67	
42479.6770833333	79.664	61.53	
42482.71875	79.664	65.66	
42483.7604166667	79.664	76.78	
42485.84375	79.664	66.72	
42491.5520833333	79.664	71.06	
42489.7916666667	79.682	68.74	
42497.7916666667	79.703	78.24	
42479.71875	79.706	69.97	
42497.5104166667	79.706	70.81	
42499.46875	79.706	65.39	
42499.5520833333	79.706	69.04	
42479.7708333333	79.739	67.73	
42486.8125	79.739	66.04	
42488.8541666667	79.739	66.71	
42499.5208333333	79.739	66.34	
42501.8541666667	79.739	68.91	
42476.53125	79.796	69.63	
42487.5729166667	79.796	68.14	
42503.4479166667	79.796	69.66	
42489.7604166667	79.8145454545455	67.47	
42500.875	79.829	70.07	
42496.4791666667	79.856	68.79	
42476.59375	79.904	69.67	
42496.8020833333	79.904	73.52	
42503.8854166667	79.904	69.92	
42482.6145833333	79.916	66.94	
42483.6145833333	79.916	70.12	
42479.6666666667	79.934	63.64	
42482.7083333333	79.934	65.64	
42483.75	79.934	76.62	
42485.8333333333	79.934	66.49	
42491.5416666667	79.934	71.05	
42482.625	80.06	66.3	
42482.6354166667	80.06	65.68	
42482.6458333333	80.06	66.16	
42482.65625	80.06	66.3	
42482.6666666667	80.06	65.76	
42482.6770833333	80.06	65.64	
42482.6875	80.06	65.64	
42482.6979166667	80.06	65.69	
42483.625	80.06	70.13	
42483.6354166667	80.06	70.14	
42483.6458333333	80.06	70.16	
42483.65625	80.06	70.17	
42489.4270833333	80.06	65.26	
42489.75	80.06	66.24	
42500.4375	80.06	68.07	
42504.6041666667	80.06	71.42	
42504.6145833333	80.06	71.42	
42491.59375	80.102	71.11	
42502.5625	80.108	69.41	
42491.6458333333	80.153	71.17	
42476.5416666667	80.165	69.63	
42479.5833333333	80.165	63.81	
42483.6666666667	80.165	70.18	
42490.5	80.165	70.66	
42494.5833333333	80.165	69.21	
42495.5	80.165	61.67	
42479.65625	80.18	63.82	
42483.7395833333	80.18	76.42	
42495.78125	80.18	65.11	
42496.53125	80.18	69.76	
42479.7291666667	80.201	69.61	
42497.5208333333	80.201	70.81	
42499.4791666667	80.201	64.6	
42499.5625	80.201	69.98	
42486.5208333333	80.2112	64.17	
42479.7604166667	80.234	67.43	
42486.8020833333	80.234	65.87	
42488.84375	80.234	66.51	
42499.5104166667	80.234	68.27	
42501.84375	80.234	68.77	
42487.5833333333	80.291	66.79	
42496.5416666667	80.291	68.65	
42503.4583333333	80.291	67.7	
42504.4583333333	80.291	71.29	
42500.8645833333	80.324	69.99	
42489.4375	80.3511764705882	64.61	
42476.5520833333	80.39	69.63	
42479.59375	80.39	62.55	
42483.6770833333	80.39	70.19	
42490.5104166667	80.39	70.66	
42494.59375	80.39	69.41	
42495.5104166667	80.39	68.54	
42479.6458333333	80.405	64.69	
42483.7291666667	80.405	76.11	
42495.7708333333	80.405	64.94	
42496.5208333333	80.405	69.29	
42485.8229166667	80.444	66.27	
42497.78125	80.444	78.12	
42490.8333333333	80.498	76.15	
42494.7916666667	80.498	66.11	
42502.8333333333	80.498	67.2	
42499.8125	80.498	69.1	
42488.4791666667	80.522	69.85	
42501.4791666667	80.522	69.36	
42496.4895833333	80.576	69.09	
42487.8020833333	80.588	70.44	
42476.5625	80.615	69.64	
42479.6041666667	80.615	61.4	
42483.6875	80.615	70.22	
42490.5208333333	80.615	70.65	
42494.6041666667	80.615	69.19	
42495.5208333333	80.615	69.34	
42485.5208333333	80.6171428571429	66.26	
42476.5833333333	80.624	69.67	
42496.7916666667	80.624	66	
42503.875	80.624	69.82	
42479.6354166667	80.63	67.19	
42483.71875	80.63	75.34	
42495.7604166667	80.63	64.72	
42496.5104166667	80.63	69.13	
42479.7395833333	80.696	66.27	
42497.53125	80.696	70.81	
42499.4895833333	80.696	64.62	
42499.5729166667	80.696	67.12	
42504.59375	80.72	71.39	
42479.75	80.729	66.58	
42486.7916666667	80.729	65.71	
42488.8333333333	80.729	66.33	
42499.5	80.729	69.6	
42501.8333333333	80.729	68.64	
42489.4479166667	80.7482352941176	69.32	
42489.7395833333	80.78	65.81	
42487.59375	80.786	65.56	
42496.5520833333	80.786	63.14	
42503.46875	80.786	66.57	
42504.46875	80.786	71.29	
42500.8541666667	80.819	69.89	
42476.5729166667	80.84	69.66	
42479.6145833333	80.84	59.54	
42483.6979166667	80.84	70.24	
42490.53125	80.84	70.65	
42494.6145833333	80.84	68.92	
42495.53125	80.84	69.41	
42479.625	80.855	66.46	
42483.7083333333	80.855	70.25	
42495.75	80.855	64.32	
42496.5	80.855	69.28	
42491.6041666667	80.867	71.12	
42491.6354166667	80.918	71.16	
42485.53125	80.96	66.47	
42489.7291666667	80.9884210526316	65.62	
42494.625	81.086	69.19	
42495.5416666667	81.086	69.04	
42497.5416666667	81.086	70.82	
42485.8125	81.164	66.07	
42497.7708333333	81.164	77.97	
42485.5416666667	81.191	66.75	
42490.5416666667	81.191	70.64	
42494.78125	81.224	65.99	
42495.7395833333	81.224	65.49	
42496.78125	81.224	65.94	
42502.8229166667	81.224	67.04	
42503.8645833333	81.224	69.68	
42486.5520833333	81.268	70.54	
42487.6041666667	81.281	66.37	
42496.5625	81.281	61.13	
42503.4791666667	81.281	69.43	
42504.4791666667	81.281	71.29	
42500.84375	81.314	69.81	
42500.4479166667	81.3513043478261	66.85	
42494.6354166667	81.356	69.39	
42495.5520833333	81.356	69.12	
42497.5520833333	81.356	70.82	
42488.8229166667	81.368	66.16	
42490.8229166667	81.368	76.15	
42501.8229166667	81.368	68.48	
42502.5729166667	81.368	68.95	
42486.53125	81.3714285714286	65.81	
42489.71875	81.4147368421053	65.56	
42499.5833333333	81.422	65.34	
42486.78125	81.488	65.57	
42499.8020833333	81.488	68.92	
42488.4895833333	81.512	69.1	
42501.4895833333	81.512	69.17	
42487.7916666667	81.578	66.46	
42504.5833333333	81.62	71.38	
42494.6458333333	81.626	69.79	
42495.5625	81.626	69.47	
42497.5625	81.626	70.83	
42491.6145833333	81.632	71.13	
42489.4583333333	81.6472727272727	70.14	
42491.625	81.683	71.14	
42485.5520833333	81.686	65.73	
42490.5520833333	81.686	70.62	
42494.7708333333	81.719	65.81	
42495.7291666667	81.719	64.58	
42496.7708333333	81.719	65.88	
42502.8125	81.719	66.89	
42503.8541666667	81.719	69.56	
42487.6145833333	81.776	69.76	
42496.5729166667	81.776	60.76	
42503.4895833333	81.776	69.68	
42504.4895833333	81.776	71.31	
42500.8333333333	81.809	69.71	
42489.7083333333	81.8410526315789	66.01	
42485.8020833333	81.884	65.91	
42497.7604166667	81.884	77.77	
42494.65625	81.896	69.64	
42495.5729166667	81.896	69.74	
42497.5729166667	81.896	70.86	
42486.5625	81.928	68.04	
42486.5416666667	82.04	68.97	
42504.5	82.04	71.31	
42504.5104166667	82.04	71.31	
42504.5208333333	82.04	71.33	
42504.53125	82.04	71.34	
42488.8125	82.133	65.97	
42490.8125	82.133	76.17	
42501.8125	82.133	68.32	
42487.625	82.145	70.19	
42494.6666666667	82.145	69.25	
42495.5833333333	82.145	69.54	
42496.5833333333	82.145	60.56	
42497.5833333333	82.145	70.86	
42499.75	82.145	66.45	
42487.78125	82.16	66.34	
42485.5625	82.181	66.58	
42490.5625	82.181	70.62	
42504.5416666667	82.186511627907	71.34	
42494.7604166667	82.214	65.49	
42495.71875	82.214	66.54	
42496.7604166667	82.214	65.73	
42502.8020833333	82.214	66.76	
42503.84375	82.214	69.41	
42500.4583333333	82.236875	65.64	
42488.5	82.271	64.59	
42501.5	82.271	69.41	
42502.5833333333	82.271	67.62	
42487.6354166667	82.37	68.26	
42494.6770833333	82.37	69.57	
42495.59375	82.37	69.33	
42496.59375	82.37	60.46	
42497.59375	82.37	70.86	
42499.7604166667	82.37	67.61	
42503.5	82.376	67.9	
42487.7708333333	82.385	66.23	
42499.59375	82.412	64.69	
42499.7395833333	82.424	66.64	
42500.8229166667	82.424	69.59	
42486.7708333333	82.478	65.41	
42499.7916666667	82.478	68.72	
42489.4895833333	82.4875675675676	64.62	
42504.5520833333	82.5004651162791	71.36	
42486.5729166667	82.588	65.97	
42487.6458333333	82.595	66.02	
42494.6875	82.595	69.85	
42495.6041666667	82.595	69.51	
42496.6041666667	82.595	60.5	
42497.6041666667	82.595	70.86	
42499.7708333333	82.595	68.14	
42485.7916666667	82.604	65.74	
42497.75	82.604	77.49	
42487.7604166667	82.61	66.06	
42504.5729166667	82.616	71.37	
42489.6979166667	82.64	66.4	
42500.46875	82.65875	66.7	
42485.5729166667	82.676	66.4	
42490.5729166667	82.676	70.61	
42489.4791666667	82.7064864864865	65.96	
42494.75	82.709	64.67	
42495.7083333333	82.709	69.32	
42496.75	82.709	65.49	
42502.7916666667	82.709	66.66	
42503.8333333333	82.709	69.26	
42488.5104166667	82.766	63.51	
42501.5104166667	82.766	69.49	
42502.59375	82.766	66.94	
42504.5625	82.8144186046512	71.36	
42487.65625	82.82	65.19	
42494.6979166667	82.82	70.11	
42495.6145833333	82.82	69.33	
42496.6145833333	82.82	63.49	
42497.6145833333	82.82	70.87	
42499.78125	82.82	68.47	
42487.75	82.835	65.74	
42488.8020833333	82.898	65.81	
42490.8020833333	82.898	76.16	
42501.8020833333	82.898	68.16	
42489.46875	82.9254054054054	68.48	
42487.6666666667	82.94	64.75	
42487.6770833333	82.94	69.29	
42487.6875	82.94	68.99	
42487.6979166667	82.94	66.09	
42487.7083333333	82.94	65.15	
42487.71875	82.94	66.06	
42487.7291666667	82.94	67.54	
42487.7395833333	82.94	65.49	
42489.5	82.94	68.92	
42489.5104166667	82.94	70.17	
42489.5208333333	82.94	68.62	
42489.53125	82.94	66.53	
42494.7083333333	82.94	68.84	
42494.71875	82.94	65.69	
42494.7291666667	82.94	65.49	
42494.7395833333	82.94	66.57	
42495.625	82.94	68.92	
42495.6354166667	82.94	67.78	
42495.6458333333	82.94	68.36	
42495.65625	82.94	69.64	
42495.6666666667	82.94	68.98	
42495.6770833333	82.94	67.06	
42495.6875	82.94	67.58	
42495.6979166667	82.94	69.9	
42497.625	82.94	70.88	
42497.6354166667	82.94	70.87	
42497.6458333333	82.94	70.9	
42497.65625	82.94	70.9	
42497.6666666667	82.94	70.91	
42497.6770833333	82.94	70.9	
42497.6875	82.94	70.92	
42497.6979166667	82.94	70.93	
42497.7083333333	82.94	70.94	
42497.71875	82.94	75.81	
42497.7291666667	82.94	72.39	
42497.7395833333	82.94	76.95	
42490.5833333333	83.066	70.61	
42496.625	83.066	63.32	
42496.7395833333	83.084	64.16	
42503.5104166667	83.096	65.94	
42500.4791666667	83.1328571428571	69.83	
42499.7291666667	83.144	69.33	
42500.8125	83.144	69.46	
42486.5833333333	83.171	65.69	
42489.6875	83.1875	66.17	
42503.8229166667	83.204	69.09	
42488.5208333333	83.261	62.75	
42501.5208333333	83.261	69.51	
42502.6041666667	83.261	68.84	
42489.5416666667	83.2686956521739	65.49	
42485.5833333333	83.297	66.22	
42490.59375	83.336	70.61	
42496.6354166667	83.336	65.22	
42485.78125	83.348	65.6	
42502.78125	83.348	66.55	
42496.7291666667	83.354	65.57	
42499.6041666667	83.402	68.81	
42486.7604166667	83.468	65.24	
42489.6770833333	83.525	66.22	
42490.6041666667	83.606	70.61	
42496.6458333333	83.606	64.76	
42496.71875	83.624	65.61	
42488.7916666667	83.663	65.66	
42490.7916666667	83.663	76.14	
42501.7916666667	83.663	67.96	
42486.59375	83.666	65.27	
42503.8125	83.699	68.88	
42500.4895833333	83.7114285714286	69.42	
42488.53125	83.756	62.04	
42501.53125	83.756	69.54	
42502.6145833333	83.756	69.56	
42503.5208333333	83.816	66.61	
42489.6666666667	83.8625	65.88	
42499.71875	83.864	65.76	
42500.8020833333	83.864	69.32	
42490.6145833333	83.876	70.61	
42496.65625	83.876	64.8	
42496.7083333333	83.894	65.36	
42489.5520833333	83.9730434782609	69.06	
42489.5625	84.02	70.09	
42489.5729166667	84.02	68.67	
42490.625	84.02	70.61	
42490.6354166667	84.02	70.59	
42490.6458333333	84.02	70.59	
42490.65625	84.02	70.59	
42496.6666666667	84.02	64.82	
42496.6770833333	84.02	65.01	
42496.6875	84.02	65.27	
42496.6979166667	84.02	65.37	
42502.625	84.02	68.33	
42502.6354166667	84.02	67.02	
42502.6458333333	84.02	66	
42502.65625	84.02	66.31	
42485.59375	84.062	66.79	
42485.7708333333	84.113	65.46	
42502.7708333333	84.113	66.42	
42501.5416666667	84.125	69.82	
42502.6666666667	84.125	69.71	
42490.78125	84.14	76.09	
42501.78125	84.14	67.72	
42486.6041666667	84.161	64.63	
42503.8020833333	84.194	68.67	
42488.5416666667	84.251	60.8	
42489.5833333333	84.251	67.1	
42490.6666666667	84.251	70.59	
42488.78125	84.284	65.52	
42489.65625	84.284	65.73	
42501.5520833333	84.35	70.27	
42502.6770833333	84.35	69.07	
42490.7708333333	84.365	76.08	
42501.7708333333	84.365	67.42	
42500.5	84.377	67.27	
42499.6145833333	84.392	70.17	
42486.75	84.458	65.52	
42503.53125	84.536	69.71	
42501.5625	84.575	68.19	
42502.6875	84.575	66.97	
42499.7083333333	84.584	65.76	
42500.7916666667	84.584	69.15	
42490.7604166667	84.59	76.03	
42501.7604166667	84.59	66.98	
42486.6145833333	84.656	65	
42503.7916666667	84.689	68.41	
42488.5520833333	84.746	63.41	
42489.59375	84.746	66.51	
42490.6770833333	84.746	70.61	
42488.7708333333	84.779	65.34	
42489.6458333333	84.779	65.96	
42501.5729166667	84.8	67.04	
42502.6979166667	84.8	65.87	
42490.75	84.815	76.01	
42501.75	84.815	66.14	
42485.6041666667	84.827	70.46	
42485.7604166667	84.878	65.33	
42502.7604166667	84.878	66.36	
42486.625	84.92	65.56	
42486.6354166667	84.92	67.27	
42486.6458333333	84.92	66.34	
42486.65625	84.92	66.32	
42486.6666666667	84.92	65.6	
42486.6770833333	84.92	65.66	
42486.6875	84.92	66.42	
42486.6979166667	84.92	67.47	
42486.7083333333	84.92	70.23	
42486.71875	84.92	68.56	
42486.7291666667	84.92	67.24	
42486.7395833333	84.92	62.52	
42499.625	84.92	67.31	
42499.6354166667	84.92	65.77	
42499.6458333333	84.92	65	
42499.65625	84.92	68.51	
42499.6666666667	84.92	70.86	
42499.6770833333	84.92	67.62	
42499.6875	84.92	66.24	
42499.6979166667	84.92	66.19	
42503.5416666667	84.92	69.51	
42503.5520833333	84.92	67.34	
42503.5625	84.92	65.49	
42503.5729166667	84.92	64.71	
42503.5833333333	84.92	69.49	
42503.59375	84.92	69.59	
42503.6041666667	84.92	67.37	
42503.6145833333	84.92	65.17	
42502.7083333333	85.046	65.67	
42503.625	85.046	65.99	
42490.7395833333	85.064	75.89	
42500.78125	85.064	68.92	
42501.7395833333	85.064	66.32	
42500.5104166667	85.142	66.12	
42501.5833333333	85.172	66.31	
42488.5625	85.241	67.83	
42489.6041666667	85.241	69.52	
42490.6875	85.241	70.59	
42488.7604166667	85.274	65.11	
42489.6354166667	85.274	66.42	
42502.71875	85.316	66.46	
42503.6354166667	85.316	65.73	
42503.78125	85.328	68.11	
42490.7291666667	85.334	75.74	
42500.7708333333	85.334	68.63	
42501.7291666667	85.334	67.21	
42502.7291666667	85.586	68.21	
42503.6458333333	85.586	65.47	
42485.6145833333	85.592	68.59	
42490.71875	85.604	75.35	
42500.7604166667	85.604	68.13	
42501.71875	85.604	65.88	
42485.75	85.643	65.78	
42502.75	85.643	66.57	
42501.59375	85.712	65.66	
42488.5729166667	85.736	65.68	
42489.6145833333	85.736	66.81	
42490.6979166667	85.736	70.61	
42488.75	85.769	65.39	
42489.625	85.769	66.79	
42502.7395833333	85.856	65.51	
42503.65625	85.856	65.03	
42490.7083333333	85.874	70.64	
42500.75	85.874	66.99	
42501.7083333333	85.874	67.37	
42500.5208333333	85.907	65.44	
42503.6666666667	86	65.54	
42503.6770833333	86	65.83	
42503.6875	86	65.99	
42503.6979166667	86	65.51	
42503.7708333333	86.093	67.73	
42485.625	86.126	67.46	
42488.5833333333	86.126	63.47	
42485.7395833333	86.144	62.67	
42488.7395833333	86.144	63.75	
42501.6979166667	86.144	70.24	
42503.7083333333	86.231	65.67	
42501.6041666667	86.252	66.84	
42500.7395833333	86.264	66.79	
42485.6354166667	86.396	67.07	
42488.59375	86.396	62.39	
42485.7291666667	86.414	67.76	
42488.7291666667	86.414	65.8	
42501.6875	86.414	69.33	
42485.6458333333	86.666	67.08	
42488.6041666667	86.666	60.95	
42500.53125	86.672	69.06	
42485.71875	86.684	68.04	
42488.71875	86.684	66.32	
42501.6770833333	86.684	66.31	
42503.71875	86.726	65.54	
42500.7291666667	86.759	70.03	
42501.6145833333	86.792	69.27	
42503.7604166667	86.858	67.15	
42485.65625	86.936	66.93	
42488.6145833333	86.936	63.52	
42485.7083333333	86.954	69.01	
42488.7083333333	86.954	67.54	
42501.6666666667	86.954	66.81	
42485.6666666667	87.08	66.56	
42485.6770833333	87.08	66.49	
42485.6875	87.08	66.44	
42485.6979166667	87.08	69.69	
42488.625	87.08	69.32	
42488.6354166667	87.08	67.89	
42488.6458333333	87.08	65.14	
42488.65625	87.08	63.99	
42488.6666666667	87.08	63.55	
42488.6770833333	87.08	65.34	
42488.6875	87.08	70.17	
42488.6979166667	87.08	70.03	
42501.625	87.08	70.07	
42501.6354166667	87.08	69.81	
42501.6458333333	87.08	69.92	
42501.65625	87.08	68.47	
42500.5416666667	87.185	70.58	
42503.7291666667	87.221	65.56	
42500.71875	87.254	66.28	
42500.5520833333	87.41	69.31	
42503.75	87.623	66.04	
42500.5625	87.635	67.51	
42503.7395833333	87.716	65.91	
42500.7083333333	87.749	67.28	
42500.5729166667	87.86	66.56	
42500.5833333333	87.98	67.02	
42500.59375	87.98	70.03	
42500.6041666667	87.98	70.13	
42500.6145833333	87.98	67.79	
42500.625	87.98	66.39	
42500.6354166667	87.98	66.33	
42500.6458333333	87.98	69.76	
42500.65625	87.98	69.65	
42500.6666666667	87.98	67.32	
42500.6770833333	87.98	66.23	
42500.6875	87.98	69.34	
42500.6979166667	87.98	69.62	
