Date	OADryBulbTemperatureNOAA	ZoneReheatEnergyforContainerFPVAV213	
42402.375	57.251	-1593.82079999999	
42402.3854166667	57.746	-1721.6928	
42402.3958333333	58.241	-1580.03999999999	
42402.40625	58.736	-1415.75040000001	
42402.4166666667	59.819	-1620.0864	
42402.4270833333	61.574	-1693.44	
42402.4375	63.329	-1472.04	
42402.4479166667	65.084	-1670.76	
42402.4583333333	66.377	-1894.1472	
42402.46875	67.142	-1388.88	
42402.4791666667	67.907	-1533.08160000001	
42402.4895833333	68.672	-832.680000000001	
42402.5	69.185	-786.844800000002	
42402.5104166667	69.41	-473.601600000012	
42402.5208333333	69.635	-958.52160000001	
42402.53125	69.86	-653.788800000005	
42402.5416666667	69.98	-738.633600000001	
42402.5520833333	69.98	-1027.90080000001	
42402.5625	69.98	-961.675199999998	
42402.5729166667	69.98	-1017.35999999999	
42402.5833333333	69.98	-1131.84	
42402.59375	69.98	-813.24	
42402.6041666667	69.98	-1239.84	
42402.6145833333	69.98	-903.960000000004	
42402.625	69.98	-1362.96	
42402.6354166667	69.98	-868.320000000002	
42402.6458333333	69.98	-813.455999999992	
42402.65625	69.98	-912.643200000012	
42402.6666666667	69.875	-1199.88	
42402.6770833333	69.65	-1115.64	
42402.6875	69.425	-1263.2112	
42402.6979166667	69.2	-1103.9328	
42403.375	44.396	-1104.84	
42403.3854166667	45.116	-979.559999999996	
42403.3958333333	45.836	-1089.72	
42403.40625	46.556	-915.839999999999	
42403.4166666667	47.297	-724.291200000006	
42403.4270833333	48.062	-741.052800000001	
42403.4375	48.827	-1281.22560000001	
42403.4479166667	49.592	-1072.43999999999	
42403.4583333333	50.231	-1244.16	
42403.46875	50.726	-1188.08640000001	
42403.4791666667	51.221	-1051.92	
42403.4895833333	51.716	-794.880000000005	
42403.5	52.337	-309.960000000007	
42403.5104166667	53.102	-896.399999999998	
42403.5208333333	53.867	-988.156799999993	
42403.53125	54.632	-758.980799999998	
42403.5416666667	55.04	-998.481600000001	
42403.5520833333	55.04	-1193.616	
42403.5625	55.04	-1368.36	
42403.5729166667	55.04	-1088.64	
42403.5833333333	55.145	-1507.68	
42403.59375	55.37	-899.639999999998	
42403.6041666667	55.595	-1176.12	
42403.6145833333	55.82	-1216.85760000001	
42403.625	55.94	-1446.07679999998	
42403.6354166667	55.94	-1469.1456	
42403.6458333333	55.94	-1443.96	
42403.65625	55.94	-1648.08	
42403.6666666667	55.835	-1351.08000000001	
42403.6770833333	55.61	-1112.9184	
42403.6875	55.385	-1632.1824	
42403.6979166667	55.16	-1528.20000000001	
42404.375	40.739	-1181.6928	
42404.3958333333	44.249	-1238.4576	
42404.4166666667	47.297	-976.147200000003	
42404.4479166667	49.592	-1286.28	
42404.46875	50.726	-1129.33439999999	
42404.4791666667	51.221	-1634.1264	
42404.5104166667	53.102	-1107.5616	
42404.5208333333	53.867	-1212.624	
42404.53125	54.632	-749.520000000003	
42404.5416666667	55.145	-857.519999999997	
42404.5625	55.595	-1431.0432	
42404.59375	56.336	-975.240000000006	
42404.6041666667	56.606	-817.560000000005	
42404.6354166667	57.02	-1224.72	
42404.6458333333	57.02	-713.880000000001	
42404.65625	57.02	-1146.96	
42404.6666666667	56.894	-1605.95999999999	
42404.6770833333	56.624	-1329.47999999999	
42404.6979166667	56.084	-1297.07999999999	
42405.375	43.799	-1181.51999999999	
42405.3854166667	45.554	-1234.5696	
42405.3958333333	47.309	-881.452799999996	
42405.40625	49.064	-980.553600000005	
42405.4166666667	50.357	-1033.17119999999	
42405.4270833333	51.122	-1116.28800000001	
42405.4375	51.887	-1268.0064	
42405.4479166667	52.652	-1306.1088	
42405.4583333333	53.291	-1283.34239999999	
42405.46875	53.786	-512.956799999996	
42405.4791666667	54.281	-1189.08	
42405.4895833333	54.776	-1124.28	
42405.5	55.145	-664.070399999999	
42405.5104166667	55.37	-531.360000000005	
42405.5208333333	55.595	-636.076799999985	
42405.53125	55.82	-1186.92	
42405.5416666667	56.066	-781.920000000004	
42405.5520833333	56.336	-99.3599999999986	
42405.5625	56.606	-351.561599999997	
42405.5729166667	56.876	-485.956799999989	
42405.5833333333	57.125	-1365.37919999999	
42405.59375	57.35	-1179.36	
42405.6041666667	57.575	-1417.7376	
42405.6145833333	57.8	-881.193599999991	
42405.625	58.046	-618.408000000009	
42405.6354166667	58.316	-379.295999999991	
42405.6458333333	58.586	-1083.97439999999	
42405.65625	58.856	-930.873599999998	
42405.6666666667	58.769	-932.601600000009	
42405.6770833333	58.274	-1046.8224	
42405.6875	57.779	-1494.72	
42405.6979166667	57.284	-1263.08160000001	
42408.375	49.277	5840.64	
42408.3854166667	50.042	5746.9392	
42408.3958333333	50.807	-1029.11040000001	
42408.40625	51.572	-1151.53920000001	
42408.4166666667	52.337	-90.7200000000034	
42408.4270833333	53.102	-828.359999999996	
42408.4375	53.867	-1140.13439999999	
42408.4479166667	54.632	-1250.81280000001	
42408.4583333333	55.145	-627.955200000001	
42408.46875	55.37	-616.075200000005	
42408.4791666667	55.595	-956.491199999995	
42408.4895833333	55.82	-999.47520000001	
42408.5	56.171	-1283.6448	
42408.5104166667	56.666	-888.839999999993	
42408.5208333333	57.161	-1271.20320000001	
42408.53125	57.656	-1134	
42408.5416666667	58.172	-984.960000000007	
42408.5520833333	58.712	-1277.0784	
42408.5625	59.252	-1419.11999999999	
42408.5729166667	59.792	-1302.48	
42408.5833333333	60.08	-923.400000000004	
42408.59375	60.08	-1162.16640000001	
42408.6041666667	60.08	-1205.28	
42408.6145833333	60.08	-1218.24	
42408.625	60.08	-1441.79999999999	
42408.6354166667	60.08	-738.2448	
42408.6458333333	60.08	-1043.27999999999	
42408.65625	60.08	-1046.86560000001	
42408.6666666667	60.08	-1152.31679999999	
42408.6770833333	60.08	-1514.16	
42408.6875	60.08	-1412.4672	
42408.6979166667	60.08	-1379.6352	
42409.375	44.753	-795.3984	
42409.3854166667	46.238	-1264.8096	
42409.3958333333	47.723	-1156.68	
42409.40625	49.208	-1162.7712	
42409.4166666667	50.588	-78.8399999999928	
42409.4270833333	51.848	-792.719999999994	
42409.4375	53.108	-834.19199999999	
42409.4479166667	54.368	-961.372800000009	
42409.4583333333	55.376	-856.871999999991	
42409.46875	56.096	-1255.2192	
42409.4791666667	56.816	-1280.7936	
42409.4895833333	57.536	-1102.85280000001	
42409.5	58.277	-1204.0704	
42409.5104166667	59.042	-1086.65280000001	
42409.5208333333	59.807	-1153.3104	
42409.53125	60.572	-1181.6928	
42409.5416666667	61.211	-970.920000000001	
42409.5520833333	61.706	-424.440000000001	
42409.5625	62.201	-786.239999999994	
42409.5729166667	62.696	-1248.48000000001	
42409.5833333333	63.317	-1208.73599999999	
42409.59375	64.082	-737.078399999998	
42409.6041666667	64.847	-671.76	
42409.6145833333	65.612	-460.080000000002	
42409.625	66.125	-534.85920000001	
42409.6354166667	66.35	-760.233599999996	
42409.6458333333	66.575	-1056.23999999999	
42409.65625	66.8	-757.079999999993	
42409.6666666667	66.92	-734.400000000007	
42409.6770833333	66.92	-809.395200000008	
42409.6875	66.92	-755.049599999993	
42409.6979166667	66.92	-487.079999999993	
42410.375	50.462	2451.25439999999	
42410.3854166667	51.452	2882.56320000001	
42410.3958333333	52.442	-811.080000000005	
42410.40625	53.432	-970.920000000001	
42410.4166666667	54.422	-1088.98560000001	
42410.4270833333	55.412	-604.800000000002	
42410.4375	56.402	-1046.51999999999	
42410.4479166667	57.392	-1371.7728	
42410.4583333333	58.277	-1086.65280000001	
42410.46875	59.042	-1547.59679999999	
42410.4791666667	59.807	-1023.5808	
42410.4895833333	60.572	-446.169599999992	
42410.5	61.337	-893.159999999998	
42410.5104166667	62.102	-1358.98560000001	
42410.5208333333	62.867	-1033.55999999999	
42410.53125	63.632	-1383.09120000001	
42410.5416666667	64.502	-1562.76	
42410.5520833333	65.492	-1045.44	
42410.5625	66.482	-876.959999999997	
42410.5729166667	67.472	-1378.08	
42410.5833333333	68.126	-1335.95999999999	
42410.59375	68.396	-1310.03999999999	
42410.6041666667	68.666	-1469.88	
42410.6145833333	68.936	-1670.76	
42410.625	69.185	-1153.44	
42410.6354166667	69.41	-699.235200000003	
42410.6458333333	69.635	-632.879999999998	
42410.65625	69.86	-1107.1296	
42410.6666666667	69.98	-1476.36	
42410.6770833333	69.98	-1499.04000000001	
42410.6875	69.98	-1169.64	
42410.6979166667	69.98	-668.52	
42411.375	58.634	-639.359999999999	
42411.3854166667	60.164	-1100.52000000001	
42411.3958333333	61.694	-1277.59679999999	
42411.40625	63.224	-1227.96	
42411.4166666667	64.628	-1124.28	
42411.4270833333	65.888	-1221.48	
42411.4375	67.148	-1179.36	
42411.4479166667	68.408	-1172.88	
42411.4583333333	69.542	-1407.24	
42411.46875	70.532	-1065.95999999999	
42411.4791666667	71.522	-1149.7248	
42411.4895833333	72.512	-1085.4	
42411.5	73.502	-1397.52	
42411.5104166667	74.492	-1145.75040000001	
42411.5208333333	75.482	-1461.28320000001	
42411.53125	76.472	-746.280000000003	
42411.5416666667	77.126	-1221.26400000001	
42411.5520833333	77.396	-704.160000000001	
42411.5625	77.666	-1499.6448	
42411.5729166667	77.936	-1329.47999999999	
42411.5833333333	78.185	-1237.68	
42411.59375	78.41	-652.319999999999	
42411.6041666667	78.635	-873.719999999997	
42411.6145833333	78.86	-662.04	
42411.625	78.98	-1165.70879999999	
42411.6354166667	78.98	-1046.51999999999	
42411.6458333333	78.98	-831.599999999996	
42411.65625	78.98	-307.799999999996	
42411.6666666667	78.875	-522.719999999994	
42411.6770833333	78.65	-516.239999999994	
42411.6875	78.425	-548.985600000013	
42411.6979166667	78.2	-425.174399999988	
42416.375	57.713	-1107.9504	
42416.3854166667	59.198	-1142.64000000001	
42416.3958333333	60.683	-1213.6608	
42416.40625	62.168	-1140.13439999999	
42416.4166666667	64.01	-1062.71999999999	
42416.4270833333	66.26	-832.680000000001	
42416.4375	68.51	-770.039999999993	
42416.4479166667	70.76	-1433.16	
42416.4583333333	72.317	-229.910399999998	
42416.46875	73.082	-635.385600000011	
42416.4791666667	73.847	-1025.04959999999	
42416.4895833333	74.612	-1310.03999999999	
42416.5	75.251	-1531.44000000001	
42416.5104166667	75.746	-704.160000000001	
42416.5208333333	76.241	-387.676799999996	
42416.53125	76.736	-1557.35999999999	
42416.5416666667	77.126	-343.439999999998	
42416.5520833333	77.396	-899.510400000003	
42416.5625	77.666	-775.440000000004	
42416.5729166667	77.936	-571.319999999996	
42416.5833333333	78.185	-1299.7152	
42416.59375	78.41	-772.761599999998	
42416.6041666667	78.635	-753.580800000003	
42416.6145833333	78.86	-739.065600000015	
42416.625	78.875	-739.065600000015	
42416.6354166667	78.65	-748.655999999989	
42416.6458333333	78.425	-584.279999999997	
42416.65625	78.2	-747.359999999993	
42416.6666666667	78.08	-473.601600000012	
42416.6770833333	78.08	-497.879999999998	
42416.6875	78.08	-747.359999999993	
42416.6979166667	78.08	-574.300799999991	
42417.375	55.376	-759.240000000003	
42417.3854166667	56.096	-1012.52160000001	
42417.3958333333	56.816	-1360.71359999999	
42417.40625	57.536	-813.585600000002	
42417.4166666667	58.403	-935.452800000008	
42417.4270833333	59.438	-666.921599999999	
42417.4375	60.473	-1301.44320000001	
42417.4479166667	61.508	-1008.97919999999	
42417.4583333333	62.522	-1285.71839999999	
42417.46875	63.512	-498.441600000008	
42417.4791666667	64.502	-1289.6928	
42417.4895833333	65.492	-1269.7344	
42417.5	66.251	-1415.05919999999	
42417.5104166667	66.746	-352.727999999999	
42417.5208333333	67.241	-871.689599999997	
42417.53125	67.736	-1233.70560000001	
42417.5416666667	68.357	-450.14400000001	
42417.5520833333	69.122	-827.107199999997	
42417.5625	69.887	-629.639999999998	
42417.5729166667	70.652	-557.280000000006	
42417.5833333333	71.165	-1598.74560000001	
42417.59375	71.39	-582.681600000011	
42417.6041666667	71.615	-187.920000000007	
42417.6145833333	71.84	-1242.00000000001	
42417.625	72.086	-1379.16	
42417.6354166667	72.356	-447.120000000002	
42417.6458333333	72.626	-635.299199999984	
42417.65625	72.896	-600.479999999997	
42417.6666666667	72.914	-759.671999999987	
42417.6770833333	72.644	-280.411200000005	
42417.6875	72.374	-561.599999999996	
42417.6979166667	72.104	-1020.25439999999	
42418.375	57.713	-1335.13919999999	
42418.3854166667	59.198	-1422.31679999999	
42418.3958333333	60.683	-1184.88959999999	
42418.40625	62.168	-1460.59199999999	
42418.4166666667	63.317	-1318.68	
42418.4270833333	64.082	-1406.16000000001	
42418.4375	64.847	-1489.32000000001	
42418.4479166667	65.612	-1510.70400000001	
42418.4583333333	66.8404651162791	-1665.36	
42418.46875	68.5986046511628	-1445.7312	
42418.4791666667	70.3567441860465	-925.559999999999	
42418.4895833333	70.4882352941176	-1704.24	
42418.5	70.442	-1941.84	
42418.5104166667	71.432	-1612.43999999999	
42418.5208333333	72.422	-1121.04	
42418.53125	73.412	-1222.56000000001	
42418.5416666667	74.171	-1323.82080000001	
42418.5520833333	74.666	-1131.84	
42418.5625	75.161	-923.400000000004	
42418.5729166667	75.656	-1864.08	
42418.5833333333	76.277	-525.959999999994	
42418.59375	77.042	-891.215999999995	
42418.6041666667	77.807	-831.599999999996	
42418.6145833333	78.572	-1162.51199999999	
42418.625	78.98	-919.555199999996	
42418.6354166667	78.98	-906.768000000005	
42418.6458333333	78.98	-583.934399999994	
42418.65625	78.98	-849.225600000004	
42418.6666666667	78.749	-1031.0544	
42418.6770833333	78.254	-936.360000000005	
42418.6875	77.759	-438.480000000006	
42418.6979166667	77.264	-524.448000000006	
42419.375	62.522	-1309.5648	
42419.3854166667	63.512	-1317.2544	
42419.3958333333	64.502	-1027.55520000001	
42419.40625	65.492	-1355.7888	
42419.4166666667	66.482	-1360.1088	
42419.4270833333	67.472	-1859.75999999999	
42419.4375	68.462	-831.599999999996	
42419.4479166667	69.452	-1088.64	
42419.4583333333	70.1755172413793	-861.840000000002	
42419.46875	70.5944827586207	-591.753600000005	
42419.4791666667	71.0134482758621	-978.480000000006	
42419.4895833333	71.4324137931035	-1076.76	
42419.5	72.422	-652.665600000001	
42419.5104166667	73.412	-1033.55999999999	
42419.5208333333	74.402	-1230.12	
42419.53125	75.392	-1226.88	
42419.5416666667	76.277	-962.280000000006	
42419.5520833333	77.042	-946.511999999989	
42419.5625	77.807	-852.508800000002	
42419.5729166667	78.572	-715.651199999996	
42419.5833333333	78.98	-946.080000000005	
42419.59375	78.98	-855.360000000002	
42419.6041666667	78.98	-1274.5728	
42419.6145833333	78.98	-1058.4864	
42419.625	79.106	-878.040000000003	
42419.6354166667	79.376	-709.559999999996	
42419.6458333333	79.646	-887.760000000003	
42419.65625	79.916	-913.680000000004	
42419.6666666667	79.829	-923.400000000004	
42419.6770833333	79.334	-858.600000000002	
42419.6875	78.839	-1078.3584	
42419.6979166667	78.344	-1065.95999999999	
42422.375	60.7947058823529	-1052.99999999999	
42422.3854166667	60.3976470588235	-1179.36	
42422.3958333333	59.81	-1279.71360000001	
42422.40625	59.4628571428571	-1493.25119999999	
42422.4166666667	59.9425454545455	-1442.016	
42422.4270833333	59.648	-1692.9216	
42422.4375	59.3534545454545	-1696.63679999998	
42422.4479166667	59.0589090909091	-1544.5728	
42422.4583333333	59.135	-1726.57439999999	
42422.46875	59.2907692307692	-1953.3312	
42422.4791666667	59.6023076923077	-1761.52320000001	
42422.4895833333	59.9138461538462	-1713.5712	
42422.5	60.6105263157895	-1733.4	
42422.5104166667	61.7473684210526	-1723.16160000001	
42422.5208333333	62.8842105263158	-857.347200000003	
42422.53125	63.6472727272727	-959.731199999995	
42422.5416666667	64.1975	-1082.59199999999	
42422.5520833333	64.535	-983.750400000006	
42422.5625	64.8725	-986.90400000001	
42422.5729166667	64.4	-999.518399999993	
42422.5833333333	64.145	-900.720000000003	
42422.59375	64.37	-1010.88000000001	
42422.6041666667	64.595	-617.198399999994	
42422.6145833333	64.82	-1226.10239999999	
42422.625	64.94	-1046.51999999999	
42422.6354166667	64.94	-910.440000000004	
42422.6458333333	64.94	-820.713599999993	
42422.65625	64.94	-1014.4224	
42422.6666666667	64.94	-1116.0288	
42422.6770833333	64.94	-999.47520000001	
42422.6875	64.94	-1246.32	
42422.6979166667	64.94	-1893.24	
42423.375	61.1755172413793	-1261.05120000001	
42423.3854166667	61.5944827586207	-1269.17280000001	
42423.3958333333	62.0134482758621	-1376.6976	
42423.40625	62.4324137931035	-1427.8464	
42423.4166666667	61.8309090909091	-1169.64	
42423.4270833333	61.34	-1352.59199999999	
42423.4375	60.98	-1235.17439999999	
42423.4479166667	60.32	-1400.11199999999	
42423.4583333333	59	-1892.59199999999	
42423.46875	59.36	-1066.2624	
42423.4791666667	60.71	-1223.25119999999	
42423.4895833333	62.06	-1179.92160000001	
42423.5	62.82875	-1601.6832	
42423.5104166667	62.5475	-1678.27679999999	
42423.5208333333	62.26625	-962.668800000006	
42423.53125	61.4	-974.160000000001	
42423.5416666667	59.7324137931034	-1080	
42423.5520833333	58.9875862068966	-1535.76	
42423.5625	58.2427586206897	-888.883200000006	
42423.5729166667	57.4979310344828	-818.639999999995	
42423.5833333333	57.3751351351351	-1069.19999999999	
42423.59375	56.2075675675676	-1346.02560000001	
42423.6041666667	55.04	-461.289600000002	
42423.6145833333	54.335652173913	-1482.84000000001	
42423.625	53.498	-1426.37759999999	
42423.6354166667	52.508	-1435.31999999999	
42423.6458333333	51.518	-1558.44	
42423.65625	50.528	-1656.0288	
42423.6666666667	50	-1621.08000000001	
42423.6770833333	50	-1049.75999999999	
42423.6875	50	-1379.16	
42423.6979166667	50	-1293.83999999999	
42424.375	47.297	-1038.5712	
42424.3854166667	48.062	-705.326400000003	
42424.3958333333	48.827	-1173.96	
42424.40625	49.592	-859.420800000017	
42424.4166666667	50.462	-845.769599999996	
42424.4270833333	51.452	-878.5152	
42424.4375	52.442	-743.990400000013	
42424.4479166667	53.432	-623.159999999998	
42424.4583333333	54.086	-1081.08000000001	
42424.46875	54.356	-1147.00320000001	
42424.4791666667	54.626	-1173.83040000001	
42424.4895833333	54.896	-586.137600000003	
42424.5	55.376	-691.113600000004	
42424.5104166667	56.096	-759.110400000008	
42424.5208333333	56.816	-1079.3088	
42424.53125	57.536	-882.187199999999	
42424.5416666667	58.046	-462.931200000002	
42424.5520833333	58.316	-836.697600000002	
42424.5625	58.586	-813.369599999995	
42424.5729166667	58.856	-769.564799999996	
42424.5833333333	59.126	-1110.24000000001	
42424.59375	59.396	-397.439999999995	
42424.6041666667	59.666	-240.883200000013	
42424.6145833333	59.936	-1197.6768	
42424.625	60.185	-975.628800000007	
42424.6354166667	60.41	-815.399999999995	
42424.6458333333	60.635	-993.600000000002	
42424.65625	60.86	-882.359999999993	
42424.6666666667	60.875	-948.585600000002	
42424.6770833333	60.65	-1100.52000000001	
42424.6875	60.425	-905.039999999993	
42424.6979166667	60.2	-888.839999999993	
42425.375	52.235	-635.039999999993	
42425.3854166667	54.71	-616.377599999994	
42425.3958333333	57.185	-804.7296	
42425.40625	59.66	-942.01919999999	
42425.4166666667	61.106	-612.359999999993	
42425.4270833333	61.376	-671.76	
42425.4375	61.646	-930.873599999998	
42425.4479166667	61.916	-1254.96000000001	
42425.4583333333	62.396	-569.635199999998	
42425.46875	63.116	-605.750400000013	
42425.4791666667	63.836	-121.564800000002	
42425.4895833333	64.556	-95.2991999999989	
42425.5	65.171	-193.320000000002	
42425.5104166667	65.666	-424.440000000001	
42425.5208333333	66.161	-364.175999999995	
42425.53125	66.656	-78.8832000000065	
42425.5416666667	67.046	198.201600000002	
42425.5520833333	67.316	-870.0048	
42425.5625	67.586	-335.059199999993	
42425.5729166667	67.856	-197.078399999998	
42425.5833333333	67.874	-16.2000000000006	
42425.59375	67.604	-328.190400000007	
42425.6041666667	67.334	-477.70560000001	
42425.6145833333	67.064	-609.984000000006	
42425.625	66.92	-301.104000000004	
42425.6354166667	66.92	-141.264000000008	
42425.6458333333	66.92	-454.809600000002	
42425.65625	66.92	-82.727999999999	
42425.6666666667	66.689	-301.36320000001	
42425.6770833333	66.194	-809.395200000008	
42425.6875	65.699	-815.788799999996	
42425.6979166667	65.204	-1339.8048	
42426.375	47.423	1530.8352	
42426.3854166667	48.458	1677.24	
42426.3958333333	49.493	1449.18719999999	
42426.40625	50.528	1352.0736	
42426.4166666667	51.311	-824.040000000006	
42426.4270833333	51.806	-1097.28000000001	
42426.4375	52.301	-144.979199999991	
42426.4479166667	52.796	-383.011200000004	
42426.4583333333	53.396	-847.799999999996	
42426.46875	54.116	-1091.88	
42426.4791666667	54.836	-1029.456	
42426.4895833333	55.556	-559.526399999997	
42426.5	56.066	-256.132800000003	
42426.5104166667	56.336	-203.990400000013	
42426.5208333333	56.606	-12.4416000000048	
42426.53125	56.876	-170.640000000001	
42426.5416666667	57.125	-152.8416	
42426.5520833333	57.35	97.9776000000049	
42426.5625	57.575	-635.299199999984	
42426.5729166667	57.8	-127.267200000001	
42426.5833333333	58.046	7.04160000000968	
42426.59375	58.316	-245.548800000005	
42426.6041666667	58.586	-638.582399999997	
42426.6145833333	58.856	-191.203200000006	
42426.625	59.231	49.9392000000125	
42426.6354166667	59.726	-191.203200000006	
42426.6458333333	60.221	-180.360000000002	
42426.65625	60.716	-167.400000000001	
42426.6666666667	61.211	-180.360000000002	
42426.6770833333	61.706	-612.921600000002	
42426.6875	62.201	-1014.11999999999	
42426.6979166667	62.696	-1001.16000000001	
42429.375	64.46	-850.9536	
42429.3854166667	65.885	-775.440000000004	
42429.3958333333	66.545	-466.560000000002	
42429.40625	66.92	-865.295999999994	
42429.4166666667	67.1423529411765	-719.884800000004	
42429.4375	68.2284615384615	-1691.28	
42429.4583333333	70.445652173913	-942.840000000005	
42429.46875	71.4434782608696	-1027.07999999999	
42429.4791666667	72.4413043478261	-1104.84	
42429.4895833333	73.04	-720.316799999988	
42429.5	73.271	-622.339199999998	
42429.5208333333	74.261	-889.142399999997	
42429.53125	74.756	-1102.68	
42429.5416666667	75.02	-1316.8224	
42429.5520833333	75.02	-861.840000000002	
42429.5729166667	75.02	-1267.7472	
42429.5833333333	75.02	-1331.6832	
42429.6041666667	75.02	-794.448000000006	
42429.6145833333	75.02	-1496.18880000001	
42429.625	75.251	-1256.04	
42429.6354166667	75.746	-667.008000000011	
42429.6458333333	76.241	-1071.79199999999	
42429.6666666667	77	-1262.52	
42429.6770833333	77	-871.560000000002	
42429.6875	77	-920.160000000004	
42429.6979166667	77	-1226.88	
42430.375	68.126	-691.200000000001	
42430.3854166667	68.396	-899.639999999998	
42430.3958333333	68.666	-961.113600000004	
42430.40625	68.936	-1479.6864	
42430.4166666667	69.416	-1339.8048	
42430.4270833333	70.136	-1040.03999999999	
42430.4375	70.856	-1004.5728	
42430.4479166667	71.576	-894.240000000003	
42430.4583333333	72.1337931034483	-1024.92	
42430.46875	72.5062068965517	-1018.44	
42430.4791666667	72.8786206896552	-1047.42719999999	
42430.4895833333	73.2510344827586	-1026.1728	
42430.5	73.376	-1061.16479999999	
42430.5104166667	74.096	-1138.4064	
42430.5208333333	74.816	-969.839999999996	
42430.53125	75.536	-1229.38560000001	
42430.5416666667	76.046	-950.399999999995	
42430.5520833333	76.316	-1196.64	
42430.5625	76.586	-975.240000000006	
42430.5729166667	76.856	-788.486400000001	
42430.5833333333	77.231	-848.534399999999	
42430.59375	77.726	-1184.6304	
42430.6041666667	78.221	-1394.45280000001	
42430.6145833333	78.716	-1411.60320000002	
42430.625	78.875	-1542.672	
42430.6354166667	78.65	-1366.07040000001	
42430.6458333333	78.425	-1216.2528	
42430.65625	78.2	-1242.5184	
42430.6666666667	77.723	-1183.4208	
42430.6770833333	76.958	-1180.1376	
42430.6875	76.193	-1176.85439999999	
42430.6979166667	75.428	-1429.31520000001	
42431.375	55.628	-788.400000000004	
42431.3854166667	56.888	-811.080000000005	
42431.3958333333	58.148	-1029.24	
42431.40625	59.408	-430.704000000009	
42431.4166666667	60.416	-667.95839999999	
42431.4270833333	61.136	-585.360000000002	
42431.4375	61.856	-1238.76000000001	
42431.4479166667	62.576	-1030.2336	
42431.4583333333	63.317	-764.899199999988	
42431.46875	64.082	-538.704000000003	
42431.4791666667	64.847	-1304.8992	
42431.4895833333	65.612	-1101.6	
42431.5	66.377	-460.080000000002	
42431.5104166667	67.142	-368.582399999997	
42431.5208333333	67.907	-673.660800000005	
42431.53125	68.672	-919.079999999999	
42431.5416666667	69.311	-986.428799999997	
42431.5520833333	69.806	-1245.24000000001	
42431.5625	70.301	-1395.36	
42431.5729166667	70.796	-1580.03999999999	
42431.5833333333	71.165	-664.848000000001	
42431.59375	71.39	-381.715200000007	
42431.6041666667	71.615	-1632.96	
42431.6145833333	71.84	-1610.28	
42431.625	72.086	-1352.59199999999	
42431.6354166667	72.356	-1062.71999999999	
42431.6458333333	72.626	-671.76	
42431.65625	72.896	-777.254399999997	
42431.6666666667	72.914	-1092.96	
42431.6770833333	72.644	-1643.24160000001	
42431.6875	72.374	-1310.03999999999	
42431.6979166667	72.104	-838.079999999996	
42432.375	70.442	-1345.67999999999	
42432.3854166667	71.432	-747.187199999999	
42432.3958333333	72.422	-506.519999999994	
42432.40625	73.412	-560.433599999994	
42432.4166666667	73.94	-563.414399999988	
42432.4270833333	74.8008695652174	-866.678400000003	
42432.4375	76.0064	-741.139200000013	
42432.4479166667	76.6544	-833.846400000003	
42432.4583333333	77.357	-993.081600000006	
42432.46875	78.122	-723.643200000016	
42432.4791666667	78.887	-845.640000000001	
42432.4895833333	79.652	-1031.44320000001	
42432.5	80.291	-936.360000000005	
42432.5104166667	80.786	-732.239999999997	
42432.5208333333	81.281	-647.999999999994	
42432.53125	81.776	-965.520000000006	
42432.5416666667	82.145	-962.280000000006	
42432.5520833333	82.37	-878.040000000003	
42432.5625	82.595	-1015.45919999999	
42432.5729166667	82.82	-1023.83999999999	
42432.5833333333	82.835	-820.713599999993	
42432.59375	82.61	-848.880000000001	
42432.6041666667	82.385	-855.360000000002	
42432.6145833333	82.16	-823.996799999992	
42432.625	82.04	-1037.88	
42432.6354166667	82.04	-941.932800000009	
42432.6458333333	82.04	-910.440000000004	
42432.65625	82.04	-1093.65120000001	
42432.6666666667	81.683	-784.598399999995	
42432.6770833333	80.918	-985.651199999996	
42432.6875	80.153	-1125.61919999999	
42432.6979166667	79.388	-1015.2	
42433.375	59.462	-1118.92320000002	
42433.3854166667	60.452	-305.640000000001	
42433.3958333333	61.442	-1011.13920000001	
42433.40625	62.432	-1114.56	
42433.4166666667	63.422	-865.468800000003	
42433.4270833333	64.412	-525.139199999995	
42433.4375	65.402	-1470.8736	
42433.4479166667	66.392	-1195.56	
42433.4583333333	67.172	-1410.48	
42433.46875	67.712	-1185.84	
42433.4791666667	68.252	-1668.81599999999	
42433.4895833333	68.792	-1288.48320000001	
42433.5	69.311	-1204.0704	
42433.5104166667	69.806	-460.080000000002	
42433.5208333333	70.301	-928.799999999999	
42433.53125	70.796	-792.719999999994	
42433.5416666667	71.165	-1264.68000000001	
42433.5520833333	71.39	-1149.8112	
42433.5625	71.615	-956.577600000007	
42433.5729166667	71.84	-615.599999999993	
42433.5833333333	71.96	-661.564800000002	
42433.59375	71.96	-500.039999999993	
42433.6041666667	71.96	-408.758399999996	
42433.6145833333	71.96	-506.865600000011	
42433.625	72.086	-649.209599999994	
42433.6354166667	72.356	-787.017599999995	
42433.6458333333	72.626	-711.720000000007	
42433.65625	72.896	-681.523200000014	
42433.6666666667	73.04	-800.28	
42433.6770833333	73.04	-852.422400000006	
42433.6875	73.04	-646.920000000004	
42433.6979166667	73.04	-1098.36	
42436.375	66.37	-1267.92000000001	
42436.3854166667	66.92	-1180.44	
42436.3958333333	67.0181818181818	-1699.92	
42436.40625	68	-668.52	
42436.4166666667	68.462	-662.04	
42436.4270833333	69.452	-1600.56	
42436.4375	70.442	-1789.56	
42436.4479166667	71.432	-818.639999999995	
42436.4583333333	72.4325	-1088.64	
42436.46875	73.31	-920.160000000004	
42436.4791666667	73.985	-768.182400000002	
42436.4895833333	74.66	-713.66400000001	
42436.5	75.02	-1154.39040000001	
42436.5104166667	75.02	-986.688000000003	
42436.5208333333	75.02	-1307.88	
42436.53125	75.02	-787.319999999999	
42436.5416666667	75.251	-974.116799999987	
42436.5520833333	75.746	-676.252799999999	
42436.5625	76.241	-1045.69919999999	
42436.5729166667	76.736	-1358.20800000001	
42436.5833333333	77	-973.079999999996	
42436.59375	77	-1032.91199999999	
42436.6041666667	77	-1328.65920000001	
42436.6145833333	77	-1499.38560000001	
42436.625	76.769	-830.044799999993	
42436.6354166667	76.274	-923.270400000009	
42436.6458333333	75.779	-1388.14560000001	
42436.65625	75.284	-1340.84160000001	
42436.6666666667	74.789	-1075.0752	
42436.6770833333	74.294	-1191.024	
42436.6875	73.799	-1366.84800000001	
42436.6979166667	73.304	-1117.2816	
42437.375	69.305	-1274.14080000002	
42437.3958333333	69.926	-1009.8	
42437.40625	69.836	-603.892800000006	
42437.4166666667	69.98	-1312.50239999999	
42437.4270833333	69.98	-698.760000000006	
42437.4375	69.98	-939.600000000005	
42437.4479166667	69.98	-1053.82080000001	
42437.4583333333	69.98	-1143.2448	
42437.46875	69.98	-1282.2624	
42437.4791666667	69.98	-1070.28	
42437.4895833333	70.684347826087	-945.129599999995	
42437.5	71.396	-1083.24	
42437.5104166667	72.116	-1232.66880000001	
42437.5208333333	72.836	-1045.69919999999	
42437.53125	73.556	-669.686400000002	
42437.5416666667	74.423	-837.907200000002	
42437.5520833333	75.458	-1469.88	
42437.5625	76.493	-699.235200000003	
42437.5729166667	77.528	-1168.55999999999	
42437.5833333333	78.4265	-969.235200000003	
42437.59375	79.169	-728.999999999997	
42437.6041666667	79.9115	-764.639999999998	
42437.6145833333	80.06	-839.160000000001	
42437.625	80.06	-845.640000000001	
42437.6354166667	80.06	-716.039999999996	
42437.6458333333	80.06	-849.225600000004	
42437.65625	80.06	-1155.85919999998	
42437.6666666667	79.934	-1068.50880000001	
42437.6770833333	79.664	-945.907199999996	
42437.6875	79.394	-726.969599999997	
42437.6979166667	79.124	-820.713599999993	
42438.375	63.095	-800.28	
42438.3854166667	62.96	-627.177599999999	
42438.3958333333	62.96	-868.320000000002	
42438.40625	62.84	-1027.07999999999	
42438.4166666667	62.06	-1029.24	
42438.4270833333	62.06	-1773.10079999999	
42438.4375	61.82	-1121.04	
42438.4479166667	60.98	-945.475199999997	
42438.4583333333	60.4953846153846	-810	
42438.46875	60.08	-1086.48	
42438.4791666667	60.08	-1346.76	
42438.4895833333	59.4984615384615	-1041.0336	
42438.5	59	-821.879999999995	
42438.5104166667	59	-1049.75999999999	
42438.5208333333	59	-791.164799999992	
42438.53125	59	-839.160000000001	
42438.5416666667	59	-1195.9488	
42438.5520833333	59	-1250.2944	
42438.5625	59	-1221.52320000001	
42438.5729166667	59	-1033.8624	
42438.5833333333	59	-878.040000000003	
42438.59375	59	-1023.83999999999	
42438.6041666667	59	-842.918399999997	
42438.6145833333	59	-968.760000000006	
42438.625	59	-1309.30560000001	
42438.6354166667	59	-1294.92	
42438.6458333333	59	-669.600000000005	
42438.65625	59	-1076.19839999999	
42438.6666666667	59	-870.479999999997	
42438.6770833333	59	-879.811199999997	
42438.6875	59.36	-682.560000000005	
42438.6979166667	60.44	-1154.52	
42439.375	63.1368421052632	-964.396799999987	
42439.3854166667	63.5157894736842	-1302.48	
42439.3958333333	63.8947368421053	-1061.64	
42439.40625	64.2736842105263	-1244.16	
42439.4166666667	64.04	-994.723200000005	
42439.4270833333	64.2275	-1267.92000000001	
42439.4375	64.50875	-1497.96	
42439.4479166667	64.79	-1582.2	
42439.4583333333	64.94	-1192.32	
42439.46875	64.94	-1651.36320000001	
42439.4791666667	64.94	-1483.6608	
42439.4895833333	65.644347826087	-1423.0944	
42439.5	66.02	-1558.48320000001	
42439.5104166667	66.29	-1373.8464	
42439.5208333333	66.965	-1732.49280000001	
42439.53125	67.64	-1248.48000000001	
42439.5416666667	68.126	-916.920000000004	
42439.5520833333	68.396	-724.680000000007	
42439.5625	68.666	-782.999999999994	
42439.5729166667	68.936	-825.119999999995	
42439.5833333333	69.3841379310345	-913.680000000004	
42439.59375	70.0358620689655	-656.596799999991	
42439.6041666667	70.6875862068966	-1039.30560000001	
42439.6145833333	71.3393103448276	-829.440000000001	
42439.625	70.829	-652.665600000001	
42439.6354166667	70.334	-1141.60320000002	
42439.6458333333	69.839	-939.513599999993	
42439.65625	69.344	-1237.50719999999	
42439.6666666667	68.954	-854.841600000006	
42439.6770833333	68.684	-1149.6816	
42439.6875	68.414	-830.044799999993	
42439.6979166667	68.144	-761.399999999998	
42440.375	64.709	-1253.88	
42440.3854166667	64.214	-1263.6	
42440.3958333333	63.719	-1341.5328	
42440.40625	63.224	-1429.31520000001	
42440.4166666667	63.191	-1413.3312	
42440.4270833333	63.686	-1632.1824	
42440.4375	64.181	-1356.7824	
42440.4479166667	64.676	-503.539199999999	
42440.4583333333	64.94	-1248.3072	
42440.46875	64.94	-1567.90080000001	
42440.4791666667	64.94	-1755.9072	
42440.4895833333	64.94	-1733.2272	
42440.5	65.297	-1336.9536	
42440.5104166667	66.062	-943.660800000005	
42440.5208333333	66.827	-1656.0288	
42440.53125	67.592	-1545.82560000001	
42440.5416666667	68.357	-1120.0464	
42440.5520833333	69.122	-912.42719999999	
42440.5625	69.887	-886.377599999994	
42440.5729166667	70.652	-741.139200000013	
42440.5833333333	71.396	-1166.14080000001	
42440.59375	72.116	-891.000000000003	
42440.6041666667	72.836	-894.240000000003	
42440.6145833333	73.556	-764.899200000004	
42440.625	73.94	-791.164799999992	
42440.6354166667	73.94	-771.465600000001	
42440.6458333333	73.94	-530.28	
42440.65625	73.94	-1028.24639999999	
42440.6666666667	73.835	-1165.70879999999	
42440.6770833333	73.61	-897.480000000003	
42440.6875	73.385	-829.440000000001	
42440.6979166667	73.16	-774.359999999999	
42443.375	60.05	-1560.59999999999	
42443.3854166667	62.3	-1373.50080000002	
42443.3958333333	64.55	-147.96	
42443.40625	66.8	-543.585600000002	
42443.4166666667	68.819	-509.759999999994	
42443.4270833333	70.574	-652.319999999999	
42443.4375	72.329	-569.160000000001	
42443.4479166667	74.084	-700.358399999992	
42443.4583333333	75.608	-871.430400000007	
42443.46875	76.868	-1047.42719999999	
42443.4791666667	78.128	-942.840000000005	
42443.4895833333	79.388	-642.643200000012	
42443.5	80.522	-897.480000000003	
42443.5104166667	81.512	-936.360000000005	
42443.5208333333	82.502	-591.840000000002	
42443.53125	83.492	-1093.99679999999	
42443.5416666667	84.377	-1087.8192	
42443.5520833333	85.142	-1163.5056	
42443.5625	85.907	-1052.99999999999	
42443.5729166667	86.672	-813.24	
42443.5833333333	87.185	-689.385600000008	
42443.59375	87.41	-716.039999999996	
42443.6041666667	87.635	-946.080000000005	
42443.6145833333	87.86	-555.379199999986	
42443.625	87.98	-525.959999999994	
42443.6354166667	87.98	-751.679999999998	
42443.6458333333	87.98	-699.839999999996	
42443.65625	87.98	-768.182400000002	
42443.6666666667	87.98	-1109.16	
42443.6770833333	87.98	-923.400000000004	
42443.6875	87.98	-1099.44	
42443.6979166667	87.98	-1112.4	
42444.375	66.251	-1301.4	
42444.3854166667	66.746	-1575.72	
42444.3958333333	67.241	-1172.1024	
42444.40625	67.736	-1036.3248	
42444.4166666667	68.231	-986.90400000001	
42444.4270833333	68.726	-1190.6784	
42444.4375	69.221	-1148.04	
42444.4479166667	69.716	-1057.32	
42444.4583333333	70.2090909090909	-1191.23999999999	
42444.46875	70.7	-1217.15999999999	
42444.4791666667	71.3533333333333	-1304.64	
42444.4895833333	72.4533333333333	-1486.08000000001	
42444.5	73.5569230769231	-1512.1728	
42444.5104166667	74.6646153846154	-1518.5664	
42444.5208333333	75.7723076923077	-1251.7632	
42444.53125	76.5885714285714	-1235.7792	
42444.5416666667	77.357	-1142.64000000001	
42444.5520833333	78.122	-911.519999999994	
42444.5625	78.887	-946.080000000005	
42444.5729166667	79.652	-1011.13920000001	
42444.5833333333	80.165	-1278.02880000001	
42444.59375	80.39	-813.24	
42444.6041666667	80.615	-1069.54560000001	
42444.6145833333	80.84	-992.995200000009	
42444.625	81.191	-900.374399999986	
42444.6354166667	81.686	-1286.92800000001	
42444.6458333333	82.181	-852.422400000006	
42444.65625	82.676	-900.288000000004	
42444.6666666667	82.94	-1026	
42444.6770833333	82.94	-775.526400000001	
42444.6875	82.94	-628.559999999993	
42444.6979166667	82.94	-628.559999999993	
42445.375	62.627	-1623.24	
42445.3854166667	63.842	-1685.9664	
42445.3958333333	65.057	-1795.2192	
42445.40625	66.272	-1248.48000000001	
42445.4166666667	67.634	-832.680000000001	
42445.4270833333	69.164	-1564.92	
42445.4375	70.694	-1702.07999999999	
42445.4479166667	72.224	-1705.31999999999	
42445.4583333333	73.145	-938.9088	
42445.46875	73.37	-780.624000000007	
42445.4791666667	73.595	-976.319999999996	
42445.4895833333	73.82	-1036.1088	
42445.5	74.171	-969.235200000003	
42445.5104166667	74.666	-751.679999999998	
42445.5208333333	75.161	-865.209599999997	
42445.53125	75.656	-790.559999999999	
42445.5416666667	76.172	-908.064000000002	
42445.5520833333	76.712	-604.022400000001	
42445.5625	77.252	-775.699199999994	
42445.5729166667	77.792	-607.305600000015	
42445.5833333333	78.311	-875.880000000008	
42445.59375	78.806	-898.559999999993	
42445.6041666667	79.301	-738.719999999997	
42445.6145833333	79.796	-973.079999999996	
42445.625	79.934	-989.279999999997	
42445.6354166667	79.664	-969.839999999996	
42445.6458333333	79.394	-879.46560000001	
42445.65625	79.124	-1123.8912	
42445.6666666667	78.98	-1271.4624	
42445.6770833333	78.98	-702.1728	
42445.6875	78.98	-705.369600000001	
42445.6979166667	78.98	-1013.04	
42446.375	69.08	-1338.07679999999	
42446.3854166667	69.5675	-1288.22400000001	
42446.3958333333	70.14	-1281.13920000001	
42446.40625	70.74	-1011.96	
42446.4166666667	71.165	-1132.92000000001	
42446.4270833333	71.39	-972.1728	
42446.4375	71.615	-1304.64	
42446.4479166667	71.84	-1340.28	
42446.4583333333	72.191	-1362.96	
42446.46875	72.686	-881.280000000003	
42446.4791666667	73.181	-620.438399999994	
42446.4895833333	73.676	-1213.91999999999	
42446.5	73.94	-617.155199999995	
42446.5104166667	73.94	-1016.064	
42446.5208333333	73.94	-798.076799999991	
42446.53125	75.128	-666.403200000003	
42446.5416666667	76.046	-1029.7152	
42446.5520833333	76.316	-1044.36	
42446.5625	76.586	-885.599999999993	
42446.5729166667	76.856	-1110.24000000001	
42446.5833333333	77.126	-1245.3696	
42446.59375	77.396	-1139.8752	
42446.6041666667	77.666	-1085.52959999999	
42446.6145833333	77.936	-895.449599999988	
42446.625	77.954	-1149.46560000001	
42446.6354166667	77.684	-1110.24000000001	
42446.6458333333	77.414	-1159.056	
42446.65625	77.144	-872.640000000007	
42446.6666666667	77	-914.759999999994	
42446.6770833333	77	-830.044799999993	
42446.6875	77	-780.839999999999	
42446.6979166667	77	-758.159999999998	
42447.375	66.3905882352941	-807.5808	
42447.3854166667	67.1276923076923	-1902.528	
42447.3958333333	67.7507692307692	-1239.2352	
42447.40625	68.216	-760.319999999993	
42447.4166666667	69.542	-1734.47999999999	
42447.4270833333	70.532	-1941.84	
42447.4375	71.522	-1056.23999999999	
42447.4479166667	72.512	-535.679999999995	
42447.4583333333	73.3006896551724	-699.839999999996	
42447.46875	73.8593103448276	-711.763200000005	
42447.4791666667	74.4179310344828	-609.7248	
42447.4895833333	74.9765517241379	-892.511999999992	
42447.5	75.377	-448.156799999993	
42447.5104166667	76.142	-593.481600000001	
42447.5208333333	76.907	-767.879999999998	
42447.53125	77.672	-776.865600000011	
42447.5416666667	78.311	-399.081600000009	
42447.5520833333	78.806	-515.160000000004	
42447.5625	79.301	-534.600000000005	
42447.5729166667	79.796	-1054.08	
42447.5833333333	79.829	-624.240000000003	
42447.59375	79.334	-921.239999999994	
42447.6041666667	78.839	-699.839999999996	
42447.6145833333	78.344	-827.280000000006	
42447.625	78.311	-827.280000000006	
42447.6354166667	78.806	-827.280000000006	
42447.6458333333	79.301	-600.739200000003	
42447.65625	79.796	-531.273599999993	
42447.6666666667	80.165	-266.76	
42447.6770833333	80.39	-295.920000000001	
42447.6875	80.615	-260.28	
42447.6979166667	80.84	-599.400000000007	
42450.375	43.799	-794.880000000005	
42450.3854166667	45.554	-755.827199999994	
42450.3958333333	47.309	-644.759999999994	
42450.40625	49.064	-537.840000000005	
42450.4166666667	50.462	-788.745600000007	
42450.4270833333	51.452	-791.640000000004	
42450.4375	52.442	-345.599999999993	
42450.4479166667	53.432	-183.340800000012	
42450.4583333333	54.191	-97.0271999999949	
42450.46875	54.686	-610.199999999998	
42450.4791666667	55.181	-671.76	
42450.4895833333	55.676	-684.547199999992	
42450.5	56.066	-160.963200000015	
42450.5104166667	56.336	-978.307199999998	
42450.5208333333	56.606	-916.574399999986	
42450.53125	56.876	-649.943999999997	
42450.5416666667	57.377	-370.483200000002	
42450.5520833333	58.142	-119.318399999995	
42450.5625	58.907	-0.0863999999967291	
42450.5729166667	59.672	-383.011200000004	
42450.5833333333	60.311	-673.963200000009	
42450.59375	60.806	-753.753599999996	
42450.6041666667	61.301	-210.211199999992	
42450.6145833333	61.796	-608.083200000016	
42450.625	62.165	10.4112000000049	
42450.6354166667	62.39	-705.240000000006	
42450.6458333333	62.615	-210.556799999994	
42450.65625	62.84	-160.920000000001	
42450.6666666667	63.086	-280.800000000006	
42450.6770833333	63.356	-564.796799999997	
42450.6875	63.626	-671.76	
42450.6979166667	63.896	-292.680000000001	
42451.375	53.753	-1047.6864	
42451.3854166667	55.238	-881.452799999996	
42451.3958333333	56.723	-188.999999999997	
42451.40625	58.208	-1081.08000000001	
42451.4166666667	59.588	-982.799999999996	
42451.4270833333	60.848	-342.921600000002	
42451.4375	62.108	-330.479999999997	
42451.4479166667	63.368	-392.04	
42451.4583333333	64.376	-323.740800000007	
42451.46875	65.096	-437.097599999997	
42451.4791666667	65.816	-860.025600000009	
42451.4895833333	66.536	-1307.83679999998	
42451.5	67.277	-359.639999999998	
42451.5104166667	68.042	-368.755200000006	
42451.5208333333	68.807	-323.740800000007	
42451.53125	69.572	-965.520000000006	
42451.5416666667	70.337	-526.608000000001	
42451.5520833333	71.102	-788.745600000007	
42451.5625	71.867	-759.110400000008	
42451.5729166667	72.632	-514.598399999995	
42451.5833333333	73.04	-718.156799999993	
42451.59375	73.04	-682.560000000005	
42451.6041666667	73.04	-926.640000000004	
42451.6145833333	73.04	-872.640000000007	
42451.625	73.04	-991.440000000007	
42451.6354166667	73.04	-330.479999999997	
42451.6458333333	73.04	-444.960000000007	
42451.65625	73.04	-822.96	
42451.6666666667	73.04	-716.039999999996	
42451.6770833333	73.04	-849.225600000004	
42451.6875	73.04	-493.559999999993	
42451.6979166667	73.04	-497.404800000001	
42452.375	66.2052941176471	-1352.15999999999	
42452.3854166667	66.6023529411765	-1077.5808	
42452.3958333333	67.055	-1582.7616	
42452.40625	67.73	-704.160000000001	
42452.4166666667	68.252	-1272.1536	
42452.4270833333	68.792	-1283.04	
42452.4375	69.752	-865.209599999997	
42452.4479166667	71.192	-1737.41760000001	
42452.4583333333	71.96	-1076.19839999999	
42452.46875	71.96	-1116.20160000001	
42452.4791666667	71.96	-807.5808	
42452.4895833333	71.96	-900.374399999986	
42452.5	71.96	-764.899200000004	
42452.5104166667	72.2227027027027	-1102.68	
42452.5208333333	73.5362162162162	-922.492800000008	
42452.53125	74.8497297297297	-920.160000000004	
42452.5416666667	74.297	-1099.44	
42452.5520833333	75.062	-1178.27999999999	
42452.5625	75.827	-1235.7792	
42452.5729166667	76.592	-871.603200000016	
42452.5833333333	77	-1194.47999999999	
42452.59375	77	-1028.16	
42452.6041666667	77	-990.360000000002	
42452.6145833333	77	-817.43040000001	
42452.625	76.874	-363.268799999999	
42452.6354166667	76.604	-581.039999999996	
42452.6458333333	76.334	-811.641599999999	
42452.65625	76.064	-756.518399999999	
42452.6666666667	76.046	-610.588799999998	
42452.6770833333	76.316	-712.799999999996	
42452.6875	76.586	-244.079999999999	
42452.6979166667	76.856	-283.651200000005	
42453.375	50.357	-1611.27359999999	
42453.3854166667	51.122	-1585.69920000001	
42453.3958333333	51.887	-1590.62400000001	
42453.40625	52.652	-1884.6	
42453.4166666667	53.291	-1438.55999999999	
42453.4270833333	53.786	-1386.72000000001	
42453.4375	54.281	-1292.76	
42453.4479166667	54.776	-1032.39359999999	
42453.4583333333	55.271	-1292.76	
42453.46875	55.766	-743.040000000003	
42453.4791666667	56.261	-1438.55999999999	
42453.4895833333	56.756	-2303.856	
42453.5	57.377	-432.518400000002	
42453.5104166667	58.142	-1603.4112	
42453.5208333333	58.907	-711.720000000007	
42453.53125	59.672	-1556.28	
42453.5416666667	60.185	-833.760000000006	
42453.5520833333	60.41	-758.159999999998	
42453.5625	60.635	-732.239999999997	
42453.5729166667	60.86	-716.039999999996	
42453.5833333333	61.337	-1121.04	
42453.59375	62.102	-905.039999999993	
42453.6041666667	62.867	-1144.45439999998	
42453.6145833333	63.632	-1303.17119999999	
42453.625	64.145	-1232.58239999999	
42453.6354166667	64.37	-1130.2848	
42453.6458333333	64.595	-1394.1504	
42453.65625	64.82	-708.825600000009	
42453.6666666667	64.94	-817.560000000005	
42453.6770833333	64.94	-940.204799999997	
42453.6875	64.94	-727.920000000007	
42453.6979166667	64.94	-732.239999999997	
42454.375	53.522	-1077.84000000001	
42454.3854166667	54.512	-1049.75999999999	
42454.40625	56.492	-669.85920000001	
42454.4166666667	57.482	-1390.9536	
42454.4270833333	58.472	-1564.92	
42454.4375	59.462	8.63999999999521	
42454.4479166667	60.452	-293.760000000006	
42454.46875	61.706	-584.279999999997	
42454.4791666667	62.201	-764.639999999998	
42454.4895833333	62.696	-349.315200000005	
42454.5104166667	63.686	-239.32800000001	
42454.5208333333	64.181	-697.680000000001	
42454.5416666667	65.066	-650.160000000004	
42454.5520833333	65.336	-932.342400000003	
42454.5729166667	65.876	-366.119999999999	
42454.5833333333	66.251	-251.164799999992	
42454.59375	66.746	-336.528000000014	
42454.6145833333	67.736	-606.528000000014	
42454.625	68.126	-299.160000000001	
42454.6458333333	68.666	-434.160000000001	
42454.65625	68.936	-250.732800000008	
42454.6666666667	69.416	-195.479999999997	
42454.6770833333	70.136	-785.160000000004	
42454.6875	70.856	-76.1183999999884	
42454.6979166667	71.576	-343.094399999995	
42457.375	51.416	-1546.56	
42457.3958333333	52.856	-648.431999999993	
42457.40625	53.576	-1529.8848	
42457.4166666667	54.548	-676.080000000005	
42457.4270833333	55.808	-986.039999999996	
42457.4583333333	59.462	-410.399999999995	
42457.46875	60.452	-873.2448	
42457.4791666667	61.442	-649.079999999999	
42457.4895833333	62.432	-596.160000000007	
42457.5208333333	64.847	-636.854399999986	
42457.53125	65.612	-664.199999999994	
42457.5416666667	66.377	-1033.55999999999	
42457.5520833333	67.142	-642.599999999999	
42457.59375	69.806	-940.679999999995	
42457.6145833333	70.796	-794.880000000005	
42457.6354166667	72.116	-1076.76	
42457.6458333333	72.836	-1179.96479999999	
42457.65625	73.556	-599.961600000001	
42457.6666666667	73.94	-1047.42719999999	
42457.6770833333	73.94	-491.399999999998	
42457.6875	73.94	-1039.30560000001	
42457.6979166667	73.94	-975.369600000001	
42458.375	60.08	-1343.0016	
42458.3854166667	60.6575	-1614.6	
42458.3958333333	61.895	-509.155200000001	
42458.40625	62.45	-1265.76	
42458.4166666667	63.422	-1653.09120000001	
42458.4270833333	64.412	-871.862400000006	
42458.4375	65.402	-1215.1296	
42458.4479166667	66.392	-1649.16	
42458.4583333333	67.2224	-1616.76	
42458.46875	67.8704	-753.839999999993	
42458.4791666667	68.5184	-1007.64000000001	
42458.4895833333	69.08	-1095.37919999999	
42458.5	69.08	-568.944000000009	
42458.5104166667	69.08	-588.340799999996	
42458.5208333333	69.08	-909.964799999991	
42458.53125	69.08	-860.111999999991	
42458.5416666667	68.324	-1085.2704	
42458.5520833333	66.92	-910.440000000004	
42458.5625	66.92	-1005.8688	
42458.5729166667	66.92	-848.880000000001	
42458.5833333333	67.5015384615385	-758.332800000007	
42458.59375	68.3791489361702	-842.400000000001	
42458.6041666667	69.0110638297872	-939.600000000005	
42458.6145833333	69.6429787234043	-650.160000000004	
42458.625	70.3778947368421	-338.040000000003	
42458.6354166667	71.06	-591.840000000002	
42458.6458333333	71.06	-888.839999999993	
42458.65625	71.06	-924.220800000004	
42458.6666666667	70.9025	-718.200000000007	
42458.6770833333	70.565	-699.235200000003	
42458.6875	70.2275	-556.848000000007	
42458.6979166667	69.89	-400.420799999989	
42459.375	71.96	-922.751999999998	
42459.3854166667	71.96	-962.280000000006	
42459.3958333333	71.96	-1082.15999999999	
42459.40625	71.96	-580.9536	
42459.4166666667	72.086	-870.479999999997	
42459.4375	72.626	-1262.4336	
42459.4479166667	72.896	-1075.0752	
42459.4583333333	73.04	-1047.168	
42459.46875	73.04	-1222.56000000001	
42459.4791666667	73.04	-1010.88000000001	
42459.4895833333	73.04	-695.779199999996	
42459.5	73.04	-979.559999999996	
42459.5104166667	73.04	-1132.92000000001	
42459.5208333333	73.04	-1044.10079999999	
42459.53125	73.04	-304.689599999991	
42459.5416666667	73.04	-220.492800000002	
42459.5520833333	73.04	-719.884800000004	
42459.5625	73.1733333333333	-913.161600000008	
42459.5729166667	73.6733333333333	-468.633600000001	
42459.5833333333	73.94	-775.699199999994	
42459.59375	73.94	-729.518399999993	
42459.6041666667	73.94	-656.553599999992	
42459.6145833333	73.94	-756.518399999999	
42459.625	73.94	-848.145600000014	
42459.6354166667	73.94	-775.699199999994	
42459.6458333333	73.94	-857.606400000009	
42459.65625	73.94	-791.683200000003	
42459.6666666667	73.94	-460.598399999998	
42459.6770833333	73.94	-769.305600000006	
42459.6875	73.94	-460.598399999998	
42459.6979166667	73.94	-670.420799999989	
42460.375	72.317	-897.480000000003	
42460.3854166667	73.082	-884.520000000003	
42460.3958333333	73.847	-1033.17119999999	
42460.40625	74.612	-694.267199999992	
42460.4166666667	75.482	-901.843200000007	
42460.4270833333	76.472	-919.900799999999	
42460.4375	77.462	-816.609599999995	
42460.4479166667	78.452	-761.399999999998	
42460.4583333333	79.211	-978.566400000003	
42460.46875	79.706	-832.680000000001	
42460.4791666667	80.201	-735.479999999997	
42460.4895833333	80.696	-882.359999999993	
42460.5	80.96	-484.919999999998	
42460.5104166667	80.96	-757.987199999989	
42460.5208333333	80.96	-982.799999999996	
42460.53125	80.96	-764.639999999998	
42460.5416666667	80.96	-859.680000000007	
42460.5520833333	80.96	-887.932799999996	
42460.5625	80.96	-436.319999999996	
42460.5729166667	80.96	-924.479999999994	
42460.5833333333	81.191	-686.879999999995	
42460.59375	81.686	-494.899200000004	
42460.6041666667	82.181	-625.449599999988	
42460.6145833333	82.676	-849.960000000007	
42460.625	83.297	-631.065600000006	
42460.6354166667	84.062	-551.491199999995	
42460.6458333333	84.827	-325.080000000002	
42460.65625	85.592	-344.520000000003	
42460.6666666667	85.769	-441.590400000011	
42460.6770833333	85.274	-612.359999999993	
42460.6875	84.779	-491.184000000006	
42460.6979166667	84.284	-569.160000000001	
42461.375	62.165	-1459.9008	
42461.3854166667	62.39	-1112.1408	
42461.3958333333	62.615	-1243.08	
42461.40625	62.84	-1578.96	
42461.4166666667	63.086	-1175.2992	
42461.4270833333	63.356	-1140.7392	
42461.4375	63.626	-1634.04000000001	
42461.4479166667	63.896	-1508.76000000001	
42461.4583333333	64.145	-1533.08160000001	
42461.46875	64.37	-1419.8112	
42461.4791666667	64.595	-1005.8688	
42461.4895833333	64.82	-1375.92	
42461.5	64.709	-976.319999999996	
42461.5104166667	64.214	-833.24160000001	
42461.5208333333	63.719	-806.76	
42461.53125	63.224	-991.440000000007	
42461.5416666667	63.086	-760.838399999989	
42461.5520833333	63.356	-1023.83999999999	
42461.5625	63.626	-1143.3312	
42461.5729166667	63.896	-983.491200000001	
42461.5833333333	63.221	-716.039999999996	
42461.59375	61.466	-709.084799999999	
42461.6041666667	59.711	-909.964799999991	
42461.6145833333	57.956	-922.492800000008	
42461.625	56.894	-865.080000000002	
42461.6354166667	56.624	-952.560000000005	
42461.6458333333	56.354	-845.640000000001	
42461.65625	56.084	-876.528000000014	
42461.6666666667	55.709	-1226.3616	
42461.6770833333	55.214	-786.239999999994	
42461.6875	54.719	-480.988799999993	
42461.6979166667	54.224	-877.737599999999	
42464.3854166667	59.198	-1063.4112	
42464.3958333333	60.683	-678.326399999997	
42464.40625	62.168	-768.960000000004	
42464.4166666667	63.548	-167.097599999997	
42464.4270833333	64.808	-315.619199999992	
42464.4375	66.068	-829.526399999997	
42464.4479166667	67.328	-683.251199999995	
42464.4583333333	68.588	-589.680000000007	
42464.46875	69.848	-735.825600000015	
42464.4791666667	71.108	-941.414399999998	
42464.4895833333	72.368	-750.384000000001	
42464.5	73.376	-103.420799999998	
42464.5104166667	74.096	-458.784000000005	
42464.5208333333	74.816	-617.760000000003	
42464.53125	75.536	-637.200000000004	
42464.5416666667	76.046	-806.19839999999	
42464.5520833333	76.316	-514.079999999999	
42464.5625	76.586	-712.799999999996	
42464.5729166667	76.856	-758.332800000007	
42464.5833333333	77.231	-617.155199999995	
42464.59375	77.726	-667.008000000011	
42464.6041666667	78.221	-589.680000000007	
42464.6145833333	78.716	-686.879999999995	
42464.625	78.98	-415.800000000006	
42464.6354166667	78.98	-446.039999999996	
42464.6458333333	78.98	-722.995200000009	
42464.65625	78.98	-489.110400000008	
42464.6666666667	79.106	-670.679999999995	
42464.6770833333	79.376	-655.9488	
42464.6875	79.646	-517.319999999999	
42465.375	58.739	-1268.0064	
42465.3854166667	60.494	-1401.84	
42465.3958333333	62.249	-1080.0864	
42465.40625	64.004	-970.920000000001	
42465.4166666667	65.654	-722.217600000008	
42465.4270833333	67.184	-774.359999999999	
42465.4375	68.714	-712.368000000013	
42465.4479166667	70.244	-659.145600000002	
42465.4583333333	71.396	-1062.71999999999	
42465.46875	72.116	-711.763200000005	
42465.4791666667	72.836	-753.321599999997	
42465.4895833333	73.556	-455.241600000001	
42465.5	74.297	-999.518399999993	
42465.5104166667	75.062	-672.9696	
42465.5208333333	75.827	-863.9136	
42465.53125	76.592	-617.155199999995	
42465.5416666667	77.357	-593.481600000001	
42465.5520833333	78.122	-926.985600000007	
42465.5625	78.887	-1052.0928	
42465.5729166667	79.652	-736.948800000003	
42465.5833333333	80.06	-1087.8192	
42465.59375	80.06	-599.400000000007	
42465.6041666667	80.06	-444.225600000004	
42465.6145833333	80.06	-737.769600000003	
42465.625	80.165	-1054.08	
42465.6354166667	80.39	-469.065600000015	
42465.6458333333	80.615	-713.750400000006	
42465.65625	80.84	-641.519999999994	
42465.6666666667	80.96	-869.875200000005	
42465.6770833333	80.96	-557.323200000004	
42465.6875	80.96	-772.459199999994	
42465.6979166667	80.96	-816.48	
42466.375	60.1166666666667	-1500.12	
42466.3854166667	60.6666666666667	-1731.23999999999	
42466.3958333333	61.2166666666667	-1258.15679999999	
42466.40625	61.7666666666667	-1778.976	
42466.4166666667	62.36	-962.280000000006	
42466.4270833333	63.0615384615385	-1360.80000000001	
42466.4375	64.5846153846154	-439.559999999996	
42466.4479166667	66.1076923076923	-947.159999999995	
42466.4583333333	67.634	-764.121600000003	
42466.46875	69.164	-494.639999999998	
42466.4791666667	70.694	-219.369599999998	
42466.4895833333	72.224	-623.851200000003	
42466.5	73.145	-564.451199999995	
42466.5104166667	73.37	-735.479999999997	
42466.5208333333	73.595	-798.076799999991	
42466.53125	73.82	-537.840000000005	
42466.5416666667	74.423	-895.449599999988	
42466.5520833333	75.458	-343.310400000003	
42466.5625	76.493	-412.214399999988	
42466.5729166667	77.528	-492.998399999999	
42466.5833333333	78.185	-581.039999999996	
42466.59375	78.41	-1003.32	
42466.6041666667	78.635	-941.76	
42466.6145833333	78.86	-635.039999999993	
42466.625	79.106	-364.910399999998	
42466.6354166667	79.376	-790.559999999999	
42466.6458333333	79.646	-669.686400000002	
42466.65625	79.916	-692.668800000006	
42466.6666666667	79.934	-814.060800000015	
42466.6770833333	79.664	-565.056000000003	
42466.6875	79.394	-301.838399999992	
42466.6979166667	79.124	-409.795200000003	
42467.375	59.924	-1385.64	
42467.3854166667	61.904	-1492.7328	
42467.3958333333	63.884	-1539.47520000001	
42467.40625	65.864	-1405.08	
42467.4166666667	67.739	-1411.60320000002	
42467.4270833333	69.494	-1188.08640000001	
42467.4375	71.249	-829.440000000001	
42467.4479166667	73.004	-735.479999999997	
42467.4583333333	74.423	-774.359999999999	
42467.46875	75.458	-852.120000000002	
42467.4791666667	76.493	-913.161600000008	
42467.4895833333	77.528	-806.19839999999	
42467.5	78.185	-594.172800000006	
42467.5104166667	78.41	-959.385600000008	
42467.5208333333	78.635	-696.599999999996	
42467.53125	78.86	-780.839999999999	
42467.5416666667	79.337	-705.240000000006	
42467.5520833333	80.102	-890.783999999996	
42467.5625	80.867	-553.651200000005	
42467.5729166667	81.632	-537.364799999992	
42467.5833333333	82.145	-862.012800000011	
42467.59375	82.37	-164.375999999993	
42467.6041666667	82.595	-333.374399999995	
42467.6145833333	82.82	-393.206400000001	
42467.625	82.94	-689.385600000008	
42467.6354166667	82.94	-641.433599999997	
42467.6458333333	82.94	-293.975999999998	
42467.65625	82.94	-582.422400000006	
42467.6666666667	82.835	-550.454399999988	
42467.6770833333	82.61	-373.420799999998	
42467.6875	82.385	-344.779199999993	
42467.6979166667	82.16	-554.558400000001	
42468.375	64.502	-1388.88	
42468.3854166667	65.492	-926.251200000004	
42468.3958333333	66.482	-315.360000000002	
42468.40625	67.472	-1197.71999999999	
42468.4166666667	68.357	-1072.43999999999	
42468.4270833333	69.122	-629.639999999998	
42468.4375	69.887	-790.559999999999	
42468.4479166667	70.652	-794.880000000005	
42468.4583333333	71.396	-670.679999999995	
42468.46875	72.116	-711.590400000011	
42468.4791666667	72.836	-478.439999999998	
42468.4895833333	73.556	-488.159999999998	
42468.5	74.066	-458.999999999997	
42468.5104166667	74.336	-823.651200000005	
42468.5208333333	74.606	-807.5808	
42468.53125	74.876	-590.111999999991	
42468.5416666667	75.251	-410.399999999995	
42468.5520833333	75.746	-737.337600000004	
42468.5625	76.241	-881.193599999991	
42468.5729166667	76.736	-941.932800000009	
42468.5833333333	77	-798.076799999991	
42468.59375	77	-667.094399999992	
42468.6041666667	77	-586.440000000007	
42468.6145833333	77	-496.108800000004	
42468.625	77.231	-501.119999999999	
42468.6354166667	77.726	-849.225600000004	
42468.6458333333	78.221	-797.04	
42468.65625	78.716	-240.191999999993	
42468.6666666667	78.749	-312.422400000006	
42468.6770833333	78.254	-386.467199999996	
42468.6875	77.759	-627.393599999991	
42468.6979166667	77.264	-434.764799999994	
42471.375	71.06	-740.2752	
42471.3854166667	71.06	-713.66400000001	
42471.3958333333	71.06	-819.763200000014	
42471.40625	71.06	-830.044799999993	
42471.4166666667	71.2	-848.145600000014	
42471.4270833333	71.5	-722.519999999997	
42471.4375	71.8	-827.323200000004	
42471.4479166667	71.75	-892.079999999993	
42471.4583333333	71.96	-757.468799999994	
42471.46875	72.32	-994.550400000012	
42471.4791666667	72.8109090909091	-881.193599999991	
42471.4895833333	73.04	-788.65920000001	
42471.5	73.186511627907	-765.67679999999	
42471.5104166667	73.5004651162791	-788.65920000001	
42471.5208333333	73.8144186046512	-494.121600000003	
42471.53125	73.94	-692.668800000006	
42471.5416666667	73.8748275862069	-1084.06080000002	
42471.5520833333	73.7351724137931	-907.200000000004	
42471.5625	73.5955172413793	-1061.6832	
42471.5729166667	73.4558620689655	-547.343999999998	
42471.5833333333	73.94	-579.960000000007	
42471.59375	73.94	-384.350399999999	
42471.6041666667	73.94	-846.028800000002	
42471.6145833333	73.94	-897.177599999999	
42471.625	74.297	-916.358399999995	
42471.6354166667	75.062	-1147.99679999999	
42471.6458333333	75.827	-625.319999999993	
42471.65625	76.592	-557.280000000006	
42471.6666666667	76.874	-635.039999999993	
42471.6770833333	76.604	-817.257600000002	
42471.6875	76.334	-848.880000000001	
42471.6979166667	76.064	-299.160000000001	
42472.375	64.94	-807.5808	
42472.3854166667	64.94	-1154.39040000001	
42472.3958333333	64.94	-1167.48	
42472.40625	64.94	-1362.96	
42472.4166666667	64.94	-1435.44959999999	
42472.4270833333	65.1305882352941	-1111.1904	
42472.4375	65.6070588235294	-1213.91999999999	
42472.4479166667	66.02	-1239.84	
42472.4583333333	66.02	-1341.27359999999	
42472.46875	66.02	-1265.76	
42472.4791666667	66.02	-1039.60800000001	
42472.4895833333	66.02	-1066.9104	
42472.5	66.146	-764.899200000004	
42472.5104166667	66.416	-929.880000000005	
42472.5208333333	66.686	-1328.65920000001	
42472.53125	67.136	-1187.99999999999	
42472.5416666667	68.126	-632.016	
42472.5520833333	68.396	-926.985600000007	
42472.5625	68.666	-910.440000000004	
42472.5729166667	68.936	-909.359999999999	
42472.5833333333	69.08	-807.840000000005	
42472.59375	69.08	-332.380800000002	
42472.6041666667	69.08	-898.128000000009	
42472.6145833333	69.08	-839.160000000001	
42472.625	69.08	-636.119999999999	
42472.6354166667	69.08	-602.640000000007	
42472.6458333333	69.08	-508.680000000004	
42472.65625	69.08	-703.079999999996	
42472.6666666667	69.185	-982.799999999996	
42472.6770833333	69.41	-774.359999999999	
42472.6875	69.635	-722.519999999997	
42472.6979166667	69.86	-660.959999999994	
42473.375	62.165	-720.360000000002	
42473.3854166667	62.39	-1438.64640000001	
42473.3958333333	62.615	-1349.39520000001	
42473.40625	62.84	-1662.42240000001	
42473.4166666667	63.455	-1235.52000000001	
42473.4270833333	64.5157142857143	-1605.95999999999	
42473.4375	64.94	-792.374399999992	
42473.4479166667	64.94	-855.619199999992	
42473.4583333333	65.066	-1029.3696	
42473.46875	65.336	-1230.12	
42473.4791666667	65.606	-1104.84	
42473.4895833333	65.876	-1335.95999999999	
42473.5	66.125	-629.078399999989	
42473.5104166667	66.35	-863.9136	
42473.5208333333	66.575	-1055.07359999999	
42473.53125	66.8	-840.067199999997	
42473.5416666667	66.92	-871.689599999997	
42473.5520833333	67.1624489795918	-1238.76000000001	
42473.5625	67.4930612244898	-1034.64	
42473.5729166667	67.8236734693878	-1135.2096	
42473.5833333333	68	-1240.18560000001	
42473.59375	68	-998.999999999997	
42473.6041666667	68	-1191.23999999999	
42473.6145833333	68	-1209.08160000001	
42473.625	68	-1288.48320000001	
42473.6354166667	68	-692.280000000006	
42473.6458333333	68	-558.359999999996	
42473.65625	68	-877.219200000003	
42473.6666666667	67.874	-966.599999999996	
42473.6770833333	67.604	-924.479999999994	
42473.6875	67.334	-1133.9136	
42473.6979166667	67.064	-804.297600000001	
42474.375	61.106	-328.406399999999	
42474.3854166667	61.376	-922.665600000001	
42474.3958333333	61.646	-770.039999999993	
42474.40625	61.916	-1354.06080000002	
42474.4166666667	62.165	-834.969599999991	
42474.4270833333	62.39	-815.788799999996	
42474.4375	62.615	-975.499199999996	
42474.4479166667	62.84	-1020.59999999999	
42474.4583333333	63.2613043478261	-1366.84800000001	
42474.46875	63.9069565217391	-1791.7632	
42474.4791666667	64.5526086956522	-1513.90080000001	
42474.4895833333	65.4028571428571	-1069.19999999999	
42474.5	66.251	-1037.4048	
42474.5104166667	66.746	-784.079999999999	
42474.5208333333	67.241	-822.96	
42474.53125	67.736	-871.560000000002	
42474.5416666667	67.769	-774.748799999999	
42474.5520833333	67.274	-716.990400000007	
42474.5625	66.779	-1118.88	
42474.5729166667	66.284	-627.480000000003	
42474.5833333333	66.125	-1212.84000000001	
42474.59375	66.35	-1070.28	
42474.6041666667	66.575	-995.759999999997	
42474.6145833333	66.8	-963.359999999996	
42474.625	66.92	-893.980800000013	
42474.6354166667	66.92	-1031.4	
42474.6458333333	66.92	-1226.88	
42474.65625	66.92	-1112.4	
42474.6666666667	66.92	-1215.1296	
42474.6770833333	66.92	-737.640000000007	
42474.6875	66.92	-681.523200000014	
42474.6979166667	66.92	-1112.832	
42475.375	57.92	-970.920000000001	
42475.3854166667	57.92	-989.625600000014	
42475.3958333333	58.0064	-1069.58879999999	
42475.40625	58.6544	-1263.6	
42475.4166666667	59.231	-1289.52	
42475.4270833333	59.726	-1486.85760000001	
42475.4375	60.221	-1384.56	
42475.4479166667	60.716	-1586.51999999999	
42475.4583333333	61.442	-1459.20959999999	
42475.46875	62.432	-1580.03999999999	
42475.4791666667	63.422	-994.680000000007	
42475.4895833333	64.412	-1016.28	
42475.5	65.696	-553.435199999998	
42475.5104166667	66.68	-787.319999999999	
42475.5208333333	67.505	-832.680000000001	
42475.53125	68.4628571428571	-578.880000000001	
42475.5416666667	69.416	-1005.8688	
42475.5520833333	70.136	-933.206400000001	
42475.5625	70.856	-590.759999999997	
42475.5729166667	71.576	-1034.64	
42475.5833333333	72.191	-1084.1472	
42475.59375	72.686	-1039.30560000001	
42475.6041666667	73.181	-988.156799999993	
42475.6145833333	73.676	-1175.03999999999	
42475.625	74.297	-890.783999999996	
42475.6354166667	75.062	-705.240000000006	
42475.6458333333	75.827	-305.640000000001	
42475.65625	76.592	-548.208000000012	
42475.6666666667	77	-521.640000000004	
42475.6770833333	77	-758.159999999998	
42475.6875	77	-338.040000000003	
42475.6979166667	77	-295.920000000001	
42478.375	66.02	-544.147199999996	
42478.3854166667	66.02	-970.704000000009	
42478.3958333333	66.02	-708.480000000006	
42478.40625	66.1723076923077	-641.692800000002	
42478.4166666667	66.02	-560.649600000001	
42478.4270833333	66.02	-968.457600000002	
42478.4375	66.02	-871.560000000002	
42478.4479166667	66.02	-1372.68	
42478.4583333333	66.47	-987.984	
42478.46875	66.92	-1757.15999999999	
42478.4791666667	67.352	-1386.72000000001	
42478.4895833333	67.8148571428572	-1176.12	
42478.5	68	-1111.36320000001	
42478.5104166667	68.9818181818182	-948.326399999997	
42478.5208333333	68.144	-1145.49120000001	
42478.53125	69.26	-1111.79520000001	
42478.5416666667	69.08	-1255.6512	
42478.5520833333	69.5886956521739	-964.310400000006	
42478.5625	70.6376923076923	-925.775999999991	
42478.5729166667	72.6107692307692	-871.560000000002	
42478.5833333333	72.422	-910.440000000004	
42478.59375	73.412	-1025.04959999999	
42478.6041666667	74.402	-1047.6	
42478.6145833333	75.392	-1099.44	
42478.625	75.92	-1301.4	
42478.6354166667	75.92	-640.440000000004	
42478.6458333333	75.92	-884.520000000003	
42478.65625	75.92	-471.959999999997	
42478.6666666667	75.92	-589.680000000007	
42478.6770833333	75.92	-416.879999999995	
42478.6875	75.92	-636.854399999986	
42478.6979166667	75.92	-1163.98080000001	
42479.375	66.02	-547.257600000002	
42479.3854166667	66.5803773584906	-2089.06560000001	
42479.3958333333	67.1407547169811	-1084.32000000001	
42479.40625	67.7011320754717	-692.668800000006	
42479.4166666667	68.693	-1171.79999999999	
42479.4270833333	70.2581818181818	-830.563200000004	
42479.4375	72.3445454545455	-635.299199999984	
42479.4479166667	72.44	-842.400000000001	
42479.4583333333	72.716	-1129.68000000001	
42479.46875	74.0730434782609	-1048.68	
42479.4791666667	75.02	-865.080000000002	
42479.4895833333	75.12	-1020.59999999999	
42479.5	76.0503448275862	-862.920000000007	
42479.5104166667	76.3296551724138	-534.7296	
42479.5208333333	76.6089655172414	-703.684800000004	
42479.53125	76.888275862069	-663.811199999994	
42479.5416666667	77	-872.640000000007	
42479.5520833333	77.5321739130435	-885.599999999993	
42479.5625	78.53	-586.440000000007	
42479.5729166667	79.5278260869565	-865.209599999997	
42479.5833333333	80.165	-417.657599999997	
42479.59375	80.39	-626.399999999998	
42479.6041666667	80.615	-769.305600000006	
42479.6145833333	80.84	-735.479999999997	
42479.625	80.855	-660.959999999994	
42479.6354166667	80.63	-619.487999999999	
42479.6458333333	80.405	-912.384000000007	
42479.65625	80.18	-1345.93919999998	
42479.6666666667	79.934	-851.169599999992	
42479.6770833333	79.664	-505.655999999996	
42479.6875	79.394	-724.204799999994	
42479.6979166667	79.124	-437.011200000001	
42480.375	62.06	-352.296	
42480.3854166667	62.06	-1068.42239999999	
42480.3958333333	62.06	-1227.91679999999	
42480.40625	62.06	-1041.0336	
42480.4166666667	62.291	-986.471999999995	
42480.4270833333	62.786	-1555.45919999999	
42480.4375	63.281	-1162.51199999999	
42480.4479166667	63.776	-1213.4016	
42480.4583333333	64.145	-1165.31999999999	
42480.46875	64.37	-741.959999999997	
42480.4791666667	64.595	-892.857599999994	
42480.4895833333	64.82	-1370.04479999999	
42480.5	65.066	-874.800000000002	
42480.5104166667	65.336	-797.04	
42480.5208333333	65.606	-849.225600000004	
42480.53125	65.876	-909.964799999991	
42480.5416666667	66.482	-981.763200000005	
42480.5520833333	67.472	-647.8272	
42480.5625	68.462	-1091.49119999999	
42480.5729166667	69.452	-917.8272	
42480.5833333333	70.106	-1093.65120000001	
42480.59375	70.376	-977.011200000001	
42480.6041666667	70.646	-940.982399999999	
42480.6145833333	70.916	-805.939199999985	
42480.625	71.48	-1214.6976	
42480.6354166667	72.17	-1146.52800000001	
42480.6458333333	72.62	-743.731199999992	
42480.65625	73.26	-540.691200000005	
42480.6666666667	75.125	-628.646400000005	
42480.6770833333	75.35	-387.417600000006	
42480.6875	75.575	-851.169599999992	
42480.6979166667	75.8	-980.640000000001	
42481.375	62.06	-409.535999999997	
42481.3854166667	62.06	-1323.82080000001	
42481.3958333333	62.3511764705882	-818.639999999995	
42481.40625	62.7482352941176	-841.319999999996	
42481.4166666667	63.422	-978.480000000006	
42481.4270833333	64.412	-1256.04	
42481.4375	65.402	-1307.88	
42481.4479166667	66.392	-1089.72	
42481.4583333333	66.723125	-1173.96	
42481.46875	66.30125	-1313.27999999999	
42481.4791666667	65.8271428571429	-1167.00479999999	
42481.4895833333	65.2485714285714	-1196.55359999999	
42481.5	65.171	-1134.17280000001	
42481.5104166667	65.666	-962.668800000006	
42481.5208333333	66.161	-1168.55999999999	
42481.53125	66.656	-1086.48	
42481.5416666667	66.92	-800.28	
42481.5520833333	66.92	-835.920000000001	
42481.5625	68	-903.571200000003	
42481.5729166667	69.995652173913	-607.219200000003	
42481.5833333333	71.291	-521.251200000004	
42481.59375	71.786	-820.454399999988	
42481.6041666667	72.281	-623.980800000013	
42481.6145833333	72.776	-472.305600000015	
42481.625	73.502	-835.5312	
42481.6354166667	74.492	-695.779199999996	
42481.6458333333	75.482	-714.225600000004	
42481.65625	76.472	-981.763200000005	
42481.6666666667	77.126	-804.038399999995	
42481.6770833333	77.396	-750.124799999995	
42481.6875	77.666	-718.156799999993	
42481.6979166667	77.936	-690.119999999995	
42482.375	67.508	-418.52160000001	
42482.3854166667	68.768	-942.840000000005	
42482.3958333333	70.028	-642.643200000012	
42482.40625	71.288	-731.160000000007	
42482.4166666667	72.422	-1456.35839999999	
42482.4270833333	73.412	-929.620799999999	
42482.4375	74.402	-680.399999999995	
42482.4479166667	75.392	-901.756799999995	
42482.4583333333	76.172	-452.519999999997	
42482.46875	76.712	-677.764800000003	
42482.4791666667	77.252	-794.059200000005	
42482.4895833333	77.792	-381.239999999994	
42482.5	78.08	-403.919999999995	
42482.5104166667	78.08	-794.880000000005	
42482.5208333333	78.08	-726.840000000002	
42482.53125	78.08	-930.959999999994	
42482.5416666667	78.185	-306.028800000002	
42482.5520833333	78.41	-488.159999999998	
42482.5625	78.635	-286.200000000001	
42482.5729166667	78.86	-433.079999999996	
42482.5833333333	79.106	-358.559999999993	
42482.59375	79.376	-194.140800000017	
42482.6041666667	79.646	-60.7392000000027	
42482.6145833333	79.916	-258.508800000005	
42482.625	80.06	-70.5887999999982	
42482.6354166667	80.06	-551.491199999995	
42482.6458333333	80.06	-449.279999999997	
42482.65625	80.06	-732.067200000004	
42482.6666666667	80.06	-365.039999999993	
42482.6770833333	80.06	-285.119999999995	
42482.6875	80.06	-528.076799999991	
42482.6979166667	80.06	-601.603200000016	
42485.375	71.291	-203.731199999992	
42485.3854166667	71.786	-484.142399999997	
42485.3958333333	72.281	-874.972800000011	
42485.40625	72.776	-517.319999999999	
42485.4166666667	73.04	-1078.3584	
42485.4270833333	73.8064516129032	-1274.14080000002	
42485.4375	74.7645161290323	-510.839999999999	
42485.4479166667	75.541052631579	-780.839999999999	
42485.4583333333	75.92	-774.359999999999	
42485.46875	77.144	-647.135999999996	
42485.4791666667	78.08	-784.079999999999	
42485.4895833333	78.08	-464.140800000017	
42485.5	78.56	-584.32320000001	
42485.5104166667	79.5885714285714	-859.680000000007	
42485.5208333333	80.6171428571429	-422.582399999994	
42485.53125	80.96	-1098.3168	
42485.5416666667	81.191	-520.559999999999	
42485.5520833333	81.686	-489.240000000003	
42485.5625	82.181	-548.726400000007	
42485.5729166667	82.676	-576.720000000007	
42485.5833333333	83.297	-725.759999999997	
42485.59375	84.062	-75.5999999999926	
42485.6041666667	84.827	63.7631999999957	
42485.6145833333	85.592	-717.768000000008	
42485.625	86.126	-239.932800000003	
42485.6354166667	86.396	-804.383999999998	
42485.6458333333	86.666	-422.8416	
42485.65625	86.936	-525.225600000007	
42485.6666666667	87.08	-638.236799999995	
42485.6770833333	87.08	-635.039999999993	
42485.6875	87.08	-544.017600000001	
42485.6979166667	87.08	-505.526400000001	
42486.375	74.066	-1048.68	
42486.3854166667	74.336	-1086.48	
42486.3958333333	74.606	-731.160000000007	
42486.40625	74.876	-953.596799999997	
42486.4166666667	75.125	-1000.08	
42486.4270833333	75.35	-1074.6	
42486.4375	75.575	-1100.52000000001	
42486.4479166667	75.8	-631.843200000007	
42486.4583333333	76.172	-524.880000000005	
42486.46875	76.712	-570.240000000006	
42486.4791666667	77.252	-654.479999999994	
42486.4895833333	77.792	-551.188800000006	
42486.5	78.4832	-545.184000000003	
42486.5104166667	79.3472	-116.208000000005	
42486.5208333333	80.2112	-277.775999999997	
42486.53125	81.3714285714286	-424.267199999992	
42486.5416666667	82.04	-362.016	
42486.5520833333	81.268	-335.836799999994	
42486.5625	81.928	-103.463999999997	
42486.5729166667	82.588	61.3440000000105	
42486.5833333333	83.171	13.3056000000028	
42486.59375	83.666	41.5583999999922	
42486.6041666667	84.161	-89.5967999999846	
42486.6145833333	84.656	69.4223999999963	
42486.625	84.92	-498.528000000005	
42486.6354166667	84.92	-292.031999999995	
42486.6458333333	84.92	-206.236800000004	
42486.65625	84.92	-200.188800000003	
42486.6666666667	84.92	-133.142399999994	
42486.6770833333	84.92	-191.375999999999	
42486.6875	84.92	300.067199999997	
42486.6979166667	84.92	181.785600000009	
42487.375	67.277	-437.57280000001	
42487.3854166667	68.042	-827.280000000006	
42487.3958333333	68.807	-573.480000000006	
42487.40625	69.572	-612.359999999993	
42487.4166666667	70.211	-260.582400000004	
42487.4270833333	70.706	-1158.96959999999	
42487.4375	71.201	-461.375999999999	
42487.4479166667	71.696	-703.944000000009	
42487.4583333333	72.422	-687.139200000001	
42487.46875	73.412	-650.721599999998	
42487.4791666667	74.402	-213.667199999999	
42487.4895833333	75.392	-616.420799999992	
42487.5	76.172	-660.614399999992	
42487.5104166667	76.712	-742.608000000004	
42487.5208333333	77.252	-560.520000000006	
42487.53125	77.792	-743.731199999992	
42487.5416666667	78.311	-531.791999999988	
42487.5520833333	78.806	-574.300800000006	
42487.5625	79.301	-711.503999999999	
42487.5729166667	79.796	-501.033600000002	
42487.5833333333	80.291	-612.230399999997	
42487.59375	80.786	-85.1040000000012	
42487.6041666667	81.281	-466.128000000003	
42487.6145833333	81.776	-612.359999999993	
42487.625	82.145	-737.337600000004	
42487.6354166667	82.37	-774.359999999999	
42487.6458333333	82.595	-586.440000000007	
42487.65625	82.82	-434.160000000001	
42487.6666666667	82.94	-909.359999999999	
42487.6770833333	82.94	-301.665600000014	
42487.6875	82.94	-664.199999999994	
42487.6979166667	82.94	-635.039999999993	
42488.375	70.337	-895.449599999988	
42488.3854166667	71.102	-1332.5904	
42488.3958333333	71.867	-1369.22400000001	
42488.40625	72.632	-604.454399999985	
42488.4166666667	73.81	-1003.4064	
42488.4270833333	75.3114285714286	-666.403200000003	
42488.4375	76.4042857142857	-480.686400000005	
42488.4479166667	77.4971428571429	-535.031999999989	
42488.4583333333	78.542	-735.609599999992	
42488.46875	79.532	-347.241600000007	
42488.4791666667	80.522	-99.4463999999954	
42488.4895833333	81.512	-472.003200000011	
42488.5	82.271	-94.1759999999954	
42488.5104166667	82.766	-534.556799999991	
42488.5208333333	83.261	196.300800000012	
42488.53125	83.756	-426.124799999998	
42488.5416666667	84.251	-567.43199999999	
42488.5520833333	84.746	-116.640000000004	
42488.5625	85.241	-96.0767999999848	
42488.5729166667	85.736	460.512000000001	
42488.5833333333	86.126	-663.379199999995	
42488.59375	86.396	-223.689599999988	
42488.6041666667	86.666	-1008.07199999999	
42488.6145833333	86.936	-242.611199999993	
42488.625	87.08	279.935999999992	
42488.6354166667	87.08	384.134399999992	
42488.6458333333	87.08	-334.368000000003	
42488.65625	87.08	-60.4799999999972	
42488.6666666667	87.08	346.982400000002	
42488.6770833333	87.08	-61.084800000005	
42488.6875	87.08	-103.895999999996	
42488.6979166667	87.08	249.004799999997	
42489.375	77.231	-439.819199999986	
42489.3854166667	77.726	-704.592	
42489.3958333333	78.221	-417.311999999994	
42489.40625	78.716	-150.768000000002	
42489.4166666667	78.98	109.4688	
42489.4270833333	80.06	-245.375999999996	
42489.4375	80.3511764705882	-230.94719999999	
42489.4479166667	80.7482352941176	-90.5471999999946	
42489.4583333333	81.6472727272727	-748.396799999984	
42489.46875	82.9254054054054	-301.104000000004	
42489.4791666667	82.7064864864865	-409.579200000011	
42489.4895833333	82.4875675675676	-443.1024	
42489.5	82.94	-779.155200000001	
42489.5104166667	82.94	-982.281600000001	
42489.5208333333	82.94	-626.054399999996	
42489.53125	82.94	-540.863999999983	
42489.5416666667	83.2686956521739	-444.571200000006	
42489.5520833333	83.9730434782609	-480.599999999993	
42489.5625	84.02	-519.436800000011	
42489.5729166667	84.02	-337.56479999999	
42489.5833333333	84.251	-833.716799999992	
42489.59375	84.746	-1178.32320000001	
42489.6041666667	85.241	-1331.98560000001	
42489.6145833333	85.736	-657.676799999996	
42489.625	85.769	-661.391999999993	
42489.6354166667	85.274	-1249.4304	
42489.6458333333	84.779	-716.385599999999	
42489.65625	84.284	-1010.31840000001	
42489.6666666667	83.8625	-447.983999999984	
42489.6770833333	83.525	-321.062400000001	
42489.6875	83.1875	-217.814399999996	
42489.6979166667	82.64	-615.599999999993	
