Date	AHU21MixedAirTemp	AHU21SupplyAirTemp	OptimalSupplyAirTempEx2	OptimalSupplyAirTempEx3	OptimalSupplyAirTempEx3RoomTemps	OptimalSupplyAirTempEx2RoomTemps	MinimumDischargeTempforAHU21	
42681	69.94	59.76	63.25	65.375	66	65.125	68.25
42681.0104166667	69.97	58.53	63.125	65.375	66	64.75	68.5
42681.0208333333	69.86	57.97	63.125	65.5	66.25	64.875	68.5
42681.03125	69.87	59.78	61.875	64.875	65.75	64	68.125
42681.0416666667	69.91	60.14	62.125	65	65.875	64.25	68.125
42681.0520833333	69.86	57.77	62.375	65.125	66.125	64.875	68
42681.0625	69.85	59.53	63.125	65.625	66.375	65.125	68.25
42681.0729166667	69.83	60.26	63	65.5	66.375	65.25	68
42681.0833333333	69.8	57.64	62.625	65.125	66.125	64.875	67.875
42681.09375	69.79	59.45	62.5	65	66.125	64.875	67.75
42681.1041666667	69.78	60.69	62.75	65.25	66.125	65	67.875
42681.1145833333	69.77	57.86	63.125	65.375	66.25	65.125	68
42681.125	69.74	58.45	63.125	65.375	66	64.75	68
42681.1354166667	69.74	60.76	63.125	65.375	66.125	65	68
42681.1458333333	69.76	58.41	62.875	65.125	65.875	64.75	68
42681.15625	69.73	57.95	63	65.25	65.875	64.625	68
42681.1666666667	69.7	59.7	63.5	65.5	66.125	64.875	68.25
42681.1770833333	69.72	60.24	63.125	65.375	66.25	65.125	68
42681.1875	69.78	58.17	63.125	65.375	66.125	65	68
42681.1979166667	69.83	57.97	63.25	65.375	66.25	65.125	68
42681.2083333333	69.87	60.12	63.75	65.75	66.5	65.375	68.25
42681.21875	70	58.97	63.5	65.625	66.625	66	68.125
42681.2291666667	70.02	57.94	63.125	65.375	66.25	65.125	68
42681.2395833333	69.91	59.18	63.125	65.375	66.375	65.5	68
42681.25	69.92	59.57	63	65.375	66.375	65.5	68
42681.2604166667	69.95	59.8	63.5	65.75	66.625	65.5	68.125
42681.2708333333	69.92	58.96	63	65.5	66.5	65.625	68
42681.28125	69.94	58.52	63.5	65.75	66.75	65.75	68.25
42681.2916666667	70.02	58.34	63.875	66.125	67	66.125	68.5
42681.3020833333	70.09	58.94	63.375	65.875	66.75	65.5	68.5
42681.3125	70.04	59.31	63.25	65.875	67.125	66.25	68.5
42681.3229166667	69.66	58.62	63.125	65.625	67	65.875	68.5
42681.3333333333	69.95	58.92	62.375	64.375	66.25	64.625	68.25
42681.34375	70.14	59.07	62.375	63.875	66.125	64.75	68.25
42681.3541666667	70.47	59.91	58.125	60.375	64.375	63	67
42681.3645833333	70.74	58.95	56.5	59.125	64	63.125	66.5
42681.375	70.92	59	54.875	58.875	63.875	63.125	66
42681.3854166667	71.06	58.97	53.5	54.875	62.75	62.375	63.75
42681.3958333333	71.04	55.47	52.875	52.875	61.125	60.625	61.625
42681.40625	70.85	54.37	53.625	53.75	60.125	59.375	60.125
42681.4166666667	70.66	54.11	53.625	53.625	57.5	57	57.5
42681.4270833333	70.71	58.37	50	50	56	55.25	56
42681.4375	70.86	59.61	52.375	52.375	56.5	56.5	56.5
42681.4479166667	70.74	51.77	54.875	54.875	56.375	56.375	56.375
42681.4583333333	70.42	49.62	56.125	56.125	56.75	56.375	56.75
42681.46875	70.27	48.53	56.125	56.125	56.75	55	56.75
42681.4791666667	70.39	57.79	55.5	55.5	55.5	54.5	55.5
42681.4895833333	70.67	60.06	55.5	55.5	55.5	55.5	55.5
42681.5	70.79	56.9	55.25	55.25	55.25	55.25	55.25
42681.5104166667	70.65	52.87	53.75	53.75	53.75	53.75	53.75
42681.5208333333	70.52	52.49	53.75	53.75	53.75	53.625	53.75
42681.53125	70.71	59.01	53.625	53.625	53.625	53.625	53.625
42681.5416666667	70.99	60.31	53.5	53.5	53.5	53.5	53.5
42681.5520833333	71.04	54.13	53.5	53.5	53.5	53.5	53.5
42681.5625	70.73	50.27	53	53	53	53	53
42681.5729166667	70.58	49.59	52.75	52.75	52.75	52.75	52.75
42681.5833333333	70.51	50.5	52.5	52.5	52.5	52.5	52.5
42681.59375	70.52	55.07	52.5	52.5	52.5	52.5	52.5
42681.6041666667	70.69	55.64	52.5	52.5	52.5	52.5	52.5
42681.6145833333	70.65	51.04	53	53	53	53	53
42681.625	nan	nan	53	53	nan	nan	53
42681.6354166667	nan	nan	53	53	nan	nan	53
42681.6458333333	nan	nan	52.75	52.75	nan	nan	52.75
42681.65625	nan	nan	53	53	nan	nan	53
42681.6666666667	nan	nan	53	53	nan	nan	53
42681.6770833333	nan	nan	53.25	53.25	nan	nan	53.25
42681.6875	nan	nan	53.5	53.5	nan	nan	53.5
42681.6979166667	nan	nan	53.5	53.5	nan	nan	53.5
42681.7083333333	nan	nan	53.375	53.375	nan	nan	53.375
42681.71875	nan	nan	53.625	53.625	nan	nan	54.5
42681.7291666667	nan	nan	54.25	54.25	nan	nan	55.125
42681.7395833333	nan	nan	54.875	54.875	nan	nan	55.75
42681.75	nan	nan	54.875	55	nan	nan	59.125
42681.7604166667	nan	nan	56.125	56.25	nan	nan	61.5
42681.7708333333	nan	nan	58.625	58.875	nan	nan	64.5
42681.78125	nan	nan	61.125	61.25	nan	nan	66
42681.7916666667	nan	nan	62.375	62.375	nan	nan	66.125
42681.8020833333	nan	nan	61.125	61.25	nan	nan	66
42681.8125	nan	nan	59.875	60.125	nan	nan	66
42681.8229166667	nan	nan	61.125	61.25	nan	nan	66
42681.8333333333	nan	nan	61.75	61.875	nan	nan	65.875
42681.84375	nan	nan	61.75	61.875	nan	nan	66.5
42681.8541666667	nan	nan	63.625	63.625	nan	nan	66.5
42681.8645833333	nan	nan	63.625	63.625	nan	nan	66.625
42681.875	nan	nan	61.75	61.875	nan	nan	66.375
42681.8854166667	nan	nan	62.375	62.5	nan	nan	66.5
42681.8958333333	nan	nan	62.375	62.5	nan	nan	66.5
42681.90625	nan	nan	62.375	63	nan	nan	66.625
42681.9166666667	nan	nan	62.375	62.875	nan	nan	66.5
42681.9270833333	nan	nan	62.375	62.75	nan	nan	66.5
42681.9375	nan	nan	63	63.125	nan	nan	66.5
42681.9479166667	nan	nan	62.375	63.25	nan	nan	66.875
42681.9583333333	nan	nan	61.25	64.625	nan	nan	67.625
42681.96875	nan	nan	62	64.875	nan	nan	67.875
42681.9791666667	nan	nan	62.125	65	nan	nan	67.75
42681.9895833333	nan	nan	62.5	64.75	nan	nan	67.5
42682	69.84	59.11	62.5	65.125	66.375	65.125	67.75
42682.0104166667	69.83	59.25	62.5	65.125	66.5	65.5	67.75
42682.0208333333	69.81	59.22	62.625	65.25	66.5	65.375	67.875
42682.03125	69.75	59.19	63.25	65.625	66.75	65.75	68.125
42682.0416666667	69.81	59.11	62.5	65.25	66.375	65.25	68
42682.0520833333	69.81	59.17	61.875	64.875	66.125	64.625	67.75
42682.0625	69.73	58.97	62.125	64.875	66.125	64.875	67.75
42682.0729166667	69.66	58.54	61.875	64.75	65.875	64.625	67.625
42682.0833333333	69.75	58.36	62.5	65.125	66.125	64.875	67.875
42682.09375	69.62	58.49	62.125	64.875	65.875	64.5	67.5
42682.1041666667	69.66	59.12	62.125	64.875	66.125	64.875	67.5
42682.1145833333	69.62	59.57	62.125	64.75	65.875	64.625	67.5
42682.125	69.6	59.21	63.5	65.75	66.375	65	68.25
42682.1354166667	nan	58.74	63.375	65.625	66.375	65	68.25
42682.1458333333	69.52	58.74	63.375	65.875	66.5	64.875	68.5
42682.15625	69.54	58.49	63.125	65.625	66.375	64.5	68.5
42682.1666666667	69.48	59.02	62.75	65.5	66.25	64.25	68.375
42682.1770833333	69.49	59.61	63.125	65.625	66.375	64.5	68.5
42682.1875	69.62	59.66	63.125	65.625	66.375	64.5	68.5
42682.1979166667	69.56	58.91	63.125	65.625	66.5	64.875	68.5
42682.2083333333	69.64	58.65	63.125	65.75	66.375	64.625	68.5
42682.21875	69.52	58.59	64.5	66.5	67	65.75	68.875
42682.2291666667	69.52	58.61	64	66.125	66.625	65.25	68.625
42682.2395833333	69.52	59.7	63.625	65.875	66.5	65	68.5
42682.25	69.45	59.81	63.875	66	66.625	65.25	68.5
42682.2604166667	69.57	57.66	64.375	66.375	66.75	65.5	68.75
42682.2708333333	69.46	59.32	63.875	66.125	66.75	65.375	68.5
42682.28125	69.6	60.95	62.875	65.625	66.625	64.875	68.25
42682.2916666667	69.57	57.37	61.5	65	66.125	64.125	68
42682.3020833333	69.61	60.99	61.5	64.625	65.75	63.25	68
42682.3125	69.7	58.02	61.5	64.5	65.75	63.5	68
42682.3229166667	69.62	57.63	56.875	61.875	64.5	62.625	66.625
42682.3333333333	70.09	61.42	52.5	59	63	61.375	64.75
42682.34375	70.19	57.83	51	55.5	61.5	60	63
42682.3541666667	70.41	59.72	52.25	53	60.25	58.75	62.25
42682.3645833333	70.65	60.43	52.25	52.25	59.25	58.5	60.5
42682.375	70.77	58.26	52.875	52.875	58.375	57.125	58.375
42682.3854166667	70.86	58.76	51.625	51.625	55.625	55.375	55.625
42682.3958333333	70.77	50.91	50	50	56.75	56.75	56.75
42682.40625	70.6	49.88	50	50	57.125	55.125	57.25
42682.4166666667	70.47	49.82	50.375	50.375	58.25	56	58.5
42682.4270833333	70.42	50.49	51	51	58.125	55.875	58.5
42682.4375	70.53	58.26	51	51	58.5	56.75	58.5
42682.4479166667	70.78	59.79	52.25	52.25	58.25	57.25	58.25
42682.4583333333	70.85	60.24	51	51	58	56.875	58
42682.46875	70.99	59.19	50	50	57.5	57.5	57.5
42682.4791666667	71.04	55.58	51	51	56.625	56.625	56.625
42682.4895833333	70.86	51.31	51.625	51.625	56.125	56.125	56.125
42682.5	70.59	49.04	53.625	53.625	55.75	53.375	55.75
42682.5104166667	70.61	56.67	53.625	53.625	56.125	53.625	56.125
42682.5208333333	70.86	59.74	54.875	54.875	56.5	56.5	56.5
42682.53125	70.97	56.29	54.875	54.875	55.75	55.75	55.75
42682.5416666667	70.82	51.84	53.625	53.625	55.5	55.5	55.5
42682.5520833333	70.67	50.26	54.25	54.25	54.25	53.625	54.25
42682.5625	70.59	50.48	54	54	54	53.875	54
42682.5729166667	70.71	54.14	53.75	53.75	53.75	53.625	53.75
42682.5833333333	70.69	50.59	53.5	53.5	53.5	52.625	53.5
42682.59375	70.61	49.84	53.5	53.5	53.5	52.375	53.5
42682.6041666667	70.59	49.49	53.375	53.375	53.375	53	53.375
42682.6145833333	70.57	50.84	53.5	53.5	53.5	52	53.5
42682.625	70.61	51.69	53.75	53.75	53.75	53.75	53.75
42682.6354166667	70.86	50.42	54	54	54	54	54
42682.6458333333	71.29	49.89	54.25	54.25	54.25	53.375	54.25
42682.65625	70.51	49.56	54.125	54.125	54.125	53.5	54.125
42682.6666666667	70.52	49.35	53.625	53.625	55	53.25	55
42682.6770833333	70.4	49.56	54.25	54.25	55.125	53.625	55.125
42682.6875	70.32	49.87	53.625	53.625	55	53.375	55
42682.6979166667	70.28	50.02	53.625	53.625	55.25	53.125	55.25
42682.7083333333	70.27	49.96	54.25	54.25	56	54.75	56
42682.71875	70.27	51.16	54.875	54.875	57.625	54.125	57.875
42682.7291666667	70.32	55.94	54.875	55	59.75	57.875	59.75
42682.7395833333	70.59	60.1	54.875	55	59.625	58.875	59.625
42682.75	70.72	58.44	57.5	60.625	64.25	63.75	64.625
42682.7604166667	70.66	55.12	58.75	60.75	64.5	63.875	64.75
42682.7708333333	70.48	52.42	58.625	59.25	64	62.375	64.75
42682.78125	70.31	56.2	59.875	60	64.25	62.375	64.75
42682.7916666667	70.51	60.29	58.625	58.875	64.125	62.25	64.75
42682.8020833333	70.56	58.93	58.625	60.25	64.875	63.5	65.625
42682.8125	70.58	58.91	59.25	61	65.5	64.5	66
42682.8229166667	70.51	58.75	59.875	61	65.625	64.625	66
42682.8333333333	70.56	58.95	61.125	61.25	65.5	64.625	65.5
42682.84375	70.54	58.02	59.875	60.75	65.25	64.125	65.5
42682.8541666667	70.53	57.69	59.875	60	64.625	63.5	64.75
42682.8645833333	nan	nan	59.875	60	64.75	63.375	64.75
42682.875	nan	nan	62.375	62.375	nan	nan	65
42682.8854166667	nan	nan	61.75	61.75	nan	nan	65
42682.8958333333	nan	nan	60.5	60.625	nan	nan	65.875
42682.90625	nan	nan	59.875	61.625	nan	nan	66.125
42682.9166666667	nan	nan	59.875	61.875	nan	nan	66.125
42682.9270833333	nan	nan	60	62.5	nan	nan	66.25
42682.9375	nan	nan	60	62.25	nan	nan	66.25
42682.9479166667	nan	nan	58.75	62.625	nan	nan	66.25
42682.9583333333	nan	nan	58.75	63	nan	nan	66.5
42682.96875	nan	nan	58.125	62.75	nan	nan	66.25
42682.9791666667	nan	nan	57.625	62.625	nan	nan	66.25
42682.9895833333	nan	nan	57.625	62.625	nan	nan	66.25
42683	70.02	59.59	57.875	62.75	65.375	64	66.25
42683.0104166667	70	59.6	nan	nan	nan	nan	nan
42683.0208333333	70.01	58.74	59	63.5	65.625	64.125	67.25
42683.03125	69.95	58.37	60.625	63.5	65.875	64.5	67
42683.0416666667	69.92	58.58	60	63.5	65.75	64.5	67
42683.0520833333	69.89	59.41	60	63.75	65.875	64.5	67
42683.0625	69.87	59.58	59.875	63.75	65.75	64.625	67
42683.0729166667	69.85	59.06	60.625	64.125	65.875	64.75	67.25
42683.0833333333	69.77	58.39	61.5	64.5	65.875	64.625	67.5
42683.09375	69.82	58.25	62	64.75	66.125	65.25	67.625
42683.1041666667	69.79	59.48	62.125	64.875	66.125	65	67.625
42683.1145833333	69.74	59.69	61.5	64.5	66.125	65.25	67.25
42683.125	69.81	58.8	61.5	64.5	66	65.125	67.25
42683.1354166667	nan	59.82	62.25	64.875	66.375	65.5	67.5
42683.1458333333	69.77	59.82	62	64.625	66	65.125	67.5
42683.15625	69.64	59.98	62.125	64.625	65.875	64.875	67.5
42683.1666666667	69.74	58.16	62.25	64.75	66	65.125	67.5
42683.1770833333	69.67	57.87	62.375	64.875	66.25	65.5	67.5
42683.1875	69.66	59.9	62.375	64.875	66.125	65.25	67.5
42683.1979166667	69.72	59.87	62.125	64.75	66.25	65.375	67.5
42683.2083333333	69.77	58.32	62.375	65	66.25	65.375	67.75
42683.21875	69.74	58.07	62.875	65.25	66.25	65.25	67.875
42683.2291666667	69.69	60.32	62.875	65.125	66.125	65.125	67.875
42683.2395833333	69.69	58.34	63.125	65.375	66.125	65.125	68
42683.25	69.71	58.01	62.875	65.125	66.25	65.25	67.875
42683.2604166667	69.72	59.38	62.375	65.125	66.25	65	67.875
42683.2708333333	69.69	59.84	62.25	65.125	66.375	65.125	67.875
42683.28125	69.67	59.07	62.25	65.375	66.375	64.875	68.125
42683.2916666667	69.84	58.07	61.75	65.125	66.5	65.25	68
42683.3020833333	69.8	59.24	60.625	64.5	66.125	64.875	67.75
42683.3125	69.91	60.29	60.25	63.375	65.625	64	67.625
42683.3229166667	70.06	57.38	57.875	61.75	65.125	63.75	66.875
42683.3333333333	70.34	59.96	57.75	61.25	64.375	62.75	66.875
42683.34375	70.48	58.69	56.5	60.25	64.25	63.25	66.5
42683.3541666667	70.74	58.94	53.5	55	62.625	61.375	64.5
42683.3645833333	70.85	59.69	52.25	52.25	61.375	60.125	62.625
42683.375	71	59.11	51	51	60	58.75	61.25
42683.3854166667	70.97	54.93	51	51	59.125	58.125	59.625
42683.3958333333	70.72	50.32	51	51	57.5	55.625	57.5
42683.40625	70.53	49.6	50.5	50.625	58	55.875	58
42683.4166666667	70.37	48.64	53.625	53.625	58.375	55.25	59
42683.4270833333	70.31	48.59	54.875	54.875	57.375	55.25	57.375
42683.4375	70.19	50.77	53.625	53.625	55.75	54.875	55.75
42683.4479166667	70.44	58.81	50	50	56	53.75	56
42683.4583333333	70.67	60.57	50.375	50.375	57	56.875	57
42683.46875	70.77	58.97	50	50	58.25	58.25	58.25
42683.4791666667	70.86	57.59	54.875	54.875	59	59	59
42683.4895833333	70.73	53	56.125	56.125	58	58	58
42683.5	70.49	51.6	54.875	54.875	56	56	56
42683.5104166667	70.36	50.42	53.75	53.75	53.75	53.75	53.75
42683.5208333333	70.39	56.77	53.75	53.75	53.75	53.75	53.75
42683.53125	70.67	60.13	53.5	53.5	53.5	53.5	53.5
42683.5416666667	70.79	54.99	53.25	53.25	53.25	53.25	53.25
42683.5520833333	70.52	49.68	53.25	53.25	53.25	53.25	53.25
42683.5625	70.41	49.32	54.25	54.25	54.25	53.75	54.25
42683.5729166667	70.37	51.98	54.375	54.375	54.375	54.375	54.375
42683.5833333333	70.42	56.77	50	50	55.5	54.5	55.5
42683.59375	70.77	60.28	50	50	55.25	55.25	55.25
42683.6041666667	70.81	52.06	53.625	53.625	55.25	55.25	55.25
42683.6145833333	70.61	49.9	54.875	54.875	55	55	55
42683.625	70.52	49.2	54.25	54.25	54.5	54.5	54.5
42683.6354166667	70.41	52.75	53.75	53.75	53.75	53.75	53.75
42683.6458333333	70.59	58.31	53.75	53.75	53.75	53.75	53.75
42683.65625	70.83	60.06	53.75	53.75	53.75	53.75	53.75
42683.6666666667	70.92	54.27	53.75	53.75	53.75	53.75	53.75
42683.6770833333	70.72	50.24	53.625	53.625	54	54	54
42683.6875	70.53	49.36	54.5	54.5	54.5	53.5	54.5
42683.6979166667	70.39	49.16	55	55	55	53.5	55
42683.7083333333	70.42	52.49	54.875	54.875	55.5	54.625	55.5
42683.71875	70.52	56.11	53.625	53.75	58	57.875	58
42683.7291666667	70.66	56.99	53.625	53.75	58.875	58.875	58.875
42683.7395833333	70.56	51.06	53.625	54.75	60.25	60.25	60.25
42683.75	70.29	49.78	53.625	54	59.875	58.375	60
42683.7604166667	70.21	50.51	53.75	57.375	61.625	59.625	62.5
42683.7708333333	70.24	56.81	58.75	61.875	64.875	63.875	65.5
42683.78125	70.39	59.87	58.75	62.25	65.125	64.25	66
42683.7916666667	70.42	59.18	59.375	61.375	65.25	64	66.125
42683.8020833333	70.47	57.02	58.75	61.125	65.125	63.875	66
42683.8125	70.28	54.13	59.875	60.5	64.875	63.25	66
42683.8229166667	70	53.91	60.5	61.375	65.375	63.625	66.375
42683.8333333333	70.13	56.86	61.125	62.125	65.75	64.125	66.5
42683.84375	70.21	60.49	61.125	62.125	65.75	64.375	66.25
42683.8541666667	70.25	58.51	60	62.75	66	65.125	66.375
42683.8645833333	nan	nan	58.75	62.5	65.75	64.875	66.25
42683.875	nan	nan	58.75	62.25	nan	nan	66.125
42683.8854166667	nan	nan	58.75	62.5	nan	nan	66.375
42683.8958333333	nan	nan	58.75	62.625	nan	nan	66.5
42683.90625	nan	nan	57.5	62.375	nan	nan	66.5
42683.9166666667	nan	nan	58.375	63	nan	nan	66.5
42683.9270833333	nan	nan	59.25	63.375	nan	nan	66.625
42683.9375	nan	nan	60.25	63.875	nan	nan	66.875
42683.9479166667	nan	nan	60.5	63.875	nan	nan	67
42683.9583333333	nan	nan	61.125	64.25	nan	nan	67.25
42683.96875	nan	nan	61.25	64.375	nan	nan	67.375
42683.9791666667	nan	nan	61	64.125	nan	nan	67.25
42683.9895833333	nan	nan	61.5	64.375	nan	nan	67.375
42684	70.07	59.47	62.875	64.75	66.125	66	67.25
42684.0104166667	69.94	58.07	nan	nan	nan	nan	nan
42684.0208333333	69.99	58.26	62.375	62.375	65.625	63.75	66.5
42684.03125	69.82	59.19	60	62.25	66	64.5	66.875
42684.0416666667	69.95	59.22	60	64	66.5	65.5	67.375
42684.0520833333	69.85	59.11	60	63.875	66.625	65.75	67.25
42684.0625	69.92	59.1	60.625	64.375	66.75	66	67.5
42684.0729166667	69.85	59.53	60.75	64.375	66.625	66	67.25
42684.0833333333	69.84	59.17	63.25	65	66.375	66.25	67.25
42684.09375	69.91	58.32	63.25	65.125	66.375	66.25	67.375
42684.1041666667	69.79	58.2	63.25	65.125	66.5	66.25	67.5
42684.1145833333	69.91	59.77	63.25	65.125	66.5	66.25	67.5
42684.125	69.79	59.82	63.5	65.25	66.75	66.625	67.5
42684.1354166667	69.84	58.77	63.25	65	66.375	66.25	67.375
42684.1458333333	69.72	58.52	62.875	64.75	66.125	66	67.25
42684.15625	69.74	58.67	62.625	64.625	66	65.75	67.125
42684.1666666667	69.83	58.51	63	64.875	66.25	66	67.375
42684.1770833333	69.67	59.06	63	65	66.25	65.875	67.5
42684.1875	69.72	59.11	63.25	65.25	66.375	65.875	67.75
42684.1979166667	69.76	59.16	63.625	65.5	66.5	65.875	68
42684.2083333333	69.6	59.32	63.75	65.75	67	66.625	68
42684.21875	69.7	59.13	64	65.875	67.125	66.75	68
42684.2291666667	69.64	59.12	63.5	65.5	66.75	66.25	67.75
42684.2395833333	69.58	58.94	62.5	64.625	65.875	65.375	67.25
42684.25	69.53	58.95	64.125	65.375	66.375	66.25	67.5
42684.2604166667	69.49	58.85	63.375	64.875	66	65.75	67
42684.2708333333	69.46	58.9	63.25	65.25	66.25	65.625	67.5
42684.28125	69.42	58.94	62.25	64.625	66	65.125	67.25
42684.2916666667	69.41	59.02	62	64.5	65.75	64.75	67.25
42684.3020833333	69.47	59.13	62.25	64.75	65.875	65	67.5
42684.3125	69.61	58.98	61.625	64.5	65.875	65	67.5
42684.3229166667	69.37	58.67	61.75	64.625	66.25	65.625	67.5
42684.3333333333	69.56	59.24	59.75	63.5	65.875	65.375	66.5
42684.34375	69.82	59.36	61.125	64.125	66.125	66	66.5
42684.3541666667	70.03	59.99	60.625	63.875	66.25	66.5	66.5
42684.3645833333	70.28	58.17	60.75	64	66.5	66.5	66.5
42684.375	70.37	58.65	58.5	62.25	65.375	65.375	66
42684.3854166667	70.58	59.65	56.625	60.625	64.75	64.75	65.375
42684.3958333333	70.58	59.21	53.5	59.125	63.875	63.75	64.5
42684.40625	70.82	58.9	53.5	58.75	63.75	64	64.25
42684.4166666667	70.59	55.75	52.25	56.125	62.25	62.125	62.625
42684.4270833333	70.65	58.58	50	54.875	61.75	61.75	61.75
42684.4375	70.86	55.04	52.25	53.75	61.5	61.5	61.5
42684.4479166667	70.62	50.56	52.25	52.5	60.625	59.875	60.75
42684.4583333333	70.28	48.98	50.375	52	60	58.25	60.5
42684.46875	70.26	57.25	50.375	52.5	59.75	57.75	60.875
42684.4791666667	70.48	61.76	54.875	55	61.25	60	61.25
42684.4895833333	70.74	58.49	56.125	56.25	62	60.625	62.25
42684.5	70.83	58.14	56.125	56.25	62.125	60.875	62.25
42684.5104166667	70.71	55.25	55.5	55.625	62	60.125	62.5
42684.5208333333	70.67	55.38	56.125	56.125	60.25	59.125	60.25
42684.53125	70.72	56.77	54.875	55	59.625	59	59.625
42684.5416666667	70.76	54.42	54.875	55	59.5	58.625	59.5
42684.5520833333	70.65	52.44	54.875	54.875	59.75	58.375	59.75
42684.5625	70.47	50.26	56.125	56.125	59.5	57.625	59.5
42684.5729166667	70.37	49.91	54.875	54.875	59.75	58.25	59.75
42684.5833333333	70.37	49.46	55.5	55.5	60.25	57.75	60.25
42684.59375	70.54	56.88	56.125	56.125	61	59.75	61
42684.6041666667	70.7	53.43	56.125	56.25	61.5	60.375	61.5
42684.6145833333	70.69	50.14	57.375	57.5	61.75	59.375	62.5
42684.625	70.49	51.62	56.125	56.125	58.25	55.75	58.25
42684.6354166667	70.52	58.07	54	54	54	54	54
42684.6458333333	70.71	55.13	54.875	54.875	58	58	58
42684.65625	70.53	50.17	57.375	57.375	61.75	60.25	62
42684.6666666667	70.5	49.4	57.375	57.375	59.25	57.25	59.25
42684.6770833333	70.53	53.98	55.25	55.25	55.25	55	55.25
42684.6875	70.58	54.51	55.25	55.25	55.25	55.25	55.25
42684.6979166667	70.44	50.94	55	55	55	55	55
42684.7083333333	70.31	49.75	56	56	56	56	56
42684.71875	70.14	49.71	56.125	56.125	58	55.5	58
42684.7291666667	70.09	53.47	54.875	55	58.875	56.375	59.5
42684.7395833333	70.31	59.2	54.875	55	59.5	58.25	59.5
42684.75	70.52	59.86	54.875	56.375	61.75	60.375	62
42684.7604166667	70.57	58.29	56.25	60.875	64.375	63.75	65
42684.7708333333	70.41	55.94	58.75	62.625	65.375	64.25	66.5
42684.78125	70.26	58.91	59.5	63.375	65.75	65	66.5
42684.7916666667	70.34	59.06	62.375	63	65.875	64.875	66.5
42684.8020833333	70.46	59.12	62.25	62.25	65.625	64.25	66
42684.8125	70.32	58.87	61	61.125	65.75	64.375	66
42684.8229166667	70.17	55.86	59.875	61	65.375	63.75	65.875
42684.8333333333	70.23	54.32	60	62.25	65.625	64.375	66.25
42684.84375	70.32	60.04	60	62.5	65.75	64.5	66.25
42684.8541666667	70.27	59.26	58.75	62.25	65.25	64.125	66.25
42684.8645833333	nan	nan	58.75	62	65.125	64	66
42684.875	nan	nan	58.75	62.375	nan	nan	66.25
42684.8854166667	nan	nan	57.625	62.5	nan	nan	66.375
42684.8958333333	nan	nan	58	62.75	nan	nan	66.5
42684.90625	nan	nan	57.875	62.875	nan	nan	66.5
42684.9166666667	nan	nan	58.75	63.375	nan	nan	66.75
42684.9270833333	nan	nan	60.125	63.75	nan	nan	66.75
42684.9375	nan	nan	60.875	64	nan	nan	67
42684.9479166667	nan	nan	60.875	64	nan	nan	67
42684.9583333333	nan	nan	61.375	64.125	nan	nan	67.125
42684.96875	nan	nan	61.75	64.25	nan	nan	67.125
42684.9791666667	nan	nan	62.125	64.5	nan	nan	67.25
42684.9895833333	nan	nan	61.75	64.25	nan	nan	67
42685	69.94	59.91	62.625	64.75	66.125	65.75	67.25
42685.0104166667	69.99	59.32	nan	nan	nan	nan	nan
42685.0208333333	70.01	58.59	62.375	65.25	66.625	65.75	68.25
42685.03125	69.9	58.44	61.875	65	66.5	65.625	68
42685.0416666667	69.87	58.45	60.75	64.25	66.125	65.125	67.5
42685.0520833333	69.9	59.02	61.25	64.5	66.25	65.375	67.5
42685.0625	69.87	59.09	61.125	64.375	66	64.875	67.5
42685.0729166667	69.86	59.04	62.75	65.125	66.5	65.875	67.5
42685.0833333333	69.81	59.11	63.375	65.375	66.625	66.25	67.5
42685.09375	69.73	58.96	63.75	65.25	66.5	66.5	67.5
42685.1041666667	69.76	59.1	63.375	65	66.25	66.125	67.25
42685.1145833333	69.77	58.99	61.75	64.25	65.75	65.125	67.25
42685.125	69.74	59.07	62	64.5	65.875	65.375	67.375
42685.1354166667	69.72	59.01	62.125	64.5	65.875	65.25	67.375
42685.1458333333	69.71	59.01	62	64.375	65.875	65.125	67.25
42685.15625	69.69	59.03	62.125	64.5	65.75	65.25	67.375
42685.1666666667	69.66	58.84	61.75	64.25	65.625	64.875	67.25
42685.1770833333	69.59	59.03	62.25	64.375	65.75	65.25	67.25
42685.1875	69.54	58.91	62.875	64.875	66	65.5	67.5
42685.1979166667	69.56	58.94	63.375	64.75	66.125	66.125	67
42685.2083333333	69.58	58.87	63.375	65	66.125	65.625	67.5
42685.21875	69.54	58.87	63.125	64.875	66	65.625	67.375
42685.2291666667	69.52	58.99	63.125	65	66	65.625	67.5
42685.2395833333	69.49	58.98	62.875	64.75	65.875	65.5	67.25
42685.25	69.51	59.06	64	65.75	67	66.625	67.75
42685.2604166667	69.56	59.11	63.5	65.25	66.625	66.25	67.375
42685.2708333333	69.49	59.08	63.125	64.75	66.125	66	66.875
42685.28125	69.49	58.97	64	65.375	66.5	66.5	67.25
42685.2916666667	69.45	58.99	64.125	65.375	66.5	66.75	67.25
42685.3020833333	69.45	58.92	64.625	65.625	66.625	66.875	67.5
42685.3125	69.42	58.69	64.375	65.625	66.5	66.5	67.5
42685.3229166667	69.19	61.22	63.75	65.375	66.5	66.375	67.5
42685.3333333333	69.57	57.19	62.875	64.875	66.25	66.25	67
42685.34375	69.72	60.26	62.625	64.875	66.25	66.125	67.25
42685.3541666667	69.97	58.2	60.5	63.625	65.875	65.875	66.5
42685.3645833333	69.95	58.04	56.5	61	64.5	63.5	66.5
42685.375	70.44	61.14	59	61.5	64.25	63.5	67.25
42685.3854166667	70.52	58.01	58.125	60.625	63.75	63	67
42685.3958333333	70.74	58.94	54.875	59.875	64.125	64.125	66
42685.40625	71.04	60.12	51.625	57.25	63	63	64.125
42685.4166666667	71.36	59.19	51	57.25	63.25	63.5	63.75
42685.4270833333	71.47	57.87	54.25	54.375	60.375	60.375	60.375
42685.4375	71.26	52.32	54.875	55	60.375	60.375	60.375
42685.4479166667	70.96	50.8	55	56.75	62.75	62	63.375
42685.4583333333	70.7	49.59	57.375	59	63.75	62.875	64.625
42685.46875	70.49	49.09	57.375	57.375	59.25	58.875	59.25
42685.4791666667	70.44	50.32	56.125	56.125	58.25	56.5	58.25
42685.4895833333	70.58	53.19	56.125	56.125	57.25	56.875	57.25
42685.5	70.71	50.41	56.125	56.125	56.25	56.25	56.25
42685.5104166667	70.76	49.86	56.75	56.75	58.5	58.125	58.5
42685.5208333333	70.59	49.53	57.375	57.375	61.25	60.125	61.25
42685.53125	70.52	51.4	56.125	56.25	61.25	60.5	61.25
42685.5416666667	70.57	52.41	56.75	56.75	59.25	59.25	59.25
42685.5520833333	70.67	50.1	57.375	57.375	58.5	58	58.5
42685.5625	70.82	49.65	56.125	56.125	56.5	56.5	56.5
42685.5729166667	70.7	49.57	55.25	55.25	55.25	55.25	55.25
42685.5833333333	70.81	49.62	55.25	55.25	55.25	55.25	55.25
42685.59375	70.77	50.02	56.75	56.75	57.75	57.75	57.75
42685.6041666667	70.89	50.22	57.375	57.375	59	58.625	59
42685.6145833333	70.87	50.71	57.375	57.375	59.25	59.125	59.25
42685.625	70.9	50.76	58	58.125	62	61.25	63.125
42685.6354166667	70.9	49.99	58.625	58.625	61.875	60.75	62.5
42685.6458333333	70.86	49.66	58.625	58.75	63.25	62	64
42685.65625	70.85	49.53	58	58.125	62.875	61.25	64
42685.6666666667	70.84	49.53	56.125	57.125	62.375	60.625	63.875
42685.6770833333	70.83	50.06	56.125	57.5	62.5	61.375	63.5
42685.6875	70.81	50.01	55.625	58.125	62.625	60.875	64.5
42685.6979166667	70.76	49.95	57.375	57.5	62.5	60.75	64
42685.7083333333	70.69	50.23	56.125	56.25	62.25	60.375	63.375
42685.71875	70.66	50.34	57.375	57.375	60.625	58.625	61.25
42685.7291666667	70.61	50.31	55.5	55.5	59.75	57.75	59.75
42685.7395833333	70.57	50.31	57.375	61.125	63.375	61.625	66.75
42685.75	70.51	50.03	56.125	56.875	62.25	60.75	63
42685.7604166667	70.44	49.99	57.5	60.625	63.875	62.25	65.5
42685.7708333333	70.34	49.96	58.75	60.875	64.5	63	65.5
42685.78125	70.27	52.84	58.75	61.375	65	63.375	65.75
42685.7916666667	70.41	58.68	58.75	61.625	65.125	63.375	66
42685.8020833333	70.48	60.79	58.75	62	65.25	63.875	66.5
42685.8125	70.61	58.74	58.75	61.875	65	63.375	66.5
42685.8229166667	70.3	59.15	58.75	61.75	65.125	63.875	66.5
42685.8333333333	70.41	58.76	58.75	62.5	65.5	64.625	66.5
42685.84375	70.42	58.01	59.25	63.375	66.25	65.75	66.5
42685.8541666667	70.34	59.03	58.875	63.25	66.125	65.5	66.5
42685.8645833333	nan	nan	58.375	63	65.625	64.875	66.625
42685.875	nan	nan	58.5	63.125	nan	nan	66.75
42685.8854166667	nan	nan	58.75	63.25	nan	nan	66.75
42685.8958333333	nan	nan	59.625	63.75	nan	nan	67
42685.90625	nan	nan	60.25	63.875	nan	nan	67
42685.9166666667	nan	nan	60.375	63.875	nan	nan	67
42685.9270833333	nan	nan	60.875	64	nan	nan	67
42685.9375	nan	nan	61.875	64.5	nan	nan	67.25
42685.9479166667	nan	nan	62	64.5	nan	nan	67.25
42685.9583333333	nan	nan	62.125	64.625	nan	nan	67.375
42685.96875	nan	nan	62.25	64.75	nan	nan	67.5
42685.9791666667	nan	nan	62	64.5	nan	nan	67.5
42685.9895833333	nan	nan	61.75	64.375	nan	nan	67.25
