Date	OADryBulbTemperatureNOAA	MaxDamperPositionforContainerAHU23	
42461.9895833333	47.204	37.2	
42461.9791666667	47.699	37.6	
42467.2083333333	48.125	36.8	
42467.2916666667	48.125	36.8	
42467.28125	48.14	36.4	
42461.96875	48.194	37.2	
42467.1979166667	48.284	36.4	
42467.21875	48.35	36.8	
42467.3020833333	48.35	36.4	
42467.2708333333	48.365	36.4	
42467.2291666667	48.575	36.8	
42467.3125	48.575	36.4	
42467.2604166667	48.59	36.4	
42461.9583333333	48.689	37.2	
42467.1875	48.779	37.2	
42467.2395833333	48.8	36.8	
42467.3229166667	48.8	36.4	
42467.25	48.815	36.8	
42461.9166666667	48.92	36.8	
42461.9270833333	48.92	37.2	
42461.9375	48.92	37.6	
42461.9479166667	48.92	36.4	
42461.90625	49.208	38	
42467.1770833333	49.274	36.8	
42461.8958333333	49.748	37.6	
42467.1666666667	49.769	37.2	
42467.3333333333	50.096	37.2	
42464.28125	50.144	36.8	
42464.2916666667	50.231	36.4	
42467.15625	50.264	36.8	
42461.8854166667	50.288	37.2	
42464.2708333333	50.414	36.4	
42464.2604166667	50.684	36.8	
42464.3020833333	50.726	36	
42467.1458333333	50.759	36.8	
42461.875	50.828	35.6	
42464.25	50.954	36.8	
42467.0833333333	51.185	37.2	
42464.2395833333	51.2	36.4	
42464.3125	51.221	36.4	
42467.1354166667	51.254	37.2	
42461.8645833333	51.344	36.8	
42467.09375	51.41	36.8	
42464.2291666667	51.425	37.2	
42467.0729166667	51.464	37.2	
42467.1041666667	51.635	37.2	
42464.21875	51.65	36.4	
42464.3229166667	51.716	36.4	
42467.125	51.749	36.4	
42461.8541666667	51.839	36.8	
42467.1145833333	51.86	36.8	
42464.2083333333	51.875	36.4	
42464.1666666667	51.98	36.4	
42464.1770833333	51.98	36.8	
42464.1875	51.98	36.8	
42464.1979166667	51.98	36	
42465.25	51.98	36.8	
42465.2604166667	51.98	36.4	
42465.2708333333	51.98	36.4	
42465.28125	51.98	36.8	
42465.2916666667	51.98	36.8	
42465.3020833333	51.98	36.8	
42465.3125	51.98	36.8	
42465.3229166667	51.98	36.8	
42467.0625	52.184	36.8	
42464.15625	52.244	36.4	
42465.2395833333	52.244	36.8	
42461.84375	52.334	36.8	
42464.3333333333	52.568	36	
42467.34375	52.616	36	
42465.3333333333	52.673	36.4	
42464.1458333333	52.739	36.8	
42465.2291666667	52.739	36.8	
42461.8333333333	52.829	36.8	
42467.0520833333	52.904	36.8	
42461.7916666667	53.06	36.8	
42461.8020833333	53.06	36.8	
42461.8125	53.06	36.4	
42461.8229166667	53.06	37.2	
42465.21875	53.234	36.8	
42461.78125	53.324	37.2	
42467.0416666667	53.624	36.8	
42464.125	53.729	36.4	
42465.2083333333	53.729	36.8	
42461.7708333333	53.819	37.2	
42464.34375	53.828	37.2	
42464.0833333333	53.96	37.2	
42464.09375	53.96	37.2	
42464.1041666667	53.96	37.2	
42464.1145833333	53.96	36.4	
42461.7083333333	54.086	46.8	
42465.34375	54.158	37.2	
42461.6979166667	54.224	46.8	
42465.1979166667	54.224	36.8	
42461.7604166667	54.314	47.2	
42461.71875	54.356	37.6	
42467.03125	54.368	36.8	
42464.0729166667	54.488	36.8	
42461.7291666667	54.626	40.8	
42461.6875	54.719	46.8	
42465.1875	54.719	36.4	
42461.75	54.809	47.2	
42461.7395833333	54.896	47.2	
42464.3541666667	55.088	36.8	
42467.0208333333	55.133	36.8	
42467.3541666667	55.136	36.8	
42461.6770833333	55.214	47.6	
42465.1770833333	55.214	36	
42475.2395833333	55.4385714285714	37.2	
42464.0625	55.478	36.8	
42475.2291666667	55.5832142857143	37.6	
42465.3541666667	55.643	36.4	
42461.6666666667	55.709	36.8	
42465.1666666667	55.709	36	
42475.21875	55.7278571428571	37.2	
42475.2083333333	55.8725	37.2	
42467.0104166667	55.898	36	
42465.125	55.94	36.8	
42465.1354166667	55.94	36.8	
42465.1458333333	55.94	36.8	
42465.15625	55.94	36.8	
42475.25	55.94	37.6	
42475.3020833333	55.94	36.8	
42475.3125	55.94	36.8	
42475.3229166667	55.94	36.8	
42468.0833333333	56.066	36.4	
42461.65625	56.084	37.2	
42466.1979166667	56.084	36.4	
42475.1979166667	56.084	36	
42475.3333333333	56.0920689655172	36.8	
42465.1145833333	56.204	36.8	
42475.2604166667	56.3194594594595	37.2	
42468.09375	56.336	36	
42461.6458333333	56.354	46.8	
42466.1875	56.354	36	
42475.1875	56.354	36.4	
42466.2083333333	56.36	36.8	
42475.34375	56.4179310344828	37.2	
42464.0520833333	56.468	36.4	
42468.0729166667	56.492	36.4	
42466.25	56.57	36.8	
42468.1041666667	56.606	36	
42461.6354166667	56.624	46.8	
42466.1770833333	56.624	36.4	
42475.1770833333	56.624	36.8	
42467	56.663	36.4	
42465.1041666667	56.699	36.8	
42475.3541666667	56.7437931034483	41.2	
42475.2708333333	56.7572972972973	36.8	
42468.1145833333	56.876	36	
42461.625	56.894	46.8	
42466.1666666667	56.894	36.4	
42475.1666666667	56.894	36.8	
42461.3229166667	57.02	36.8	
42466.2604166667	57.02	36	
42466.2708333333	57.02	36.8	
42466.28125	57.02	36	
42466.2916666667	57.02	36	
42468.125	57.02	36.4	
42468.1458333333	57.02	36.8	
42468.15625	57.02	36	
42475.2916666667	57.02	36.8	
42466.21875	57.0384615384615	36.4	
42475.3645833333	57.0696551724138	39.6	
42466.2291666667	57.1076923076923	36	
42475.28125	57.11	36.8	
42468.1666666667	57.125	36	
42465.3645833333	57.128	39.6	
42466.9895833333	57.14	36.8	
42474.28125	57.14	37.2	
42466.2395833333	57.1769230769231	36.4	
42465.09375	57.194	36.8	
42461.3125	57.2114893617021	36.4	
42475.15625	57.284	36.8	
42468.1770833333	57.35	36.8	
42466.9791666667	57.365	36.8	
42474.2708333333	57.365	37.2	
42466.15625	57.428	36	
42464.0416666667	57.458	37.2	
42461.3020833333	57.4987234042553	36.4	
42474.2916666667	57.5046153846154	37.2	
42468.0625	57.527	36	
42468.1875	57.575	36	
42466.96875	57.59	36.4	
42474.2604166667	57.59	37.6	
42461.3333333333	57.608	36.4	
42466.3020833333	57.614	36	
42467.3645833333	57.656	36.4	
42465.0833333333	57.689	36.8	
42464.375	57.713	46.8	
42475.1458333333	57.779	36.8	
42461.2916666667	57.7859574468085	36.4	
42468.1979166667	57.8	36.4	
42466.9583333333	57.815	36.4	
42474.25	57.815	37.2	
42464	57.92	37.2	
42464.0104166667	57.92	36.4	
42464.0208333333	57.92	36.8	
42464.03125	57.92	36.4	
42475.375	57.92	39.6	
42475.3854166667	57.92	41.6	
42461.6145833333	57.956	49.2	
42475.3958333333	58.0064	41.2	
42474.2395833333	58.064	37.2	
42466.1458333333	58.193	36	
42461.28125	58.208	36.8	
42465.0729166667	58.208	36.8	
42466.9479166667	58.208	36.4	
42474.2291666667	58.334	37.2	
42466.3125	58.3565	36.4	
42468.2083333333	58.508	36.4	
42468.0520833333	58.562	36.4	
42474.21875	58.604	37.6	
42475.40625	58.6544	50.8	
42465.375	58.739	54	
42461.2708333333	58.748	36.8	
42465.0625	58.748	36.8	
42466.9375	58.748	38	
42475.125	58.769	36.4	
42461.34375	58.868	36.4	
42474.2083333333	58.874	37.2	
42466.1354166667	58.958	36	
42466.3229166667	59	36	
42474.3020833333	59	37.2	
42474.3125	59	37.2	
42474.3229166667	59	37.2	
42474.3333333333	59	36.8	
42475.0833333333	59	36.8	
42475.09375	59	36.8	
42475.1041666667	59	36.8	
42475.1145833333	59	36.8	
42474.34375	59.1157142857143	37.2	
42468.3229166667	59.144	36.8	
42474.9479166667	59.144	36.8	
42475.0729166667	59.144	36.8	
42464.3854166667	59.198	48.8	
42475.4166666667	59.231	64.4	
42474.1979166667	59.2541176470588	37.2	
42461.2604166667	59.288	36.8	
42465.0520833333	59.288	37.2	
42466.9270833333	59.288	37.6	
42474.9583333333	59.378	37.2	
42468.3125	59.414	36.8	
42474.9375	59.414	36.8	
42475.0625	59.414	36.8	
42468.3333333333	59.588	36.8	
42468.0416666667	59.597	36.4	
42466.3333333333	59.63	36.4	
42468.3020833333	59.684	36.8	
42474.9270833333	59.684	37.2	
42475.0520833333	59.684	36.4	
42474.3541666667	59.6942857142857	36.4	
42461.6041666667	59.711	48.8	
42466.125	59.723	36.4	
42475.4270833333	59.726	55.6	
42474.1875	59.7305882352941	37.2	
42468.21875	59.768	36.4	
42461.25	59.828	36.8	
42465.0416666667	59.828	36.8	
42466.9166666667	59.828	36.8	
42467.375	59.924	38.4	
42468.2916666667	59.954	36.8	
42474.9166666667	59.954	37.2	
42475.0416666667	59.954	36.8	
42465.0104166667	60.08	37.2	
42465.0208333333	60.08	36.8	
42465.03125	60.08	36.8	
42466.0833333333	60.08	36.4	
42466.09375	60.08	36.4	
42466.1041666667	60.08	36.4	
42466.1145833333	60.08	36.4	
42466.34375	60.08	36	
42466.3541666667	60.08	36.4	
42466.3645833333	60.08	36.8	
42474.96875	60.08	36.8	
42474.9791666667	60.08	36.8	
42474.9895833333	60.08	36.8	
42482.25	60.08	42	
42482.2604166667	60.08	42	
42482.2708333333	60.08	41.6	
42482.28125	60.08	41.6	
42466.375	60.1166666666667	42.4	
42461.3541666667	60.128	36	
42464.9895833333	60.2	37.6	
42466.0729166667	60.2	36.4	
42468.03125	60.2	36.4	
42474.90625	60.2	37.2	
42474.1770833333	60.2184615384615	36.8	
42475.4375	60.221	60.8	
42475	60.2832258064516	36.8	
42482.2916666667	60.311	41.2	
42475.03125	60.328275862069	37.2	
42461.2395833333	60.344	36	
42482.2395833333	60.344	41.6	
42464.9791666667	60.425	37.6	
42466.0625	60.425	36	
42468.0208333333	60.425	36.4	
42474.8958333333	60.425	37.2	
42474.3645833333	60.4261538461538	37.2	
42468.28125	60.464	36.8	
42465.3854166667	60.494	84.4	
42466.90625	60.608	37.2	
42464.96875	60.65	36.8	
42466.0520833333	60.65	36	
42468.0104166667	60.65	36.4	
42474.8854166667	60.65	36.8	
42466.3854166667	60.6666666666667	56.4	
42464.3958333333	60.683	49.2	
42475.4479166667	60.716	63.6	
42475.0104166667	60.7187096774194	36.8	
42474.1666666667	60.7376923076923	37.2	
42475.0208333333	60.7937931034483	36.8	
42482.3020833333	60.806	41.2	
42461.2291666667	60.839	37.2	
42482.2291666667	60.839	41.2	
42468.34375	60.848	36	
42473.2395833333	60.872	37.2	
42464.9583333333	60.875	37.2	
42466.0416666667	60.875	36.4	
42468	60.875	36.4	
42474.875	60.875	42.4	
42473.2083333333	60.98	37.6	
42473.21875	60.98	37.6	
42473.2291666667	60.98	37.6	
42473.25	60.98	37.2	
42473.2604166667	60.98	37.6	
42473.2708333333	60.98	37.2	
42473.28125	60.98	36.8	
42473.2916666667	60.98	37.2	
42473.3020833333	60.98	37.2	
42473.3125	60.98	37.2	
42473.3229166667	60.98	37.2	
42474.1458333333	60.98	37.2	
42474.15625	60.98	37.2	
42480.3333333333	60.98	36.4	
42480.34375	60.98	47.2	
42480.3541666667	60.98	47.2	
42468.2291666667	61.028	36.8	
42474.375	61.106	37.6	
42473.3333333333	61.1342857142857	37.2	
42481.34375	61.148	46.8	
42473.1979166667	61.1763636363636	37.2	
42468.2708333333	61.184	36.8	
42466.3958333333	61.2166666666667	75.6	
42464.9479166667	61.244	37.6	
42466.03125	61.244	36	
42467.9895833333	61.244	36.8	
42474.8645833333	61.244	42	
42482.3125	61.301	41.2	
42461.21875	61.334	36.8	
42482.21875	61.334	41.6	
42474.1354166667	61.34	37.6	
42474.3854166667	61.376	36.4	
42461.3645833333	61.388	36.8	
42475.4583333333	61.442	53.2	
42473.34375	61.4648979591837	37.2	
42461.59375	61.466	46.4	
42481.3541666667	61.508	40	
42480.3645833333	61.52	46.8	
42473.1875	61.5445454545455	36.8	
42466.8958333333	61.598	37.6	
42474.3958333333	61.646	39.2	
42464.9375	61.739	46.8	
42466.0208333333	61.739	47.2	
42467.9791666667	61.739	36.4	
42474.8541666667	61.739	47.2	
42466.40625	61.7666666666667	100	
42473.3541666667	61.7955102040816	37.6	
42482.3229166667	61.796	40.8	
42461.2083333333	61.829	36.4	
42482.2083333333	61.829	41.2	
42474.125	61.8309090909091	37.2	
42480.3229166667	61.844	36.4	
42481.3645833333	61.868	47.6	
42468.2604166667	61.904	36.4	
42467.3854166667	61.904	51.2	
42473.1770833333	61.9127272727273	37.2	
42474.40625	61.916	37.6	
42473.0833333333	62.06	37.6	
42473.09375	62.06	37.2	
42473.125	62.06	37.2	
42473.1354166667	62.06	37.2	
42473.1458333333	62.06	37.6	
42473.15625	62.06	37.6	
42473.1666666667	62.06	36.8	
42473.3645833333	62.06	37.2	
42474.0520833333	62.06	36.8	
42474.0625	62.06	37.2	
42474.0729166667	62.06	37.6	
42474.0833333333	62.06	37.2	
42474.09375	62.06	37.2	
42474.1041666667	62.06	37.2	
42474.1145833333	62.06	37.2	
42480.375	62.06	47.6	
42480.3854166667	62.06	46.4	
42480.3958333333	62.06	46.8	
42480.40625	62.06	46.8	
42481.375	62.06	47.6	
42481.3854166667	62.06	46.4	
42468.3541666667	62.108	36	
42461.375	62.165	35.2	
42465.9583333333	62.165	46.8	
42473.375	62.165	38	
42474.4166666667	62.165	46.8	
42464.40625	62.168	48.8	
42461.1979166667	62.18	37.2	
42482.1979166667	62.18	42	
42464.9270833333	62.234	46.8	
42466.0104166667	62.234	47.2	
42467.96875	62.234	36	
42474.84375	62.234	48	
42465.3958333333	62.249	100	
42473.1041666667	62.2664705882353	37.6	
42468.2395833333	62.288	36.4	
42480.4166666667	62.291	47.2	
42481.3958333333	62.3511764705882	46.4	
42466.4166666667	62.36	100	
42461.3854166667	62.39	36.8	
42465.96875	62.39	36	
42473.3854166667	62.39	37.2	
42474.4270833333	62.39	48.8	
42461.1875	62.405	37.2	
42482.1875	62.405	41.6	
42475.46875	62.432	67.6	
42468.9895833333	62.444	47.2	
42481.3333333333	62.5	40.8	
42473.1145833333	62.5047058823529	37.6	
42474.0416666667	62.51	37.6	
42465.9479166667	62.588	46.8	
42466.8854166667	62.588	48.8	
42461.3958333333	62.615	37.2	
42465.9791666667	62.615	36.8	
42473.3958333333	62.615	37.2	
42474.4375	62.615	61.2	
42468.25	62.624	36	
42482.3333333333	62.627	41.2	
42461.1770833333	62.63	36.8	
42482.1770833333	62.63	41.2	
42487.1979166667	62.6439024390244	46.8	
42473.0729166667	62.7136842105263	36.8	
42464.9166666667	62.729	47.2	
42466	62.729	36	
42467.9583333333	62.729	46.8	
42474.8333333333	62.729	82.4	
42481.40625	62.7482352941176	45.6	
42487.1875	62.7756097560976	47.2	
42473.9895833333	62.78	36.4	
42480.4270833333	62.786	58.4	
42461.40625	62.84	37.2	
42465.9895833333	62.84	36.4	
42473.40625	62.84	37.2	
42474.4479166667	62.84	94	
42461.1666666667	62.855	36.8	
42482.1666666667	62.855	42	
42487.1770833333	62.9073170731707	47.2	
42461.0416666667	62.96	36.4	
42461.0520833333	62.96	47.2	
42461.0625	62.96	47.6	
42461.0729166667	62.96	47.6	
42461.0833333333	62.96	36.8	
42461.09375	62.96	37.2	
42461.1041666667	62.96	37.2	
42461.1145833333	62.96	36.8	
42461.125	62.96	37.2	
42461.1458333333	62.96	37.2	
42461.15625	62.96	37.2	
42473.0416666667	62.96	37.2	
42473.0520833333	62.96	37.6	
42473.0625	62.96	37.2	
42473.9583333333	62.96	36.8	
42473.96875	62.96	37.6	
42473.9791666667	62.96	37.2	
42474	62.96	37.2	
42474.0104166667	62.96	37.6	
42474.0208333333	62.96	36.8	
42474.03125	62.96	37.2	
42487.1666666667	62.96	46.8	
42487.2083333333	62.96	46.8	
42487.21875	62.96	36.8	
42487.2291666667	62.96	47.2	
42487.2395833333	62.96	46.8	
42466.4270833333	63.0615384615385	100	
42461.4166666667	63.086	37.2	
42461.5416666667	63.086	46.4	
42487.25	63.086	47.2	
42467.9479166667	63.104	46.8	
42473.03125	63.104	37.6	
42473.9479166667	63.104	37.6	
42482.15625	63.104	41.6	
42468.9791666667	63.164	37.2	
42461.5833333333	63.221	48.8	
42461.53125	63.224	54	
42474.4583333333	63.2613043478261	100	
42480.4375	63.281	100	
42461.4270833333	63.356	36.8	
42461.5520833333	63.356	48.8	
42487.2604166667	63.356	47.2	
42464.90625	63.368	46.8	
42468.3645833333	63.368	36.4	
42467.9375	63.374	46.8	
42473.0208333333	63.374	37.6	
42473.9375	63.374	37.2	
42482.1458333333	63.374	42	
42475.4791666667	63.422	100	
42481.4166666667	63.422	66.8	
42473.4166666667	63.455	37.6	
42461.03125	63.488	36.8	
42464.4166666667	63.548	47.6	
42465.9375	63.578	46.8	
42466.875	63.578	78.4	
42461.4375	63.626	37.6	
42461.5625	63.626	47.6	
42487.2708333333	63.626	46.8	
42467.9270833333	63.644	46.8	
42473.0104166667	63.644	36.8	
42473.9270833333	63.644	37.6	
42482.1354166667	63.644	41.2	
42474.8229166667	63.6486956521739	100	
42461.5208333333	63.719	52.8	
42480.4479166667	63.776	100	
42482.34375	63.842	41.2	
42467.3958333333	63.884	47.2	
42468.96875	63.884	37.2	
42461.4479166667	63.896	37.6	
42461.5729166667	63.896	48.8	
42487.28125	63.896	46.4	
42474.46875	63.9069565217391	100	
42467.9166666667	63.914	46.8	
42473	63.914	37.2	
42473.9166666667	63.914	36.8	
42482.125	63.914	42	
42465.40625	64.004	100	
42473.8333333333	64.04	42	
42473.875	64.04	42.4	
42473.8854166667	64.04	36.8	
42473.8958333333	64.04	37.2	
42473.90625	64.04	37.2	
42479.0729166667	64.04	36.4	
42479.0833333333	64.04	36.4	
42479.2916666667	64.04	36.8	
42479.3020833333	64.04	37.2	
42482.0416666667	64.04	50.8	
42482.0520833333	64.04	42	
42482.0625	64.04	42	
42482.0729166667	64.04	41.6	
42482.0833333333	64.04	41.6	
42482.09375	64.04	41.6	
42482.1041666667	64.04	41.6	
42482.1145833333	64.04	42	
42487.2916666667	64.04	36.4	
42487.3020833333	64.04	36	
42487.3125	64.04	36.4	
42487.3229166667	64.04	36	
42473.84375	64.0676923076923	42	
42480.3125	64.13	36.4	
42461.4583333333	64.145	37.2	
42480.4583333333	64.145	100	
42479.3125	64.2025806451613	36.8	
42473.8541666667	64.2061538461539	42	
42461.5104166667	64.214	49.6	
42488.1666666667	64.271	42	
42479.09375	64.2823076923077	36.4	
42482.03125	64.304	50.8	
42482.9895833333	64.304	46.4	
42472.9895833333	64.3066666666667	36.8	
42473.8645833333	64.3446153846154	41.6	
42461.46875	64.37	46.4	
42480.46875	64.37	100	
42487.3333333333	64.376	36.4	
42479.3229166667	64.3767741935484	36.8	
42475.4895833333	64.412	97.6	
42481.4270833333	64.412	100	
42475.9895833333	64.424	36.8	
42479.28125	64.43375	37.2	
42461.0208333333	64.478	37.2	
42481.3229166667	64.4925714285714	36.4	
42468.375	64.502	49.6	
42473.4270833333	64.5157142857143	37.2	
42479.1041666667	64.5419230769231	37.2	
42473.8229166667	64.55	42.8	
42474.4791666667	64.5526086956522	100	
42479.2395833333	64.5675862068966	36.8	
42465.9270833333	64.568	46.8	
42466.4375	64.5846153846154	100	
42461.4791666667	64.595	46.4	
42480.4791666667	64.595	100	
42479.2708333333	64.6025	36.4	
42468.9583333333	64.604	37.2	
42479.0625	64.6111538461539	36.8	
42479.15625	64.67	36.4	
42461.5	64.709	46.4	
42467.90625	64.712	46.8	
42488.15625	64.76	41.6	
42488.1770833333	64.766	47.6	
42479.2604166667	64.77125	36.8	
42482.0208333333	64.799	50.4	
42482.9791666667	64.799	46	
42479.1145833333	64.8015384615385	36.8	
42472.9791666667	64.8066666666667	37.6	
42464.4270833333	64.808	46	
42461.4895833333	64.82	39.2	
42480.4895833333	64.82	100	
42464.8854166667	64.898	46	
42472.3333333333	64.94	36.8	
42472.34375	64.94	36.4	
42472.3541666667	64.94	36.4	
42472.3645833333	64.94	36.4	
42472.375	64.94	38.4	
42472.3854166667	64.94	36.8	
42472.3958333333	64.94	43.2	
42472.40625	64.94	50.8	
42472.4166666667	64.94	59.6	
42472.9166666667	64.94	37.6	
42472.9270833333	64.94	37.6	
42472.9375	64.94	37.2	
42472.9479166667	64.94	37.6	
42472.9583333333	64.94	37.2	
42472.96875	64.94	37.2	
42473.4375	64.94	38.4	
42473.4479166667	64.94	38	
42473.8020833333	64.94	47.2	
42473.8125	64.94	47.2	
42474.8125	64.94	100	
42479.125	64.94	36.4	
42479.1666666667	64.94	36.4	
42479.25	64.94	36.8	
42479.3333333333	64.94	36.8	
42479.34375	64.94	36.8	
42479.3541666667	64.94	36.8	
42481.0833333333	64.94	37.2	
42481.09375	64.94	37.2	
42481.1041666667	64.94	36.4	
42481.1145833333	64.94	36.8	
42466.8645833333	64.976	100	
42479.2291666667	64.9865517241379	36.4	
42488.1458333333	65.021	42	
42482.3541666667	65.057	54.4	
42473.4583333333	65.066	45.6	
42480.5	65.066	100	
42481.125	65.066	36.8	
42472.3229166667	65.084	36.4	
42472.90625	65.084	36.8	
42481.0729166667	65.084	36.4	
42481.2395833333	65.084	46.8	
42487.34375	65.096	36.8	
42472.4270833333	65.1305882352941	93.6	
42475.9791666667	65.144	46.8	
42481.25	65.1443243243243	37.2	
42487.15625	65.165	46.8	
42481.5	65.171	100	
42479.0520833333	65.1823076923077	37.2	
42468.9479166667	65.204	36.8	
42479.1770833333	65.2456603773585	36.4	
42481.4895833333	65.2485714285714	100	
42488.1875	65.261	46.8	
42482.0104166667	65.294	42	
42482.96875	65.294	46	
42479.1458333333	65.3	36.4	
42473.46875	65.336	53.2	
42480.5104166667	65.336	100	
42481.3125	65.3411428571429	36.8	
42472.3125	65.354	36.4	
42472.8958333333	65.354	46.8	
42481.0625	65.354	37.2	
42481.2291666667	65.354	46.8	
42481.4375	65.402	100	
42474.4895833333	65.4028571428571	100	
42479.21875	65.4055172413793	36.4	
42461.0104166667	65.468	36.8	
42468.3854166667	65.492	49.2	
42479.1875	65.551320754717	36.8	
42465.9166666667	65.558	46.8	
42481.2604166667	65.5821621621622	36.4	
42473.4791666667	65.606	66.8	
42480.5208333333	65.606	100	
42481.1458333333	65.606	36.8	
42472.4375	65.6070588235294	100	
42472.3020833333	65.624	36.4	
42472.8854166667	65.624	46	
42481.0520833333	65.624	36.8	
42481.21875	65.624	37.2	
42465.4166666667	65.654	100	
42464.875	65.663	46.8	
42481.5104166667	65.666	100	
42473.7916666667	65.6763636363636	47.6	
42475.5	65.696	68.8	
42468.9375	65.699	37.2	
42474.8020833333	65.7427027027027	100	
42479.0416666667	65.7534615384615	36.8	
42488.1979166667	65.756	49.2	
42482	65.789	42.8	
42482.9583333333	65.789	45.6	
42487.3541666667	65.816	56.4	
42479.2083333333	65.8244827586207	36.4	
42481.4791666667	65.8271428571429	100	
42488.125	65.831	46.8	
42479.3645833333	65.8563636363636	36.4	
42479.1979166667	65.8569811320755	36.4	
42467.40625	65.864	51.2	
42475.96875	65.864	47.2	
42473.4895833333	65.876	86.4	
42480.53125	65.876	100	
42481.15625	65.876	37.2	
42472.2916666667	65.894	36.8	
42472.875	65.894	48	
42481.0416666667	65.894	36.4	
42481.2083333333	65.894	36.8	
42467.8958333333	65.972	46.8	
42472.4479166667	66.02	100	
42472.4583333333	66.02	100	
42472.46875	66.02	100	
42472.4791666667	66.02	100	
42472.4895833333	66.02	100	
42472.8333333333	66.02	41.6	
42472.84375	66.02	41.6	
42472.8541666667	66.02	41.6	
42472.8645833333	66.02	42	
42473.78125	66.02	60	
42478.3333333333	66.02	36.8	
42478.34375	66.02	36.8	
42478.3541666667	66.02	36.8	
42478.3645833333	66.02	36.8	
42478.375	66.02	47.6	
42478.3854166667	66.02	46	
42478.3958333333	66.02	46.8	
42478.4166666667	66.02	46.8	
42478.4270833333	66.02	46.8	
42478.4375	66.02	48	
42478.4479166667	66.02	44.4	
42479.375	66.02	37.2	
42481	66.02	47.2	
42481.0104166667	66.02	46.8	
42481.0208333333	66.02	46.8	
42481.03125	66.02	37.2	
42481.2708333333	66.02	40.4	
42481.3020833333	66.02	37.2	
42488.2083333333	66.02	52.8	
42464.4375	66.068	47.2	
42478.09375	66.0892307692308	36.8	
42478.1041666667	66.092	36.8	
42466.4479166667	66.1076923076923	100	
42473.5	66.125	49.2	
42474.5833333333	66.125	100	
42472.8229166667	66.14	42.4	
42479.03125	66.14	37.2	
42488.1145833333	66.14	47.2	
42472.5	66.146	100	
42481.5208333333	66.161	100	
42472.28125	66.164	36	
42478.1145833333	66.1691428571429	36.8	
42478.40625	66.1723076923077	50.4	
42468.9270833333	66.194	46.4	
42481.1979166667	66.2046153846154	36.8	
42474.5	66.251	100	
42482.3645833333	66.272	57.6	
42465.90625	66.284	46.8	
42474.5729166667	66.284	100	
42480.9895833333	66.284	37.2	
42481.9895833333	66.284	43.2	
42481.46875	66.30125	100	
42481.1666666667	66.32	37.2	
42473.5104166667	66.35	46.8	
42474.59375	66.35	100	
42472.8125	66.365	46.4	
42479.0208333333	66.365	36.4	
42488.1041666667	66.365	46.8	
42485.15625	66.3862068965517	36.8	
42472.2083333333	66.3905882352941	36.4	
42481.4479166667	66.392	100	
42472.5104166667	66.416	100	
42478.3229166667	66.4273684210526	36.8	
42482.9479166667	66.428	46.8	
42472.2708333333	66.434	36.8	
42461	66.458	36.8	
42478.4583333333	66.47	47.2	
42478.0729166667	66.4769230769231	36.8	
42468.3958333333	66.482	50	
42480.5416666667	66.482	100	
42472.1979166667	66.5	36.4	
42487.3645833333	66.536	100	
42474.7916666667	66.5454054054054	100	
42481.1875	66.5507692307692	36.8	
42473.5208333333	66.575	47.2	
42474.6041666667	66.575	100	
42479.3854166667	66.5803773584906	36.8	
42475.9583333333	66.584	47.2	
42481.2916666667	66.5884210526316	37.2	
42472.8020833333	66.59	46.4	
42479.0104166667	66.59	36.4	
42488.09375	66.59	48.8	
42473.7708333333	66.5911538461538	95.6	
42481.53125	66.656	100	
42475.5104166667	66.68	54.4	
42472.5208333333	66.686	100	
42468.9166666667	66.689	46.8	
42472.2604166667	66.704	36.8	
42481.4583333333	66.723125	100	
42466.8541666667	66.731	100	
42478.28125	66.74	36.8	
42474.5104166667	66.746	100	
42465.8958333333	66.779	46.8	
42474.5625	66.779	100	
42480.9791666667	66.779	36.8	
42481.9791666667	66.779	42.4	
42473.53125	66.8	47.2	
42474.6145833333	66.8	100	
42464.8645833333	66.812	46.8	
42472.7916666667	66.815	47.6	
42479	66.815	36.8	
42488.0833333333	66.815	49.6	
42485.1458333333	66.851724137931	36.4	
42481.1770833333	66.8969230769231	37.2	
42472.1875	66.92	37.2	
42472.21875	66.92	47.6	
42472.2291666667	66.92	47.2	
42472.2395833333	66.92	47.2	
42472.25	66.92	37.6	
42473.5416666667	66.92	46.8	
42474.625	66.92	100	
42474.6354166667	66.92	100	
42474.6458333333	66.92	100	
42474.65625	66.92	100	
42474.6666666667	66.92	100	
42474.6770833333	66.92	100	
42474.6875	66.92	100	
42474.6979166667	66.92	100	
42474.7083333333	66.92	100	
42474.71875	66.92	100	
42474.7291666667	66.92	100	
42474.7395833333	66.92	100	
42474.78125	66.92	100	
42478.0833333333	66.92	36.8	
42478.125	66.92	36.8	
42478.21875	66.92	46.8	
42478.2916666667	66.92	36.8	
42478.3020833333	66.92	36.8	
42478.3125	66.92	36.8	
42478.46875	66.92	48	
42481.28125	66.92	39.6	
42481.5416666667	66.92	100	
42481.5520833333	66.92	100	
42488.21875	66.92	59.2	
42488.2291666667	66.92	61.2	
42488.2395833333	66.92	60.4	
42488.25	66.92	50.8	
42488.2604166667	66.92	48	
42473.7083333333	67.046	80.8	
42473.6979166667	67.064	58	
42472.53125	67.136	100	
42479.3958333333	67.1407547169811	37.2	
42473.7604166667	67.1623076923077	100	
42473.5520833333	67.1624489795918	46.4	
42465.4270833333	67.184	100	
42482.9375	67.193	48.4	
42472.78125	67.208	47.2	
42475.9479166667	67.208	37.2	
42488.0729166667	67.208	72	
42467.8854166667	67.232	46.4	
42474.5208333333	67.241	100	
42465.8854166667	67.274	46	
42474.5520833333	67.274	100	
42480.96875	67.274	36.4	
42481.96875	67.274	50.8	
42487.375	67.277	100	
42474.75	67.298	100	
42488.2708333333	67.31	47.2	
42473.71875	67.316	100	
42485.1354166667	67.3172413793103	46.4	
42464.4479166667	67.328	46.8	
42468.90625	67.328	46.4	
42478.1354166667	67.3314285714286	36.8	
42473.6875	67.334	47.2	
42474.7708333333	67.3442857142857	100	
42478.4791666667	67.352	50.8	
42478.2708333333	67.388	36.8	
42485	67.46	36.8	
42468.40625	67.472	47.2	
42480.5520833333	67.472	100	
42473.5625	67.4930612244898	37.6	
42478.9895833333	67.496	46.8	
42475.5208333333	67.505	51.2	
42482.375	67.508	59.6	
42478.0625	67.5153846153846	46.8	
42473.7291666667	67.586	100	
42472.1770833333	67.595	37.2	
42473.6770833333	67.604	46.8	
42485.1666666667	67.6072727272727	36.8	
42466.4583333333	67.634	100	
42479.40625	67.7011320754717	48.8	
42473.75	67.7334615384615	100	
42474.53125	67.736	100	
42487.1458333333	67.736	47.2	
42467.4166666667	67.739	52.4	
42472.7708333333	67.748	46	
42475.9375	67.748	36.8	
42488.0625	67.748	99.6	
42488.28125	67.76	44.4	
42465.875	67.769	47.2	
42474.5416666667	67.769	100	
42480.9583333333	67.769	37.2	
42481.9583333333	67.769	50.8	
42485.125	67.7827586206897	46.8	
42478.4895833333	67.8148571428572	46.8	
42473.5729166667	67.8236734693878	37.6	
42473.7395833333	67.856	100	
42473.6666666667	67.874	46.8	
42474.7604166667	67.9228571428571	100	
42478.2604166667	67.928	36.8	
42482.9270833333	67.958	46.8	
42473.5833333333	68	37.6	
42473.59375	68	48.4	
42473.6041666667	68	54	
42473.6145833333	68	63.6	
42473.625	68	49.6	
42473.6354166667	68	47.2	
42473.6458333333	68	46.8	
42473.65625	68	46.8	
42478.1458333333	68	36.8	
42478.2083333333	68	36.8	
42478.2291666667	68	46.4	
42478.2395833333	68	36.8	
42478.25	68	36.8	
42478.5	68	46.4	
42478.96875	68	47.2	
42478.9791666667	68	46.8	
42481.5625	68	100	
42485.0104166667	68	36.8	
42485.0208333333	68	36.8	
42485.03125	68	37.2	
42485.0520833333	68	36.8	
42485.0625	68	36.8	
42485.0729166667	68	36.8	
42485.09375	68	36.4	
42485.1041666667	68	36.8	
42485.1145833333	68	47.2	
42485.1770833333	68	36.8	
42485.1875	68	36.8	
42485.1979166667	68	36.8	
42485.2083333333	68	36.8	
42485.21875	68	36.8	
42485.2291666667	68	36.8	
42485.2395833333	68	36.8	
42488.2916666667	68	44.4	
42488.3020833333	68	42.4	
42488.3125	68	41.6	
42488.3229166667	68	43.2	
42487.3854166667	68.042	100	
42468.8958333333	68.093	46.4	
42472.03125	68.0947368421053	46.8	
42471.9895833333	68.108	36.4	
42472.5416666667	68.126	100	
42485.25	68.126	36.8	
42488	68.126	100	
42478.5208333333	68.144	49.6	
42481.9479166667	68.144	50.8	
42488.3333333333	68.231	67.6	
42480.9479166667	68.264	36.8	
42472.7604166667	68.288	47.2	
42475.9270833333	68.288	37.6	
42488.0520833333	68.288	100	
42464.8541666667	68.297	46.8	
42468.4166666667	68.357	46.4	
42478.1979166667	68.375652173913	36.8	
42472.0208333333	68.3789473684211	46.4	
42472.5520833333	68.396	100	
42485.2604166667	68.396	36.4	
42488.0104166667	68.396	100	
42481.9375	68.414	90	
42480.5625	68.462	100	
42475.53125	68.4628571428571	50	
42466.84375	68.486	100	
42467.875	68.492	48.4	
42478.0520833333	68.5082352941176	46.8	
42487.9895833333	68.528	100	
42478.15625	68.54	36.4	
42472.0416666667	68.5815384615385	36.8	
42464.4583333333	68.588	46.8	
42471.9791666667	68.648	37.2	
42472.0104166667	68.6631578947368	46.8	
42472.5625	68.666	100	
42485.2708333333	68.666	36	
42488.0208333333	68.666	100	
42465.8645833333	68.672	46.8	
42472.1666666667	68.6821052631579	36.8	
42478.9583333333	68.6821052631579	36.4	
42481.9270833333	68.684	100	
42479.4166666667	68.693	47.6	
42465.4375	68.714	100	
42482.9166666667	68.723	46.8	
42488.34375	68.726	100	
42480.9375	68.759	36.4	
42482.3854166667	68.768	56.8	
42487.3958333333	68.807	100	
42472.75	68.828	50.8	
42475.9166666667	68.828	37.2	
42488.0416666667	68.828	100	
42468.8854166667	68.858	46.4	
42472.5729166667	68.936	100	
42485.28125	68.936	36	
42488.03125	68.936	100	
42472	68.9473684210526	36.8	
42481.9166666667	68.954	100	
42478.5104166667	68.9818181818182	46.4	
42471.0104166667	69.08	36.8	
42471.0208333333	69.08	36.8	
42471.03125	69.08	36.8	
42471.0833333333	69.08	46.8	
42472.15625	69.08	36.4	
42472.5833333333	69.08	100	
42472.59375	69.08	100	
42472.6041666667	69.08	100	
42472.6145833333	69.08	100	
42472.625	69.08	100	
42472.6354166667	69.08	100	
42472.6458333333	69.08	100	
42472.65625	69.08	100	
42478.1666666667	69.08	36.8	
42478.1770833333	69.08	36.8	
42478.1875	69.08	36.4	
42478.5416666667	69.08	51.6	
42478.9166666667	69.08	36.8	
42478.9270833333	69.08	36.4	
42478.9375	69.08	37.2	
42478.9479166667	69.08	36.8	
42480.2291666667	69.08	47.2	
42480.2395833333	69.08	46.8	
42480.25	69.08	47.2	
42480.2604166667	69.08	46.8	
42468.4270833333	69.122	46	
42466.46875	69.164	100	
42471.0416666667	69.1668965517241	36.8	
42485.2916666667	69.1668965517241	37.2	
42472.6666666667	69.185	100	
42471.96875	69.188	36.8	
42472.7395833333	69.2	71.2	
42478.90625	69.2	46.8	
42488.3541666667	69.221	100	
42485.3333333333	69.2375	36.8	
42480.2708333333	69.24	47.2	
42472.0520833333	69.2523404255319	36.8	
42480.9270833333	69.254	46.8	
42478.53125	69.26	49.2	
42475.90625	69.344	46.4	
42481.90625	69.344	100	
42482.90625	69.344	46.8	
42471.0520833333	69.3531034482759	47.2	
42485.3020833333	69.3531034482759	36.8	
42480.21875	69.36125	46.8	
42472.1458333333	69.3718918918919	36.4	
42472.6770833333	69.41	100	
42475.5416666667	69.416	47.6	
42472.7291666667	69.425	100	
42478.8958333333	69.425	47.2	
42480.5729166667	69.452	100	
42467.4270833333	69.494	51.2	
42471	69.4953846153846	46.8	
42478.0416666667	69.4953846153846	36.8	
42487.9791666667	69.518	100	
42480.2916666667	69.53	37.2	
42471.0625	69.5393103448276	47.2	
42485.3125	69.5393103448276	36.8	
42472.0625	69.5395744680851	37.2	
42487.40625	69.572	100	
42485.34375	69.575	37.2	
42478.5520833333	69.5886956521739	48	
42468.875	69.623	48	
42472.6875	69.635	100	
42480.28125	69.64	37.2	
42472.71875	69.65	100	
42478.8854166667	69.65	46.4	
42487.1354166667	69.716	46.4	
42488.3645833333	69.716	100	
42471.0729166667	69.7255172413793	46.8	
42485.3229166667	69.7255172413793	37.2	
42467.8645833333	69.728	48.8	
42471.9583333333	69.728	46.4	
42480.9166666667	69.749	46.4	
42464.84375	69.782	47.6	
42480.2083333333	69.783125	37.2	
42480.15625	69.8098181818182	46.8	
42472.0729166667	69.8268085106383	36.4	
42475.8958333333	69.839	46.8	
42481.8958333333	69.839	100	
42482.8958333333	69.839	47.6	
42464.46875	69.848	46.8	
42480.1458333333	69.8589090909091	46.8	
42472.6979166667	69.86	100	
42471.09375	69.8675	47.2	
42472.7083333333	69.875	100	
42478.875	69.875	48	
42468.4375	69.887	46.8	
42472.1145833333	69.9	45.6	
42480.1354166667	69.908	46.8	
42485.3541666667	69.9125	47.2	
42480.0729166667	69.9303448275862	46.4	
42465.8541666667	69.932	48.4	
42480.125	69.9570909090909	46.8	
42471.1041666667	69.98	36.8	
42471.1145833333	69.98	36.8	
42472.0833333333	69.98	36.8	
42472.09375	69.98	37.2	
42472.1041666667	69.98	37.2	
42472.125	69.98	47.6	
42478.0208333333	69.98	37.2	
42478.03125	69.98	37.2	
42480.0833333333	69.98	36.8	
42480.09375	69.98	36.4	
42480.1041666667	69.98	36.4	
42480.1145833333	69.98	36	
42480.1666666667	69.98	46.8	
42480.1770833333	69.98	37.2	
42480.1875	69.98	37.6	
42480.1979166667	69.98	37.2	
42480.3020833333	69.98	37.2	
42481.5729166667	69.995652173913	100	
42482.3958333333	70.028	62	
42480.5833333333	70.106	100	
42468.8645833333	70.124	47.2	
42471.9479166667	70.124	46.8	
42475.5520833333	70.136	70.8	
42471.125	70.1408510638298	37.2	
42471.3333333333	70.1558139534884	47.2	
42487.4166666667	70.211	100	
42466.8333333333	70.241	100	
42465.4479166667	70.244	100	
42478.8645833333	70.244	47.2	
42480.90625	70.244	46.8	
42480.0625	70.2562068965517	46.8	
42479.4270833333	70.2581818181818	46.4	
42475.8854166667	70.334	46.4	
42481.8854166667	70.334	100	
42482.8854166667	70.334	46.8	
42488.375	70.337	100	
42480.59375	70.376	100	
42468.8541666667	70.394	46.8	
42471.9375	70.394	47.2	
42487.96875	70.508	100	
42471.34375	70.5325581395349	36.8	
42480.0520833333	70.5820689655172	46.4	
42478.0104166667	70.6152941176471	37.2	
42485.3645833333	70.628	52.8	
42478.5625	70.6376923076923	47.2	
42480.6041666667	70.646	100	
42468.4479166667	70.652	48.4	
42468.84375	70.664	47.6	
42471.9270833333	70.664	46.8	
42466.4791666667	70.694	100	
42487.4270833333	70.706	100	
42478.8541666667	70.739	47.2	
42480.8958333333	70.739	47.2	
42471.3229166667	70.7654545454545	46.8	
42475.875	70.829	48.4	
42481.875	70.829	100	
42482.875	70.829	52	
42471.1458333333	70.8302127659575	36.4	
42475.5625	70.856	100	
42480.0416666667	70.9079310344828	46.8	
42471.3541666667	70.9093023255814	36.8	
42480.6145833333	70.916	100	
42468.8333333333	70.934	47.2	
42471.9166666667	70.934	46.8	
42467.8541666667	70.943	50.8	
42471.15625	71.06	46.8	
42471.1666666667	71.06	46.8	
42471.1770833333	71.06	46.8	
42471.1875	71.06	36.4	
42471.25	71.06	47.2	
42471.2604166667	71.06	36	
42471.2708333333	71.06	36	
42471.28125	71.06	36	
42471.2916666667	71.06	36	
42471.3020833333	71.06	37.2	
42471.3125	71.06	36.8	
42471.375	71.06	47.6	
42471.3854166667	71.06	55.2	
42471.3958333333	71.06	70.4	
42471.40625	71.06	90.4	
42478	71.06	36.4	
42488.3854166667	71.102	100	
42464.4791666667	71.108	47.2	
42471.2395833333	71.18	47.2	
42471.90625	71.18	47.2	
42465.84375	71.192	52	
42471.4166666667	71.2	100	
42487.4375	71.201	100	
42478.84375	71.234	47.2	
42480.8854166667	71.234	46	
42467.4375	71.249	51.2	
42464.8333333333	71.267	48.8	
42482.40625	71.288	88	
42481.5833333333	71.291	100	
42485.375	71.291	69.6	
42471.1979166667	71.3054545454546	37.2	
42482.8645833333	71.324	52	
42471.3645833333	71.384	46.4	
42465.4583333333	71.396	100	
42468.4583333333	71.396	51.2	
42471.2291666667	71.405	47.2	
42471.8958333333	71.405	46.8	
42475.8645833333	71.444	46.8	
42481.8645833333	71.444	100	
42480.625	71.48	100	
42487.9583333333	71.498	100	
42471.4270833333	71.5	100	
42475.5729166667	71.576	100	
42471.21875	71.63	47.2	
42471.8854166667	71.63	46	
42487.4479166667	71.696	100	
42466.8229166667	71.708	100	
42468.8229166667	71.708	48.8	
42478.8333333333	71.729	47.2	
42480.875	71.729	47.6	
42480.03125	71.7489655172414	47.2	
42471.4479166667	71.75	100	
42481.59375	71.786	100	
42485.3854166667	71.786	100	
42471.4375	71.8	100	
42482.8541666667	71.819	51.6	
42471.2083333333	71.855	36.8	
42471.875	71.855	48	
42488.3958333333	71.867	100	
42471.8645833333	71.87	46.8	
42471.4583333333	71.96	100	
42471.8541666667	71.96	46.8	
42487.9166666667	71.96	100	
42487.9270833333	71.96	100	
42487.9375	71.96	100	
42487.9479166667	71.96	100	
42478.8229166667	72.104	48.8	
42480.8645833333	72.104	46.8	
42465.46875	72.116	100	
42468.46875	72.116	51.6	
42480.0208333333	72.1213793103448	46.8	
42467.84375	72.158	54	
42475.8541666667	72.164	47.2	
42481.8541666667	72.164	100	
42480.6354166667	72.17	100	
42475.5833333333	72.191	100	
42466.4895833333	72.224	100	
42481.6041666667	72.281	100	
42485.3958333333	72.281	100	
42482.84375	72.314	52.8	
42471.46875	72.32	98.4	
42471.84375	72.3411764705882	72.4	
42479.4375	72.3445454545455	49.2	
42487.125	72.3527272727273	47.2	
42487.90625	72.368	100	
42464.4895833333	72.368	49.2	
42478.8125	72.374	53.2	
42480.8541666667	72.374	47.6	
42478.5833333333	72.422	49.2	
42482.4166666667	72.422	100	
42487.4583333333	72.422	100	
42479.4479166667	72.44	46.4	
42465.8333333333	72.452	53.2	
42480.0104166667	72.4937931034483	47.2	
42478.5729166667	72.6107692307692	47.2	
42480.6458333333	72.62	100	
42488.40625	72.632	100	
42478.8020833333	72.644	53.6	
42480.84375	72.644	46	
42475.59375	72.686	100	
42479.4583333333	72.716	51.6	
42464.8229166667	72.776	51.2	
42481.6145833333	72.776	100	
42485.40625	72.776	100	
42482.8333333333	72.809	52	
42471.4791666667	72.8109090909091	75.6	
42471.8333333333	72.8176470588235	99.6	
42465.4791666667	72.836	100	
42468.4791666667	72.836	50	
42480	72.8662068965517	46.4	
42475.84375	72.884	47.2	
42481.84375	72.884	100	
42478.7916666667	72.914	55.2	
42480.8333333333	72.914	46.4	
42466.8125	72.923	100	
42468.8125	72.923	50.4	
42467.4479166667	73.004	50	
42471.4895833333	73.04	78	
42479.9166666667	73.04	46.8	
42479.9270833333	73.04	46.8	
42479.9375	73.04	47.2	
42479.9479166667	73.04	46.4	
42479.9583333333	73.04	47.2	
42479.96875	73.04	46.8	
42479.9791666667	73.04	46.8	
42479.9895833333	73.04	46.8	
42485.4166666667	73.04	100	
42486.1666666667	73.04	46.8	
42486.1770833333	73.04	46.8	
42486.1875	73.04	46.4	
42486.1979166667	73.04	46.4	
42486.2083333333	73.04	46.8	
42486.21875	73.04	46.4	
42486.2291666667	73.04	46.8	
42486.2395833333	73.04	46.4	
42486.25	73.04	46.8	
42486.2604166667	73.04	46.4	
42486.2708333333	73.04	46.8	
42486.28125	73.04	46.8	
42487.8958333333	73.133	100	
42466.5	73.145	100	
42486.2916666667	73.145	46.8	
42479.90625	73.16	47.2	
42486.15625	73.16	46.4	
42475.6041666667	73.181	100	
42471.5	73.186511627907	100	
42480.65625	73.26	100	
42478.78125	73.304	58	
42466.5104166667	73.37	100	
42486.3020833333	73.37	46.8	
42467.8333333333	73.373	56.8	
42464.5	73.376	54.8	
42479.8958333333	73.385	46.4	
42486.1458333333	73.385	46.8	
42478.59375	73.412	49.6	
42482.4270833333	73.412	100	
42487.46875	73.412	100	
42480.8229166667	73.424	48	
42471.8229166667	73.44	100	
42471.5729166667	73.4558620689655	100	
42471.5104166667	73.5004651162791	100	
42481.625	73.502	100	
42465.4895833333	73.556	100	
42468.4895833333	73.556	52	
42487.1145833333	73.5675862068966	46.8	
42466.5208333333	73.595	100	
42486.3125	73.595	46.4	
42471.5625	73.5955172413793	100	
42475.8333333333	73.604	47.6	
42481.8333333333	73.604	100	
42479.8854166667	73.61	46.8	
42486.1354166667	73.61	46.8	
42475.6145833333	73.676	100	
42465.8229166667	73.712	53.6	
42482.8229166667	73.712	53.2	
42471.5520833333	73.7351724137931	100	
42478.7708333333	73.799	92.4	
42485.4270833333	73.8064516129032	100	
42488.4166666667	73.81	100	
42471.5208333333	73.8144186046512	100	
42466.53125	73.82	100	
42486.3229166667	73.82	46.4	
42479.875	73.835	53.6	
42486.125	73.835	46.8	
42471.5416666667	73.8748275862069	100	
42487.8854166667	73.898	100	
42471.53125	73.94	100	
42471.5833333333	73.94	100	
42471.59375	73.94	100	
42471.6041666667	73.94	100	
42471.6145833333	73.94	100	
42486.0416666667	73.94	46.8	
42486.0520833333	73.94	46.8	
42486.0625	73.94	46.4	
42486.0729166667	73.94	46.8	
42486.0833333333	73.94	46.8	
42486.09375	73.94	46.8	
42486.1041666667	73.94	46.8	
42486.1145833333	73.94	46.8	
42486.3333333333	73.94	46.8	
42486.34375	73.94	46.8	
42486.3541666667	73.94	46.8	
42486.3645833333	73.94	46.4	
42487.1041666667	73.9865517241379	46.8	
42468.5	74.066	58	
42486.375	74.066	46.4	
42479.46875	74.0730434782609	54.8	
42486.03125	74.084	46.8	
42464.5104166667	74.096	58.4	
42466.8020833333	74.138	100	
42468.8020833333	74.138	51.6	
42480.8125	74.144	49.2	
42471.8125	74.1757142857143	100	
42475.8229166667	74.204	49.6	
42478.7604166667	74.294	100	
42465.5	74.297	100	
42471.625	74.297	100	
42475.625	74.297	100	
42464.8125	74.306	52	
42468.5104166667	74.336	57.6	
42486.3854166667	74.336	46	
42467.8229166667	74.348	57.6	
42481.8229166667	74.348	100	
42486.0208333333	74.354	46.8	
42478.6041666667	74.402	47.2	
42482.4375	74.402	99.6	
42487.4791666667	74.402	100	
42487.09375	74.4055172413793	47.2	
42466.5416666667	74.423	100	
42467.4583333333	74.423	48	
42479.8645833333	74.492	53.2	
42481.6354166667	74.492	100	
42468.5208333333	74.606	53.6	
42486.3958333333	74.606	46.8	
42486.0104166667	74.624	46.4	
42487.875	74.663	100	
42475.8125	74.699	54.4	
42485.4375	74.7645161290323	100	
42478.75	74.789	100	
42464.5208333333	74.816	52	
42487.0833333333	74.8244827586207	46.4	
42480.8020833333	74.864	53.6	
42468.53125	74.876	62	
42486.40625	74.876	47.2	
42471.8020833333	74.8828571428571	100	
42486	74.894	46.8	
42465.8125	74.972	54.8	
42482.8125	74.972	54.8	
42479.4791666667	75.02	54.8	
42487	75.02	46.8	
42487.0104166667	75.02	46.8	
42487.0208333333	75.02	46.4	
42487.03125	75.02	46.4	
42487.0416666667	75.02	46.4	
42487.0520833333	75.02	47.2	
42487.0625	75.02	46.8	
42487.0729166667	75.02	46.8	
42489.0833333333	75.02	46.8	
42489.09375	75.02	46.8	
42489.0416666667	75.041724137931	53.6	
42465.5104166667	75.062	100	
42471.6354166667	75.062	100	
42475.6354166667	75.062	100	
42489.0520833333	75.088275862069	52	
42486.9895833333	75.092	47.2	
42467.8125	75.113	60.8	
42481.8125	75.113	100	
42479.4895833333	75.12	55.6	
42480.6666666667	75.125	100	
42486.4166666667	75.125	46.8	
42478.7083333333	75.1325	100	
42489.0625	75.1348275862069	49.6	
42485.9895833333	75.14	46.8	
42489.03125	75.14	55.6	
42478.7395833333	75.18	100	
42489.0729166667	75.1813793103448	48	
42475.8020833333	75.194	67.2	
42486.9791666667	75.22625	46.8	
42468.5416666667	75.251	56.8	
42489.1041666667	75.2927272727273	48	
42488.4270833333	75.3114285714286	100	
42480.6770833333	75.35	100	
42486.4270833333	75.35	48.8	
42466.7916666667	75.353	100	
42468.7916666667	75.353	53.2	
42485.9791666667	75.365	46.8	
42489.0208333333	75.365	59.2	
42485.9479166667	75.3862068965517	46.8	
42486.90625	75.3862068965517	46.4	
42486.9479166667	75.3862068965517	48	
42478.6145833333	75.392	48.4	
42482.4479166667	75.392	88	
42487.4895833333	75.392	100	
42487.8645833333	75.428	100	
42466.5520833333	75.458	100	
42467.46875	75.458	48	
42478.7291666667	75.48	100	
42481.6458333333	75.482	100	
42486.96875	75.5075	47.2	
42479.8541666667	75.527	54.8	
42464.53125	75.536	53.6	
42485.4479166667	75.541052631579	100	
42480.6875	75.575	100	
42486.4375	75.575	50.4	
42480.7916666667	75.584	54.8	
42471.7916666667	75.59	100	
42485.96875	75.59	46.8	
42489.0104166667	75.59	63.2	
42475.7916666667	75.689	98.8	
42489.1145833333	75.7018181818182	47.2	
42468.5520833333	75.746	53.2	
42478.71875	75.78	99.6	
42486.9583333333	75.78875	46.8	
42480.6979166667	75.8	100	
42486.4479166667	75.8	58.4	
42485.9583333333	75.815	47.2	
42489	75.815	95.6	
42465.5208333333	75.827	100	
42471.6458333333	75.827	100	
42475.6458333333	75.827	100	
42464.8020833333	75.836	53.2	
42485.9375	75.851724137931	47.2	
42486.8958333333	75.851724137931	48	
42486.9375	75.851724137931	48	
42467.8020833333	75.878	62.4	
42481.8020833333	75.878	100	
42471.7395833333	75.92	100	
42471.75	75.92	100	
42471.7604166667	75.92	100	
42471.7708333333	75.92	100	
42471.78125	75.92	100	
42478.625	75.92	47.2	
42478.6354166667	75.92	52	
42478.6458333333	75.92	53.2	
42478.65625	75.92	50.8	
42478.6666666667	75.92	48.8	
42478.6770833333	75.92	50.8	
42478.6875	75.92	61.2	
42478.6979166667	75.92	100	
42485.4583333333	75.92	100	
42464.5416666667	76.046	53.6	
42480.7083333333	76.046	100	
42489.125	76.046	47.2	
42479.5	76.0503448275862	56.8	
42468.78125	76.064	53.6	
42471.6979166667	76.064	100	
42480.78125	76.064	82.4	
42488.9895833333	76.064	100	
42482.4583333333	76.172	79.2	
42486.4583333333	76.172	91.6	
42487.5	76.172	100	
42487.8541666667	76.193	100	
42466.78125	76.208	100	
42475.78125	76.208	100	
42465.8020833333	76.232	58.8	
42482.8020833333	76.232	56.4	
42468.5625	76.241	52.4	
42464.5520833333	76.316	54.4	
42480.71875	76.316	100	
42489.1354166667	76.316	46	
42485.9270833333	76.3172413793103	46.8	
42486.8854166667	76.3172413793103	48.8	
42486.9270833333	76.3172413793103	46.8	
42479.5104166667	76.3296551724138	57.6	
42468.7708333333	76.334	56.4	
42471.6875	76.334	100	
42480.7708333333	76.334	100	
42488.9791666667	76.334	100	
42488.4375	76.4042857142857	100	
42471.7083333333	76.4413793103448	100	
42481.65625	76.472	86	
42466.5625	76.493	100	
42467.4791666667	76.493	53.2	
42479.84375	76.562	92	
42464.5625	76.586	54.8	
42480.7291666667	76.586	100	
42489.1458333333	76.586	46.4	
42465.53125	76.592	100	
42471.65625	76.592	100	
42475.65625	76.592	100	
42468.7604166667	76.604	59.2	
42471.6770833333	76.604	100	
42480.7604166667	76.604	100	
42488.96875	76.604	100	
42479.5208333333	76.6089655172414	58.8	
42467.7916666667	76.643	64	
42481.7916666667	76.643	100	
42482.46875	76.712	81.6	
42486.46875	76.712	89.6	
42487.5104166667	76.712	100	
42468.5729166667	76.736	51.6	
42466.7708333333	76.748	100	
42475.7708333333	76.748	100	
42471.7291666667	76.7507692307692	100	
42485.9166666667	76.7827586206897	46.8	
42486.875	76.7827586206897	55.6	
42486.9166666667	76.7827586206897	47.2	
42464.5729166667	76.856	54.4	
42480.7395833333	76.856	100	
42489.15625	76.856	46.8	
42468.75	76.874	58.4	
42471.6666666667	76.874	100	
42480.75	76.874	100	
42488.9583333333	76.874	100	
42479.53125	76.888275862069	60	
42487.84375	76.958	100	
42468.5833333333	77	50.8	
42468.59375	77	46.4	
42468.6041666667	77	48.8	
42468.6145833333	77	47.2	
42468.7083333333	77	56.4	
42468.71875	77	57.2	
42468.7291666667	77	52.4	
42468.7395833333	77	58	
42475.6666666667	77	100	
42475.6770833333	77	100	
42475.6875	77	100	
42475.6979166667	77	100	
42479.5416666667	77	61.6	
42489.28125	77	46.8	
42489.2916666667	77	47.2	
42489.3020833333	77	47.6	
42489.3125	77	48	
42489.3229166667	77	48.8	
42489.3333333333	77	47.6	
42489.34375	77	58.8	
42489.3541666667	77	77.6	
42489.3645833333	77	100	
42489.9791666667	77	52.8	
42489.9895833333	77	52	
42489.96875	77.0469565217391	51.6	
42475.7083333333	77.126	100	
42481.6666666667	77.126	55.6	
42489.1666666667	77.142641509434	47.2	
42481.78125	77.144	100	
42485.46875	77.144	100	
42488.9479166667	77.144	100	
42489.2708333333	77.1506976744186	46.8	
42464.5833333333	77.231	60	
42468.625	77.231	51.6	
42489.375	77.231	100	
42482.4791666667	77.252	71.2	
42486.4791666667	77.252	99.6	
42487.5208333333	77.252	100	
42468.6979166667	77.264	55.2	
42485.90625	77.264	46.4	
42486.8645833333	77.264	58	
42466.7604166667	77.288	100	
42475.7604166667	77.288	100	
42465.5416666667	77.357	100	
42464.7916666667	77.366	56.4	
42475.71875	77.396	100	
42481.6770833333	77.396	54	
42481.7708333333	77.414	100	
42488.9375	77.414	100	
42489.1770833333	77.4483018867925	47.2	
42465.7916666667	77.492	60.4	
42482.7916666667	77.492	61.6	
42488.4479166667	77.4971428571429	100	
42489.2604166667	77.5274418604651	47.2	
42466.5729166667	77.528	100	
42467.4895833333	77.528	48	
42479.5520833333	77.5321739130435	61.6	
42471.71875	77.5586206896552	100	
42479.8333333333	77.597	100	
42475.7291666667	77.666	100	
42481.6875	77.666	55.2	
42467.78125	77.672	63.6	
42481.7604166667	77.684	100	
42488.9270833333	77.684	100	
42487.8333333333	77.723	100	
42464.59375	77.726	58.4	
42468.6354166667	77.726	52	
42489.3854166667	77.726	100	
42489.9583333333	77.7513043478261	51.2	
42489.1875	77.7539622641509	46.8	
42468.6875	77.759	54	
42485.8958333333	77.759	47.2	
42486.8541666667	77.759	61.2	
42482.4895833333	77.792	80	
42486.4895833333	77.792	100	
42487.53125	77.792	100	
42466.75	77.828	100	
42475.75	77.828	100	
42489.25	77.9041860465116	48	
42475.7395833333	77.936	100	
42481.6979166667	77.936	56.8	
42481.75	77.954	81.2	
42488.9166666667	77.954	100	
42489.1979166667	78.0596226415094	46.8	
42481.7083333333	78.08	57.6	
42481.71875	78.08	58.8	
42481.7291666667	78.08	59.2	
42481.7395833333	78.08	64	
42482.5	78.08	89.6	
42482.5104166667	78.08	97.2	
42482.5208333333	78.08	90.4	
42482.53125	78.08	79.6	
42485.4791666667	78.08	100	
42485.4895833333	78.08	100	
42489.2083333333	78.08	48	
42489.21875	78.08	47.2	
42489.2291666667	78.08	47.6	
42489.2395833333	78.08	47.2	
42489.875	78.08	77.2	
42489.8854166667	78.08	72	
42489.8958333333	78.08	68.4	
42489.90625	78.08	63.2	
42489.9166666667	78.08	60	
42489.9270833333	78.08	57.6	
42489.9375	78.08	53.6	
42489.9479166667	78.08	53.2	
42465.5520833333	78.122	100	
42466.5833333333	78.185	100	
42467.5	78.185	49.6	
42482.5416666667	78.185	80.4	
42466.7395833333	78.2	100	
42479.8229166667	78.2	100	
42482.78125	78.2	64.4	
42488.90625	78.2	100	
42489.8645833333	78.2	93.2	
42464.6041666667	78.221	54.4	
42468.6458333333	78.221	52.4	
42489.3958333333	78.221	100	
42468.6770833333	78.254	51.6	
42485.8854166667	78.254	48.4	
42486.84375	78.254	64.8	
42487.5416666667	78.311	100	
42465.78125	78.344	60.4	
42466.59375	78.41	100	
42467.5104166667	78.41	52.4	
42482.5520833333	78.41	85.2	
42466.7291666667	78.425	100	
42479.8125	78.425	100	
42482.7708333333	78.425	68.8	
42488.8958333333	78.425	100	
42489.8541666667	78.425	100	
42486.5	78.4832	100	
42479.5625	78.53	65.6	
42488.4583333333	78.542	100	
42485.5	78.56	100	
42487.8229166667	78.608	100	
42466.6041666667	78.635	100	
42467.5208333333	78.635	52	
42482.5625	78.635	100	
42466.71875	78.65	100	
42479.8020833333	78.65	100	
42482.7604166667	78.65	71.2	
42488.8854166667	78.65	100	
42489.84375	78.65	100	
42464.6145833333	78.716	53.2	
42468.65625	78.716	50.8	
42489.40625	78.716	100	
42468.6666666667	78.749	50.8	
42485.875	78.749	53.6	
42486.8333333333	78.749	69.2	
42487.5520833333	78.806	100	
42489.8229166667	78.8284210526316	100	
42464.7708333333	78.839	58.4	
42465.7708333333	78.839	62	
42466.6145833333	78.86	100	
42467.53125	78.86	53.6	
42482.5729166667	78.86	100	
42466.7083333333	78.875	100	
42479.7916666667	78.875	100	
42482.75	78.875	72.8	
42488.875	78.875	100	
42489.8333333333	78.875	100	
42465.5625	78.887	100	
42489.8125	78.8994736842105	100	
42467.7708333333	78.932	59.2	
42489.8020833333	78.9705263157895	100	
42464.625	78.98	54	
42464.6354166667	78.98	53.6	
42464.6458333333	78.98	51.2	
42464.65625	78.98	58	
42489.4166666667	78.98	100	
42489.7708333333	79.0781818181818	100	
42464.6666666667	79.106	65.6	
42466.625	79.106	100	
42482.5833333333	79.106	100	
42466.6979166667	79.124	100	
42479.6979166667	79.124	100	
42482.7395833333	79.124	75.6	
42485.8645833333	79.124	54.8	
42479.7083333333	79.211	100	
42479.78125	79.244	100	
42486.8229166667	79.244	75.2	
42488.8645833333	79.244	100	
42487.5625	79.301	100	
42464.7604166667	79.334	58.8	
42465.7604166667	79.334	57.6	
42467.5416666667	79.337	55.6	
42486.5104166667	79.3472	100	
42464.6770833333	79.376	50.8	
42466.6354166667	79.376	100	
42482.59375	79.376	100	
42466.6875	79.394	100	
42479.6875	79.394	100	
42482.7291666667	79.394	79.2	
42485.8541666667	79.394	55.6	
42479.5729166667	79.5278260869565	100	
42488.46875	79.532	100	
42485.5104166667	79.5885714285714	100	
42487.8125	79.598	100	
42464.6875	79.646	48	
42466.6458333333	79.646	100	
42482.6041666667	79.646	100	
42489.78125	79.6485714285714	100	
42465.5729166667	79.652	100	
42466.6770833333	79.664	100	
42479.6770833333	79.664	100	
42482.71875	79.664	98.4	
42485.84375	79.664	57.2	
42489.7916666667	79.682	100	
42479.71875	79.706	100	
42479.7708333333	79.739	100	
42486.8125	79.739	93.6	
42488.8541666667	79.739	100	
42487.5729166667	79.796	100	
42489.7604166667	79.8145454545455	100	
42464.75	79.829	58	
42465.75	79.829	52	
42466.65625	79.916	100	
42482.6145833333	79.916	100	
42466.6666666667	79.934	100	
42479.6666666667	79.934	100	
42482.7083333333	79.934	100	
42485.8333333333	79.934	58	
42464.7083333333	80.06	47.2	
42464.7291666667	80.06	51.2	
42464.7395833333	80.06	53.6	
42465.5833333333	80.06	100	
42465.59375	80.06	100	
42465.6041666667	80.06	100	
42465.6145833333	80.06	100	
42482.625	80.06	100	
42482.6354166667	80.06	100	
42482.6458333333	80.06	100	
42482.65625	80.06	100	
42482.6666666667	80.06	100	
42482.6770833333	80.06	100	
42482.6875	80.06	100	
42482.6979166667	80.06	100	
42489.4270833333	80.06	100	
42489.75	80.06	100	
42467.5520833333	80.102	64.8	
42465.625	80.165	100	
42479.5833333333	80.165	100	
42465.7395833333	80.18	52.8	
42479.65625	80.18	100	
42467.7604166667	80.192	60.4	
42479.7291666667	80.201	100	
42486.5208333333	80.2112	100	
42479.7604166667	80.234	100	
42486.8020833333	80.234	100	
42488.84375	80.234	100	
42487.5833333333	80.291	100	
42489.4375	80.3511764705882	100	
42465.6354166667	80.39	100	
42479.59375	80.39	100	
42465.7291666667	80.405	53.2	
42479.6458333333	80.405	100	
42485.8229166667	80.444	59.6	
42488.4791666667	80.522	100	
42487.8020833333	80.588	100	
42465.6458333333	80.615	100	
42479.6041666667	80.615	100	
42485.5208333333	80.6171428571429	100	
42465.71875	80.63	56.4	
42479.6354166667	80.63	100	
42479.7395833333	80.696	100	
42479.75	80.729	100	
42486.7916666667	80.729	100	
42488.8333333333	80.729	100	
42489.4479166667	80.7482352941176	100	
42489.7395833333	80.78	100	
42487.59375	80.786	100	
42465.65625	80.84	100	
42479.6145833333	80.84	100	
42465.7083333333	80.855	59.6	
42479.625	80.855	100	
42467.5625	80.867	59.6	
42465.6666666667	80.96	100	
42465.6770833333	80.96	86.4	
42465.6875	80.96	70.8	
42465.6979166667	80.96	68	
42485.53125	80.96	100	
42489.7291666667	80.9884210526316	100	
42485.8125	81.164	61.6	
42485.5416666667	81.191	100	
42486.5520833333	81.268	100	
42487.6041666667	81.281	100	
42488.8229166667	81.368	100	
42486.53125	81.3714285714286	100	
42489.71875	81.4147368421053	100	
42467.75	81.452	59.2	
42486.78125	81.488	100	
42488.4895833333	81.512	100	
42487.7916666667	81.578	100	
42467.5729166667	81.632	57.2	
42489.4583333333	81.6472727272727	100	
42485.5520833333	81.686	100	
42487.6145833333	81.776	100	
42489.7083333333	81.8410526315789	100	
42485.8020833333	81.884	62	
42486.5625	81.928	100	
42467.7083333333	82.04	100	
42467.71875	82.04	99.2	
42467.7291666667	82.04	62	
42467.7395833333	82.04	55.6	
42486.5416666667	82.04	100	
42488.8125	82.133	100	
42467.5833333333	82.145	59.6	
42487.625	82.145	100	
42467.6979166667	82.16	100	
42487.78125	82.16	100	
42485.5625	82.181	100	
42488.5	82.271	100	
42467.59375	82.37	82	
42487.6354166667	82.37	100	
42467.6875	82.385	100	
42487.7708333333	82.385	100	
42486.7708333333	82.478	100	
42489.4895833333	82.4875675675676	100	
42486.5729166667	82.588	99.2	
42467.6041666667	82.595	100	
42487.6458333333	82.595	100	
42485.7916666667	82.604	74	
42467.6770833333	82.61	100	
42487.7604166667	82.61	100	
42489.6979166667	82.64	100	
42485.5729166667	82.676	100	
42489.4791666667	82.7064864864865	100	
42488.5104166667	82.766	100	
42467.6145833333	82.82	100	
42487.65625	82.82	100	
42467.6666666667	82.835	100	
42487.75	82.835	100	
42488.8020833333	82.898	100	
42489.46875	82.9254054054054	100	
42467.625	82.94	92	
42467.6354166667	82.94	74	
42467.6458333333	82.94	100	
42467.65625	82.94	100	
42487.6666666667	82.94	100	
42487.6770833333	82.94	100	
42487.6875	82.94	100	
42487.6979166667	82.94	100	
42487.7083333333	82.94	100	
42487.71875	82.94	100	
42487.7291666667	82.94	100	
42487.7395833333	82.94	100	
42489.5	82.94	100	
42489.5104166667	82.94	100	
42489.5208333333	82.94	100	
42489.53125	82.94	100	
42486.5833333333	83.171	100	
42489.6875	83.1875	100	
42488.5208333333	83.261	100	
42489.5416666667	83.2686956521739	100	
42485.5833333333	83.297	100	
42485.78125	83.348	89.6	
42486.7604166667	83.468	100	
42489.6770833333	83.525	100	
42488.7916666667	83.663	100	
42486.59375	83.666	80.8	
42488.53125	83.756	100	
42489.6666666667	83.8625	100	
42489.5520833333	83.9730434782609	100	
42489.5625	84.02	100	
42489.5729166667	84.02	100	
42485.59375	84.062	100	
42485.7708333333	84.113	100	
42486.6041666667	84.161	61.6	
42488.5416666667	84.251	100	
42489.5833333333	84.251	100	
42488.78125	84.284	100	
42489.65625	84.284	100	
42486.75	84.458	100	
42486.6145833333	84.656	58.4	
42488.5520833333	84.746	100	
42489.59375	84.746	100	
42488.7708333333	84.779	100	
42489.6458333333	84.779	100	
42485.6041666667	84.827	100	
42485.7604166667	84.878	100	
42486.625	84.92	62.4	
42486.6354166667	84.92	74	
42486.6458333333	84.92	80	
42486.65625	84.92	74	
42486.6666666667	84.92	72.4	
42486.6770833333	84.92	79.6	
42486.6875	84.92	100	
42486.6979166667	84.92	100	
42486.7083333333	84.92	100	
42486.71875	84.92	100	
42486.7291666667	84.92	100	
42486.7395833333	84.92	100	
42488.5625	85.241	100	
42489.6041666667	85.241	100	
42488.7604166667	85.274	100	
42489.6354166667	85.274	100	
42485.6145833333	85.592	100	
42485.75	85.643	100	
42488.5729166667	85.736	100	
42489.6145833333	85.736	100	
42488.75	85.769	100	
42489.625	85.769	100	
42485.625	86.126	95.6	
42488.5833333333	86.126	100	
42485.7395833333	86.144	100	
42488.7395833333	86.144	100	
42485.6354166667	86.396	100	
42488.59375	86.396	100	
42485.7291666667	86.414	100	
42488.7291666667	86.414	100	
42485.6458333333	86.666	100	
42488.6041666667	86.666	100	
42485.71875	86.684	100	
42488.71875	86.684	100	
42485.65625	86.936	100	
42488.6145833333	86.936	100	
42485.7083333333	86.954	100	
42488.7083333333	86.954	100	
42485.6666666667	87.08	100	
42485.6770833333	87.08	100	
42485.6875	87.08	100	
42485.6979166667	87.08	100	
42488.625	87.08	100	
42488.6354166667	87.08	100	
42488.6458333333	87.08	100	
42488.65625	87.08	100	
42488.6666666667	87.08	100	
42488.6770833333	87.08	100	
42488.6875	87.08	100	
42488.6979166667	87.08	100	
